"group.all" "pa" "lon" "lat" "wc2.0_bio_10m_04" "wc2.0_bio_10m_05" "wc2.0_bio_10m_13" "wc2.0_bio_10m_14"
"1" 2 1 -43.4183334 -22.5747223 224.895367340786 29.5942497253418 264 50
"3" 1 1 -43.2486111 -22.9688889 208.661170152281 30.5919399261475 183 42
"4" 2 1 -44.6794445 -23.0677778 240.523107731965 27.6232051849365 276 49
"7" 3 1 -43.8916667 -21.7 212.204339697165 26.9095001220703 283 19
"8" 1 1 -42.5494444 -22.5222223 226.986982361933 30.2532501220703 179 24
"9" 1 1 -40.525 -20.2677778 201.95813180513 28.7824993133545 199 53
"10" 3 1 -40.5166667 -19.95 198.71825799419 28.324499130249 202 50
"11" 3 1 -39.9325 -19.1352777 190.344188663569 31.0419998168945 178 43
"13" 1 1 -43.0002778 -22.7716667 216.073247765545 31.3978729248047 192 35
"14" 3 1 -42.0333333 -20.7666667 233.749530495031 29.4362506866455 229 20
"16" 2 1 -42.25 -22.5 233.71841059257 29.2142505645752 204 26
"19" 3 1 -42.05 -22 239.18107407733 30.7325000762939 226 22
"20" 1 1 -42.5 -22.55 224.37537142215 31.5580005645752 169 26
"23" 2 1 -44.5666667 -22.25 239.404208246186 25.8430004119873 316 25
"1100" 2 0 -46.5833333333333 -24.0833333333333 241.37659490582 30.0209426879883 326 105
"2" 1 0 -45.9166666666667 -21.75 241.402594408079 30.0302505493164 291 28
"3100" 1 0 -39.75 -17.9166666666667 171.970497227211 30.9422492980957 164 73
"4100" 2 0 -40.5833333333333 -18.25 182.023658873026 31.7257499694824 175 32
"5" 3 0 -46.0833333333333 -22.75 262.547886329424 26.9462509155273 298 30
"6" 2 0 -44.75 -20.75 210.436822964215 28.3827495574951 340 17
"7100" 2 0 -42.75 -22.5833333333333 225.582326700791 31.72825050354 184 26
"8100" 3 0 -41.75 -21.5833333333333 229.116020904658 31.9230003356934 196 19
"983" 1 0 -44.25 -23.25 215.095423564943 30.9303569793701 242 58
"1010" 2 0 -45.4166666666667 -21.5833333333333 255.2386890172 30.0982494354248 278 20
"1110" 2 0 -45.4166666666667 -23.4166666666667 254.016347583938 26.6319999694824 259 38
"12" 2 0 -42.4166666666667 -22.25 246.971130520618 26.9512500762939 244 27
"1310" 2 0 -42.75 -21.4166666666667 228.409292547206 31.5709991455078 240 13
"1410" 1 0 -40.9166666666667 -21.9166666666667 195.097635372237 31.1512813568115 149 27
"15" 1 0 -43.9166666666667 -20.5833333333333 206.389308801457 28.6402492523193 286 13
"1610" 1 0 -44.0833333333333 -22.75 235.462515679425 29.1912498474121 245 25
"17" 3 0 -44.0833333333333 -20.5833333333333 203.556135158774 28.525749206543 294 15
"18" 1 0 -44.75 -20.9166666666667 214.710687684546 28.5949993133545 363 18
"1910" 2 0 -46.4166666666667 -23.4166666666667 238.054457589845 26.5667495727539 232 37
"2010" 1 0 -43.25 -21.0833333333333 220.501721023019 29.0139999389648 265 20
"21" 2 0 -42.0833333333333 -19.25 191.208112473924 31.9745006561279 225 17
"22" 1 0 -45.4166666666667 -23.9166666666667 253.134091569881 28.072078704834 314 98
"2310" 3 0 -44.25 -21.75 222.50964072295 27.7432498931885 295 18
"24" 1 0 -44.5833333333333 -20.25 199.127796021147 29.0042495727539 322 15
"25" 2 0 -42.9166666666667 -19.75 222.73793174456 29.6215000152588 301 14
"26" 1 0 -40.5833333333333 -20.9166666666667 201.988225446365 31.1000003814697 173 40
"27" 2 0 -41.5833333333333 -18.0833333333333 190.396128636497 30.835750579834 194 19
"28" 1 0 -46.5833333333333 -23.25 230.091963586373 25.84375 239 29
"29" 3 0 -42.5833333333333 -22.9166666666667 214.593578164833 30.4172840118408 175 25
"30" 3 0 -39.0833333333333 -17.5833333333333 161.895875140324 30.3999996185303 178 68
"31" 2 0 -43.5833333333333 -20.75 217.971069993097 29.472749710083 271 17
"32" 3 0 -45.0833333333333 -20.25 219.51660295684 30.1380004882812 294 15
"33" 1 0 -46.4166666666667 -23.5833333333333 242.41066424181 26.5354995727539 248 50
"34" 1 0 -41.0833333333333 -20.75 211.279704199846 31.0195007324219 187 32
"35" 1 0 -41.0833333333333 -21.25 207.983517518674 31.8757495880127 166 30
"36" 2 0 -42.4166666666667 -21.75 242.128053432813 31.6380004882812 248 19
"37" 2 0 -42.75 -20.0833333333333 220.910226649558 31.9009990692139 255 13
"38" 1 0 -43.4166666666667 -20.0833333333333 210.260377638007 28.3425006866455 310 15
"39" 3 0 -45.0833333333333 -22.5833333333333 242.368619838637 29.2747497558594 268 23
"40" 2 0 -40.25 -19.4166666666667 194.782685048218 31.3699989318848 187 36
"41" 1 0 -46.0833333333333 -22.0833333333333 231.399446228166 28.5739994049072 290 30
"42" 1 0 -41.4166666666667 -18.9166666666667 183.987461583708 31.8867492675781 195 21
"43" 1 0 -41.25 -19.9166666666667 205.908361829353 29.7942504882812 208 32
"44" 1 0 -40.5833333333333 -20.0833333333333 200.611415571913 29.0212497711182 200 51
"45" 3 0 -41.25 -17.5833333333333 187.579407609571 31.6352500915527 174 21
"46" 3 0 -40.4166666666667 -18.75 185.894894299463 31.535249710083 178 37
"47" 3 0 -44.5833333333333 -20.0833333333333 198.9254454699 29.8514995574951 325 14
"48" 3 0 -40.0833333333333 -18.75 186.434159896479 31.3179988861084 173 42
"49" 3 0 -43.5833333333333 -21.5833333333333 211.024661953887 28.4307498931885 279 17
"50" 1 0 -42.9166666666667 -20.9166666666667 234.227059170199 29.7127494812012 249 19
"51" 2 0 -43.75 -23.0833333333333 202.808018448587 31 185 46
"52" 3 0 -41.5833333333333 -21.4166666666667 221.287153518514 32.0332489013672 193 22
"53" 2 0 -41.25 -19.0833333333333 188.904667681584 32.2369995117188 192 22
"54" 1 0 -45.75 -21.5833333333333 250.892785138133 30.4029998779297 282 25
"55" 2 0 -43.0833333333333 -22.9166666666667 205.996435823287 30.5669612884521 183 26
"56" 1 0 -40.9166666666667 -18.0833333333333 184.019798860117 31.7889995574951 178 26
"57" 1 0 -44.4166666666667 -21.9166666666667 232.101274747443 28.1702499389648 295 20
"58" 2 0 -42.0833333333333 -21.75 245.032744165707 32.2014999389648 218 17
"59" 3 0 -39.5833333333333 -17.9166666666667 168.77164621912 30.6772499084473 172 86
"60" 2 0 -44.0833333333333 -21.5833333333333 215.713107344545 27.8187503814697 290 17
"61" 1 0 -42.5833333333333 -19.0833333333333 212.389551550235 30.1860008239746 273 15
"62" 3 0 -44.75 -20.25 210.847245736987 30.32200050354 305 14
"63" 3 0 -41.5833333333333 -18.5833333333333 185.165629370873 31.5254993438721 199 21
"64" 2 0 -45.0833333333333 -22.75 224.91558168542 30.1704998016357 248 22
"65" 3 0 -44.4166666666667 -20.4166666666667 199.124484059648 28.7192497253418 319 15
"66" 2 0 -41.25 -18.4166666666667 185.873056881499 30.91575050354 188 23
"67" 1 0 -44.9166666666667 -21.25 228.165096992246 29.4400005340576 315 21
"68" 1 0 -42.9166666666667 -21.5833333333333 227.226957502467 30.1807498931885 256 15
"69" 1 0 -44.9166666666667 -21.75 231.398786284682 29.3032493591309 304 18
"70" 2 0 -42.4166666666667 -22.75 221.585810244845 31.6410007476807 165 28
"71" 2 0 -41.75 -21.25 230.045169502594 32.1455001831055 205 19
"72" 2 0 -44.25 -19.75 188.797470229588 30.1800003051758 305 13
"73" 3 0 -45.5833333333333 -20.75 237.844992124856 30.1984996795654 282 19
"74" 2 0 -39.9166666666667 -19.75 197.32300076419 31.2549285888672 188 49
"75" 1 0 -42.4166666666667 -20.75 234.129422432345 28.1159992218018 244 19
"76" 1 0 -40.0833333333333 -19.75 196.662922586559 31.1103076934814 190 47
"77" 2 0 -40.75 -19.9166666666667 199.679056178456 29.2040004730225 202 45
"78" 2 0 -46.4166666666667 -21.25 233.63290296926 29.3600006103516 265 19
"79" 3 0 -44.9166666666667 -22.0833333333333 263.065801160641 29.3322505950928 294 19
"80" 3 0 -44.0833333333333 -21.9166666666667 220.918376923143 26.757999420166 287 20
"81" 2 0 -41.0833333333333 -20.0833333333333 206.51879264585 29.8087501525879 204 35
"82" 2 0 -42.25 -20.25 228.950125917562 29.7057495117188 238 18
"83" 1 0 -45.5833333333333 -21.25 246.178222870356 30.0289993286133 274 23
"84" 3 0 -41.4166666666667 -19.25 191.126759748572 30.8332500457764 202 23
"85" 1 0 -40.4166666666667 -20.4166666666667 202.729269883659 31.3872451782227 194 53
"86" 3 0 -43.0833333333333 -19.5833333333333 223.206681396004 28.9457492828369 328 12
"87" 2 0 -41.75 -19.75 208.559458185376 30.9965000152588 212 20
"88" 1 0 -46.0833333333333 -21.4166666666667 239.200467440404 29.986499786377 278 23
"89" 2 0 -43.4166666666667 -21.5833333333333 211.220073174135 28.683500289917 278 17
"90" 3 0 -46.4166666666667 -23.75 242.799301228811 25.9282493591309 293 84
"91" 3 0 -46.5833333333333 -23.9166666666667 246.640389543589 26.4114990234375 322 101
"92" 2 0 -40.5833333333333 -18.5833333333333 185.615827576915 31.6975002288818 179 33
"93" 1 0 -40.75 -18.0833333333333 182.465997349402 31.6872501373291 176 29
"94" 2 0 -46.0833333333333 -21.0833333333333 238.067615676841 29.8372497558594 275 21
"95" 3 0 -40.0833333333333 -17.4166666666667 173.546138078663 31.4885005950928 143 41
"96" 1 0 -42.5833333333333 -19.25 202.455484728581 30.9482498168945 266 14
"97" 2 0 -46.4166666666667 -22.0833333333333 218.860302618785 27.875 295 28
"98" 1 0 -43.0833333333333 -20.9166666666667 230.862298600419 29.4382495880127 257 19
"99" 2 0 -46.5833333333333 -23.5833333333333 238.662329133921 27.6049995422363 246 42
"100" 1 0 -46.75 -23.75 242.816063505106 26.0130004882812 265 57
"101" 3 0 -41.25 -21.9166666666667 197.323209757836 32.0929985046387 150 29
"102" 1 0 -44.0833333333333 -22.5833333333333 241.661150985167 30.1299991607666 243 21
"103" 1 0 -40.4166666666667 -19.0833333333333 191.803815286934 31.3255004882812 184 36
"104" 3 0 -46.0833333333333 -21.5833333333333 234.707751336881 29.8780002593994 287 25
"105" 2 0 -40.5833333333333 -19.4166666666667 194.725129309469 31.2647495269775 191 34
"106" 2 0 -43.25 -19.9166666666667 219.449199398151 29.474250793457 315 13
"107" 3 0 -43.4166666666667 -19.9166666666667 212.569916332102 29.6817493438721 316 15
"108" 2 0 -42.25 -20.4166666666667 231.681830809474 28.7549991607666 240 20
"109" 1 0 -43.5833333333333 -22.0833333333333 227.332425924093 29.2207508087158 223 20
"110" 3 0 -45.5833333333333 -21.75 254.584785914341 30.1735000610352 287 23
"111" 3 0 -40.9166666666667 -19.5833333333333 194.65674842219 31.4487495422363 195 31
"112" 3 0 -42.25 -22.5833333333333 222.494579820247 31.6639995574951 172 29
"113" 3 0 -41.4166666666667 -17.75 188.352903508422 30.9564990997314 180 20
"114" 1 0 -45.75 -22.25 255.142870963263 29.9270000457764 272 26
"115" 3 0 -45.25 -23.25 256.896457964274 27.0454998016357 259 31
"116" 3 0 -41.0833333333333 -20.9166666666667 211.156726031498 31.6112499237061 180 30
"117" 3 0 -41.9166666666667 -20.0833333333333 224.115329041404 30.0890007019043 221 18
"118" 1 0 -45.4166666666667 -21.0833333333333 240.292576287386 30.0890007019043 281 22
"119" 3 0 -46.25 -22.4166666666667 239.444051963749 27.4309997558594 294 29
"120" 3 0 -45.75 -21.0833333333333 241.95609150591 30.0499992370605 278 21
"121" 2 0 -43.0833333333333 -21.0833333333333 226.177043746355 29.4977493286133 254 18
"122" 2 0 -42.9166666666667 -19.4166666666667 222.213756559229 28.5284996032715 314 14
"123" 3 0 -46.25 -23.75 244.557768619309 25.683500289917 320 96
"124" 3 0 -41.0833333333333 -18.75 186.399824745365 30.956750869751 189 25
"125" 3 0 -46.4166666666667 -24.0833333333333 245.019710180057 31.4921054840088 324 105
"126" 1 0 -45.0833333333333 -20.4166666666667 220.603768049939 29.7779998779297 293 16
"127" 3 0 -44.4166666666667 -22.25 241.427651632247 27.2137508392334 285 21
"128" 3 0 -46.4166666666667 -21.4166666666667 227.158067435067 28.7465000152588 268 19
"129" 3 0 -44.5833333333333 -23.4166666666667 225.329811580546 30.3095245361328 286 94
"130" 1 0 -42.4166666666667 -19.25 191.737891800946 32.6609992980957 241 12
"131" 2 0 -40.9166666666667 -17.75 184.711195203354 31.982250213623 174 26
"132" 1 0 -41.25 -21.0833333333333 214.320506552139 30.9657497406006 184 30
"133" 3 0 -41.9166666666667 -22.75 209.160784464896 29.8675441741943 154 35
"134" 2 0 -43.75 -20.25 199.121937508679 28.3107490539551 304 11
"135" 2 0 -44.9166666666667 -23.0833333333333 252.762507816019 27.1875 247 27
"136" 1 0 -43.0833333333333 -22.4166666666667 223.031153298619 25.5939998626709 296 43
"137" 2 0 -44.4166666666667 -20.9166666666667 211.268193541494 28.1380004882812 330 15
"138" 1 0 -44.5833333333333 -19.9166666666667 196.966434372838 29.8802490234375 326 13
"139" 1 0 -40.9166666666667 -18.9166666666667 188.196098028 30.20924949646 191 29
"140" 1 0 -41.75 -20.9166666666667 230.433713442357 29.769250869751 217 24
"141" 1 0 -46.75 -23.4166666666667 229.674859728908 26.3675003051758 237 36
"142" 1 0 -44.4166666666667 -22.4166666666667 240.027048894181 30.5812492370605 265 20
"143" 2 0 -40.25 -17.4166666666667 177.263921972551 31.7427501678467 159 37
"144" 2 0 -44.9166666666667 -20.4166666666667 218.719878161709 30.1019992828369 293 15
"145" 2 0 -41.25 -21.75 197.109814043183 32.4355010986328 162 26
"146" 3 0 -41.0833333333333 -18.9166666666667 188.739784593683 30.0572490692139 194 27
"147" 3 0 -46.0833333333333 -22.9166666666667 261.992796717401 25.7759990692139 301 31
"148" 3 0 -40.0833333333333 -19.25 193.911606113284 31.28125 184 40
"149" 3 0 -46.4166666666667 -23.0833333333333 239.778668775234 26.6665000915527 242 28
"150" 3 0 -45.9166666666667 -21.9166666666667 237.682221259225 29.338249206543 292 29
"151" 1 0 -40.5833333333333 -20.5833333333333 203.110386036959 30.0622501373291 189 49
"152" 3 0 -43.75 -22.0833333333333 230.588058586308 29.2549991607666 230 17
"153" 2 0 -45.5833333333333 -22.9166666666667 241.814264177968 28.8647499084473 235 25
"154" 1 0 -43.0833333333333 -19.9166666666667 223.247900353235 29.8715000152588 306 14
"155" 2 0 -45.0833333333333 -20.5833333333333 217.026856454753 29.003999710083 303 17
"156" 3 0 -42.5833333333333 -20.75 237.825470994004 29.0047492980957 244 18
"157" 3 0 -44.4166666666667 -20.75 204.431626286441 27.7767505645752 327 16
"158" 1 0 -42.75 -19.75 215.744902833296 30.2115001678467 278 15
"159" 1 0 -41.9166666666667 -21.4166666666667 239.489631898988 31.4745006561279 217 19
"160" 2 0 -42.4166666666667 -21.0833333333333 237.652796813679 31.5405006408691 256 18
"161" 3 0 -46.5833333333333 -23.4166666666667 229.79547520473 26.3182506561279 239 35
"162" 1 0 -42.4166666666667 -21.4166666666667 240.988344227884 32.0009994506836 246 21
"163" 3 0 -41.5833333333333 -22.25 211.005980243189 31.5722770690918 177 37
"164" 3 0 -39.9166666666667 -17.4166666666667 169.877960293932 31.1962490081787 137 51
"165" 1 0 -42.0833333333333 -22.25 233.686273185832 28.871000289917 215 29
"166" 3 0 -46.4166666666667 -21.5833333333333 227.545805872748 29.4092502593994 275 20
"167" 2 0 -42.25 -21.0833333333333 239.798311810489 31.7152500152588 251 19
"168" 3 0 -40.4166666666667 -18.5833333333333 185.281665155027 31.7627506256104 176 36
"169" 3 0 -44.4166666666667 -23.25 216.076860855828 31.0777778625488 254 67
"170" 2 0 -43.5833333333333 -20.0833333333333 196.39187342766 26.6782493591309 321 18
"171" 1 0 -40.75 -18.9166666666667 188.13282942807 31.0575008392334 186 30
"172" 3 0 -46.0833333333333 -23.9166666666667 241.012538338348 30.8093757629395 360 127
"173" 1 0 -46.25 -23.9166666666667 241.570426159019 30.4627513885498 345 121
"174" 3 0 -43.75 -21.0833333333333 199.800031944084 26.9362506866455 279 19
"175" 1 0 -42.25 -18.9166666666667 198.430140618238 32.3484992980957 234 14
"176" 2 0 -45.4166666666667 -22.9166666666667 233.122780858791 29.6009998321533 226 22
"177" 1 0 -44.5833333333333 -21.25 222.897578355172 29.0387496948242 334 17
"178" 2 0 -41.5833333333333 -18.9166666666667 183.672523017382 32.6399993896484 197 19
"179" 1 0 -45.25 -20.4166666666667 218.953356643201 29.0319995880127 296 18
"180" 2 0 -45.25 -21.25 240.787533105276 29.8392505645752 283 22
"181" 3 0 -41.0833333333333 -18.0833333333333 186.454997423017 31.7622489929199 180 24
"182" 2 0 -42.4166666666667 -20.4166666666667 231.870762430598 28.9710006713867 246 20
"183" 3 0 -44.25 -20.25 197.365071929056 29.4839992523193 317 15
"184" 3 0 -46.25 -21.9166666666667 214.754494296786 28.6572494506836 293 28
"185" 2 0 -40.9166666666667 -18.75 186.647068270498 31.58424949646 186 26
"186" 3 0 -43.9166666666667 -19.75 189.196924361575 30.7397499084473 301 11
"187" 3 0 -40.4166666666667 -19.75 195.987194353919 30.4745006561279 195 45
"188" 2 0 -44.9166666666667 -21.4166666666667 228.558320699303 29.3352508544922 308 19
"189" 2 0 -42.75 -19.9166666666667 217.392548660489 31.4645004272461 263 13
"190" 2 0 -43.9166666666667 -20.9166666666667 205.093223071478 27.7497501373291 284 15
"191" 3 0 -45.25 -20.5833333333333 221.426803292951 29.0877494812012 298 18
"192" 1 0 -43.4166666666667 -20.75 220.383573955796 29.2492504119873 270 17
"193" 1 0 -40.9166666666667 -20.25 208.041716709374 27.9120006561279 203 44
"194" 2 0 -45.25 -22.25 265.204456474727 27.9987506866455 305 25
"195" 1 0 -42.5833333333333 -22.25 242.955123828067 26.0037498474121 264 30
"196" 1 0 -45.0833333333333 -21.9166666666667 267.889351045528 30.5477504730225 293 18
"197" 3 0 -42.4166666666667 -20.0833333333333 221.136589463987 31.1119995117188 238 14
"198" 1 0 -41.5833333333333 -19.0833333333333 185.141070046807 32.7467498779297 198 18
"199" 1 0 -45.5833333333333 -21.9166666666667 255.8826752678 30.0594997406006 290 23
"200" 2 0 -42.0833333333333 -21.5833333333333 248.903801779154 32.0400009155273 223 18
"201" 3 0 -40.0833333333333 -18.9166666666667 188.922020091559 31.2089996337891 176 40
"202" 2 0 -43.9166666666667 -20.25 189.44130414933 26.9082508087158 319 14
"203" 1 0 -42.5833333333333 -20.25 226.506460370319 31.0974998474121 246 15
"204" 1 0 -45.5833333333333 -23.4166666666667 251.407124838307 26.9519996643066 244 35
"205" 1 0 -39.9166666666667 -18.4166666666667 179.096128925182 31.0874996185303 170 55
"206" 1 0 -45.75 -23.25 248.798999592948 27.5497493743896 227 26
"207" 2 0 -41.25 -21.4166666666667 208.342962371479 32.2869987487793 174 28
"208" 2 0 -41.4166666666667 -19.75 202.949001444151 31.8632507324219 204 24
"209" 2 0 -40.5833333333333 -18.75 186.048780401755 31.5427494049072 181 34
"210" 2 0 -43.0833333333333 -20.5833333333333 232.183827315176 29.919750213623 262 18
"211" 2 0 -41.0833333333333 -21.9166666666667 196.772866990274 31.7897491455078 152 30
"212" 1 0 -40.25 -20.0833333333333 199.041878807237 31.2562675476074 195 56
"213" 3 0 -44.0833333333333 -22.4166666666667 241.548505969985 29.9957504272461 241 19
"214" 1 0 -40.75 -19.75 196.896692509875 30.6509990692139 198 39
"215" 3 0 -45.5833333333333 -22.75 297.153299712722 26.5667495727539 314 34
"216" 3 0 -42.75 -22.4166666666667 231.215315761927 28.1357498168945 233 30
"217" 3 0 -45.5833333333333 -23.9166666666667 250.488916545529 30.6000003814697 297 95
"218" 3 0 -43.75 -21.25 198.296740727896 27.175500869751 277 19
"219" 1 0 -46.0833333333333 -23.5833333333333 249.265313097784 26.2057495117188 262 61
"220" 2 0 -45.4166666666667 -20.75 232.252840098525 30.0252494812012 289 19
"221" 1 0 -43.4166666666667 -19.75 216.503413325226 30.3439998626709 318 13
"222" 3 0 -41.4166666666667 -20.4166666666667 216.945568870988 28.7935009002686 210 29
"223" 3 0 -41.75 -19.25 190.49691010724 31.8377494812012 209 18
"224" 3 0 -45.5833333333333 -22.25 261.82426983433 29.6709995269775 277 24
"225" 3 0 -45.0833333333333 -21.0833333333333 229.388686062684 29.5060005187988 308 22
"226" 2 0 -40.0833333333333 -17.75 175.676424798272 31.41575050354 155 43
"227" 2 0 -39.5833333333333 -17.4166666666667 164.61154502989 30.8519992828369 140 63
"228" 3 0 -44.5833333333333 -23.25 224.8919256169 30.4152431488037 285 85
"229" 2 0 -44.5833333333333 -22.75 251.561435306904 25.8279991149902 283 29
"230" 1 0 -45.75 -21.4166666666667 249.498364964747 30.3457508087158 274 24
"231" 2 0 -42.9166666666667 -22.5833333333333 224.785468985507 31.861499786377 197 32
"232" 2 0 -42.4166666666667 -20.9166666666667 237.684554204412 29.8465003967285 242 19
"233" 2 0 -39.4166666666667 -17.25 160.265625346016 30.628999710083 150 69
"234" 3 0 -43.4166666666667 -22.75 222.013055598437 31.9347496032715 229 54
"235" 2 0 -41.25 -18.75 185.172283698176 31.4860000610352 191 22
"236" 1 0 -44.25 -23.0833333333333 214.98527563791 30.7447376251221 246 54
"237" 2 0 -39.75 -18.9166666666667 187.284120805559 31.2260265350342 171 49
"238" 1 0 -41.0833333333333 -17.9166666666667 186.433519245363 31.5282497406006 178 25
"239" 3 0 -45.5833333333333 -20.5833333333333 235.432375498784 30.1792507171631 283 18
"240" 1 0 -41.4166666666667 -20.5833333333333 218.584259499775 29.6752490997314 205 28
"241" 1 0 -44.25 -22.75 237.050571743082 27.6814994812012 258 28
"242" 1 0 -41.9166666666667 -19.25 192.4191102639 31.4992504119873 218 19
"243" 1 0 -40.5833333333333 -20.75 203.675668249218 31.2221794128418 179 43
"244" 3 0 -42.4166666666667 -19.75 207.674095187988 31.6840000152588 238 12
"245" 1 0 -42.5833333333333 -19.75 206.723031425037 31.8537502288818 247 10
"246" 2 0 -42.5833333333333 -19.5833333333333 198.227887469875 31.8687496185303 251 11
"247" 2 0 -45.5833333333333 -22.0833333333333 258.017406979926 29.9820003509521 283 23
"248" 1 0 -45.75 -23.9166666666667 249.529856394208 29.1000003814697 335 122
"249" 2 0 -40.0833333333333 -19.5833333333333 198.8217901148 31.3955001831055 189 43
"250" 1 0 -46.0833333333333 -23.4166666666667 245.057701450086 26.8427505493164 235 43
"251" 1 0 -40.4166666666667 -17.5833333333333 179.382493425614 31.5647506713867 166 35
"252" 1 0 -41.4166666666667 -20.0833333333333 211.662856802138 29.6429996490479 211 29
"253" 3 0 -39.4166666666667 -17.9166666666667 165.726722703922 30.4427356719971 178 85
"254" 1 0 -45.75 -22.5833333333333 264.740599756197 28.4249992370605 288 29
"255" 2 0 -40.5833333333333 -18.9166666666667 188.812309683142 31.4600009918213 183 33
"256" 1 0 -46.0833333333333 -20.9166666666667 233.755116979679 29.1702499389648 279 19
"257" 1 0 -40.0833333333333 -19.9166666666667 196.080935212595 30.9874134063721 191 50
"258" 2 0 -41.0833333333333 -17.5833333333333 186.833096692368 32.0250015258789 174 23
"259" 2 0 -41.25 -20.9166666666667 214.20839018743 30.8540000915527 190 29
"260" 3 0 -46.4166666666667 -23.25 235.205242660763 25.7072505950928 239 30
"261" 2 0 -45.25 -21.4166666666667 242.214543945898 29.6940002441406 284 21
"262" 1 0 -44.25 -21.9166666666667 226.455785078101 27.5607490539551 293 19
"263" 1 0 -42.25 -19.5833333333333 207.630670833948 30.6744995117188 237 17
"264" 3 0 -40.9166666666667 -20.4166666666667 208.633533433421 27.3117504119873 201 44
"265" 2 0 -45.4166666666667 -21.25 245.383657856058 30.0027503967285 275 22
"266" 1 0 -41.75 -20.0833333333333 217.635494511083 30.2477493286133 215 21
"267" 2 0 -45.5833333333333 -22.4166666666667 261.14444630047 29.9540004730225 265 23
"268" 2 0 -43.5833333333333 -20.25 201.195888190245 26.3740005493164 312 14
"269" 2 0 -43.0833333333333 -20.25 225.95334315129 30.5952491760254 275 15
"270" 2 0 -46.5833333333333 -23.75 242.352273797309 26.1119995117188 263 62
"271" 3 0 -43.9166666666667 -22.75 234.976602449768 29.7872505187988 234 27
"272" 3 0 -41.5833333333333 -20.0833333333333 215.025389827034 29.7177505493164 214 25
"273" 1 0 -43.75 -20.5833333333333 207.345196916397 28.1620006561279 287 13
"274" 3 0 -40.0833333333333 -17.9166666666667 176.500543965531 31.4547500610352 160 47
"275" 2 0 -44.0833333333333 -21.0833333333333 213.42854758606 28.2612495422363 289 14
"276" 1 0 -42.75 -21.5833333333333 231.375572041758 30.8567504882812 245 16
"277" 2 0 -42.5833333333333 -20.5833333333333 236.268658786674 29.5844993591309 246 17
"278" 3 0 -41.25 -19.25 190.62885560707 32.0314979553223 194 23
"279" 2 0 -45.9166666666667 -21.5833333333333 243.598836098175 30.1492500305176 287 27
"280" 2 0 -41.4166666666667 -18.5833333333333 186.325022195583 30.6247501373291 197 21
"281" 3 0 -45.4166666666667 -22.4166666666667 267.606435559854 28.9605007171631 275 23
"282" 3 0 -46.4166666666667 -22.75 240.893240038724 26.8312492370605 275 28
"283" 3 0 -44.0833333333333 -20.4166666666667 197.85148934218 28.894250869751 301 11
"284" 3 0 -42.4166666666667 -21.9166666666667 245.832020093409 29.7817497253418 257 21
"285" 2 0 -46.75 -23.0833333333333 231.516548592641 27.40625 227 30
"286" 1 0 -42.9166666666667 -22.0833333333333 232.556249102492 28.599250793457 276 24
"287" 1 0 -41.4166666666667 -21.4166666666667 212.643407090021 32.0082511901855 185 25
"288" 3 0 -43.25 -20.9166666666667 224.974331753184 29.3929996490479 263 19
"289" 1 0 -42.25 -19.75 214.46914607817 30.77174949646 232 14
"290" 1 0 -46.25 -24.0833333333333 241.192202548521 30.5318183898926 323 115
"291" 2 0 -42.0833333333333 -20.25 228.979656503513 29.0949993133545 233 20
"292" 1 0 -43.4166666666667 -21.25 216.093618442881 29.7037506103516 266 18
"293" 2 0 -40.75 -17.75 182.428601646238 32.0455017089844 172 29
"294" 1 0 -41.5833333333333 -18.25 189.365822330437 31.3152503967285 196 18
"295" 3 0 -40.9166666666667 -20.9166666666667 209.03182361327 31.7474994659424 173 37
"296" 2 0 -40.75 -19.4166666666667 194.459389673853 31.1569995880127 192 32
"297" 2 0 -41.5833333333333 -20.25 219.249775268636 29.16575050354 216 27
"298" 1 0 -45.5833333333333 -23.75 249.741454665879 28.859691619873 302 90
"299" 3 0 -44.5833333333333 -23.0833333333333 223.327600536719 31.2055034637451 285 64
"300" 1 0 -42.0833333333333 -22.4166666666667 223.853484621141 30.6712493896484 195 32
"301" 3 0 -40.9166666666667 -20.0833333333333 205.703444910216 27.794750213623 206 45
"302" 2 0 -44.0833333333333 -21.4166666666667 211.836514061721 27.9002494812012 291 16
"303" 3 0 -43.0833333333333 -19.25 229.870157361385 30.5149993896484 300 11
"304" 1 0 -46.0833333333333 -23.75 244.623401180995 27.9840545654297 336 107
"305" 1 0 -44.75 -20.4166666666667 209.40884591599 29.6075000762939 306 15
"306" 3 0 -40.5833333333333 -20.4166666666667 202.693838581199 30.0292491912842 195 51
"307" 3 0 -39.75 -19.5833333333333 194.504860669599 30.9230766296387 185 52
"308" 2 0 -39.5833333333333 -18.0833333333333 171.141727765187 30.687629699707 190 85
"309" 3 0 -44.0833333333333 -20.9166666666667 208.947602840667 28.1284999847412 292 15
"310" 2 0 -44.9166666666667 -22.25 271.431016637267 29.3857498168945 281 18
"311" 1 0 -41.5833333333333 -18.4166666666667 188.846144696122 31.8334999084473 197 19
"312" 1 0 -43.25 -19.25 232.717052776312 30.7325000762939 301 11
"313" 2 0 -42.4166666666667 -19.5833333333333 197.937053504395 31.9702491760254 239 12
"314" 1 0 -42.0833333333333 -18.5833333333333 196.556536326151 32.5952491760254 220 17
"315" 2 0 -42.0833333333333 -18.9166666666667 188.620160134986 32.8692512512207 219 15
"316" 2 0 -43.4166666666667 -22.4166666666667 224.745045165997 28.043249130249 258 38
"317" 2 0 -41.0833333333333 -22.0833333333333 196.582029966311 31.0784320831299 151 30
"318" 3 0 -45.9166666666667 -23.5833333333333 252.684602924357 25.8057498931885 271 64
"319" 1 0 -39.5833333333333 -18.25 172.469465471984 30.5111103057861 184 79
"320" 3 0 -41.5833333333333 -21.75 214.965689521956 31.6205005645752 188 25
"321" 2 0 -40.75 -17.4166666666667 183.053111211847 31.8287506103516 172 29
"322" 2 0 -42.9166666666667 -18.9166666666667 231.467944535619 28.8420009613037 301 14
"323" 1 0 -41.4166666666667 -21.25 215.18988189044 31.8850002288818 187 24
"324" 1 0 -40.0833333333333 -17.5833333333333 174.338566572225 31.5327491760254 147 40
"325" 2 0 -41.9166666666667 -19.5833333333333 208.577134867405 30.5809993743896 221 18
"326" 1 0 -41.9166666666667 -18.9166666666667 183.497392506521 32.7845001220703 210 17
"327" 1 0 -42.4166666666667 -19.0833333333333 202.407814539801 30.9519996643066 254 15
"328" 3 0 -43.9166666666667 -22.4166666666667 240.779674914358 29.4549999237061 241 21
"329" 3 0 -40.25 -19.75 197.135079913809 31.2689990997314 193 44
"330" 2 0 -44.4166666666667 -22.0833333333333 234.13958499135 27.4594993591309 299 22
"331" 1 0 -41.5833333333333 -19.4166666666667 200.296850143183 30.0827503204346 211 21
"332" 3 0 -41.25 -20.0833333333333 209.095252430211 29.2290000915527 210 33
"333" 1 0 -41.75 -20.5833333333333 227.359766658714 28.0832500457764 224 24
"334" 2 0 -40.75 -20.5833333333333 206.725012453856 29.6667499542236 190 46
"335" 3 0 -39.75 -17.5833333333333 169.235331178074 31.0997505187988 140 60
"336" 3 0 -42.9166666666667 -19.0833333333333 228.772540290218 29.871000289917 297 12
"337" 1 0 -40.25 -18.25 181.840589589678 31.8662490844727 170 41
"338" 2 0 -45.9166666666667 -22.9166666666667 258.041090967528 26.6337509155273 286 33
"339" 3 0 -41.5833333333333 -19.5833333333333 201.755401986867 31.9532508850098 204 20
"340" 1 0 -42.0833333333333 -21.25 241.464018282497 31.9799995422363 236 18
"341" 1 0 -43.75 -19.5833333333333 200.317670322203 30.44700050354 302 9
"342" 2 0 -45.4166666666667 -20.25 224.723296977697 29.9624996185303 288 16
"343" 2 0 -40.75 -19.25 193.028413058054 31.419750213623 189 30
"344" 1 0 -41.75 -21.0833333333333 230.063088488508 30.9042491912842 212 21
"345" 2 0 -45.4166666666667 -23.0833333333333 246.026116829457 27.9857501983643 225 21
"346" 3 0 -42.5833333333333 -21.5833333333333 235.413268119595 30.9832496643066 249 19
"347" 3 0 -44.9166666666667 -20.75 216.663556158674 28.972749710083 326 18
"348" 3 0 -43.0833333333333 -19.0833333333333 231.423341352044 29.443000793457 303 12
"349" 2 0 -40.0833333333333 -18.4166666666667 181.707450172454 31.5227508544922 170 45
"350" 1 0 -44.25 -22.5833333333333 235.91817379894 30.0697498321533 254 20
"351" 2 0 -45.75 -22.9166666666667 257.294410584956 27.257999420166 286 33
"352" 3 0 -42.4166666666667 -22.4166666666667 238.465462305837 27.4512500762939 222 27
"353" 1 0 -39.25 -17.9166666666667 163.821071289824 30.182222366333 183 78
"354" 2 0 -46.5833333333333 -21.5833333333333 227.196457173672 29.1152496337891 269 18
"355" 2 0 -41.75 -21.9166666666667 222.8522355425 31.5602493286133 196 26
"356" 3 0 -42.0833333333333 -20.4166666666667 228.876694592816 27.8852500915527 238 23
"357" 2 0 -40.5833333333333 -17.4166666666667 180.574417547159 31.5890007019043 170 33
"358" 3 0 -39.25 -17.75 163.575702510965 30.2322044372559 183 75
"359" 1 0 -45.4166666666667 -23.25 253.999106552525 27.4692497253418 238 26
"360" 3 0 -40.0833333333333 -19.4166666666667 196.379878606082 31.2950000762939 186 38
"361" 1 0 -45.0833333333333 -21.75 251.949460154854 30.2285003662109 292 16
"362" 1 0 -43.9166666666667 -22.9166666666667 221.806490446597 29.7308750152588 229 35
"363" 1 0 -45.4166666666667 -21.4166666666667 247.730371453729 29.6940002441406 275 21
"364" 3 0 -41.5833333333333 -21.9166666666667 213.551407478272 32.445499420166 183 28
"365" 3 0 -42.75 -21.75 233.738320242025 30.2337493896484 264 19
"366" 3 0 -43.25 -21.5833333333333 218.46299485827 29.5944995880127 268 17
"367" 2 0 -42.4166666666667 -18.9166666666667 210.630576877809 30.5604991912842 260 16
"368" 2 0 -40.5833333333333 -19.0833333333333 190.906851164887 31.464750289917 185 33
"369" 3 0 -46.25 -23.4166666666667 241.321351710723 26.5410003662109 230 40
"370" 2 0 -44.4166666666667 -21.4166666666667 224.579193540614 28.9792499542236 308 16
"371" 2 0 -45.25 -23.0833333333333 254.363802387144 27.6742496490479 245 23
"372" 2 0 -43.9166666666667 -23.0833333333333 203.654246846543 31.690279006958 202 49
"373" 1 0 -43.0833333333333 -22.25 226.546988201059 27.8525009155273 281 34
"374" 2 0 -44.5833333333333 -21.5833333333333 222.039451478865 28.3682498931885 312 19
"375" 3 0 -42.25 -21.5833333333333 248.709795224372 32.1162490844727 244 20
"376" 1 0 -39.5833333333333 -17.25 162.330024377564 30.7497501373291 143 63
"377" 1 0 -44.25 -21.4166666666667 220.132255651462 28.9659996032715 298 15
"378" 1 0 -40.0833333333333 -18.25 180.305823918365 31.6765003204346 168 48
"379" 3 0 -40.9166666666667 -20.75 209.639174800473 29.4750003814697 187 41
"380" 2 0 -41.9166666666667 -22.9166666666667 206.281211375464 28.8173904418945 146 33
"381" 3 0 -41.0833333333333 -18.5833333333333 186.84535569261 30.7049999237061 188 24
"382" 2 0 -43.0833333333333 -20.4166666666667 229.006746754194 30.3417491912842 267 17
"383" 2 0 -41.9166666666667 -21.25 237.587699125409 32.3607482910156 217 17
"384" 1 0 -44.9166666666667 -21.0833333333333 224.312046762993 29.2395000457764 337 21
"385" 1 0 -45.75 -24.0833333333333 251.03980830841 29.2000007629395 334 110
"386" 2 0 -44.75 -21.25 225.789759014843 29.3015003204346 334 20
"387" 3 0 -45.0833333333333 -22.25 277.505827920314 29.7862491607666 283 21
"388" 2 0 -45.0833333333333 -23.4166666666667 244.080558542274 29.5547695159912 318 83
"389" 3 0 -41.4166666666667 -20.25 214.809520554028 27.6637496948242 217 34
"390" 2 0 -41.0833333333333 -21.75 196.832804208436 32.2142066955566 150 28
"391" 1 0 -44.0833333333333 -21.75 216.78833289242 27.2689990997314 291 18
"392" 2 0 -43.4166666666667 -21.4166666666667 211.029005608285 28.8700008392334 279 17
"393" 2 0 -45.5833333333333 -21.0833333333333 243.570838024091 30.21875 277 22
"394" 2 0 -45.4166666666667 -20.4166666666667 225.069223284879 29.6464996337891 288 18
"395" 2 0 -40.9166666666667 -19.25 191.505248257687 30.2194995880127 194 32
"396" 2 0 -46.4166666666667 -23.9166666666667 240.292112835886 30.2969093322754 332 106
"397" 3 0 -41.75 -18.25 191.621341955365 31.956750869751 201 16
"398" 3 0 -40.5833333333333 -17.9166666666667 182.059709058358 31.7614994049072 171 33
"399" 3 0 -45.25 -22.9166666666667 231.851131607726 28.7810001373291 239 21
"400" 2 0 -40.9166666666667 -18.4166666666667 184.225241937831 30.2455005645752 184 28
"401" 1 0 -43.4166666666667 -20.4166666666667 216.998171243878 28.3729991912842 290 17
"402" 1 0 -44.0833333333333 -20.0833333333333 186.431472376292 29.1515007019043 320 15
"403" 3 0 -41.9166666666667 -23.0833333333333 200.276665958176 28.0499992370605 148 34
"404" 3 0 -42.0833333333333 -19.5833333333333 211.557742756689 30.2292499542236 230 18
"405" 2 0 -41.0833333333333 -21.4166666666667 203.170609698183 31.7640228271484 160 28
"406" 3 0 -45.5833333333333 -21.5833333333333 254.963685866909 30.3120002746582 276 22
"407" 2 0 -42.25 -21.9166666666667 242.707343148639 30.9834995269775 238 20
"408" 2 0 -40.75 -20.75 207.53118923279 31.1707077026367 181 42
"409" 3 0 -40.75 -18.25 183.357598806501 31.7762489318848 177 28
"410" 3 0 -40.25 -17.9166666666667 178.764695846409 31.6119995117188 164 40
"411" 2 0 -40.75 -20.4166666666667 207.037472186652 28.4169998168945 197 48
"412" 2 0 -41.5833333333333 -19.9166666666667 210.006858748974 30.6784992218018 210 22
"413" 2 0 -41.75 -18.75 182.222277458054 32.7075004577637 201 20
"414" 3 0 -41.25 -21.5833333333333 203.496048558977 32.5974998474121 170 26
"415" 2 0 -42.0833333333333 -22.75 215.885073338957 30.9004993438721 158 33
"416" 2 0 -43.25 -21.4166666666667 221.294727753283 30.2584991455078 261 14
"417" 1 0 -40.9166666666667 -21.0833333333333 206.527868695411 31.5105266571045 166 34
"418" 3 0 -44.5833333333333 -22.4166666666667 242.997149261353 27.1714992523193 295 26
"419" 1 0 -44.4166666666667 -20.5833333333333 203.087952310065 28.6887493133545 317 15
"420" 2 0 -43.0833333333333 -23.0833333333333 191.398362041906 29.5 158 37
"421" 2 0 -44.0833333333333 -19.75 184.694330164141 30.2387504577637 302 12
"422" 3 0 -43.25 -22.75 218.842894428596 31.9824504852295 204 52
"423" 1 0 -41.75 -22.4166666666667 211.605578640642 31.1025981903076 198 42
"424" 3 0 -42.25 -20.0833333333333 226.048096790686 29.9039993286133 236 16
"425" 2 0 -40.9166666666667 -17.5833333333333 184.575165489908 31.8857498168945 173 26
"426" 3 0 -44.4166666666667 -21.75 231.648038832271 28.9297504425049 294 19
"427" 2 0 -44.5833333333333 -21.75 232.598642841054 29.2212505340576 300 19
"428" 3 0 -41.75 -20.4166666666667 216.206206940486 25.0195007324219 236 27
"429" 3 0 -41.9166666666667 -18.4166666666667 192.217673892434 32.3552513122559 210 16
"430" 3 0 -44.75 -22.0833333333333 238.84469965281 26.9314994812012 320 23
"431" 2 0 -43.5833333333333 -22.75 220.468079496702 32.3170013427734 226 47
"432" 3 0 -40.75 -18.5833333333333 185.440569068582 31.6637496948242 181 29
"433" 1 0 -43.75 -20.9166666666667 207.01347498578 28.2285003662109 278 18
"434" 1 0 -46.4166666666667 -21.75 218.895867799456 28.6777496337891 284 24
"435" 3 0 -40.4166666666667 -20.75 201.858793839832 31 183 45
"436" 1 0 -43.5833333333333 -20.5833333333333 208.748745700572 26.9527492523193 291 15
"437" 2 0 -39.9166666666667 -17.9166666666667 174.141608593882 31.1597499847412 160 60
"438" 2 0 -42.0833333333333 -22.0833333333333 238.416612735846 28.1892490386963 228 28
"439" 1 0 -46.4166666666667 -21.9166666666667 214.090602386476 27.9787502288818 299 27
"440" 2 0 -46.5833333333333 -23.0833333333333 236.613043891437 26.9685001373291 234 29
"441" 1 0 -44.5833333333333 -21.0833333333333 222.186889736976 29.1027507781982 350 17
"442" 2 0 -43.25 -20.25 222.42859056949 29.951000213623 285 14
"443" 3 0 -44.75 -21.0833333333333 222.399252642235 29.1182498931885 364 19
"444" 3 0 -45.9166666666667 -22.4166666666667 250.321055590288 29.6229991912842 269 28
"445" 1 0 -43.25 -23.0833333333333 198.438594688945 30.9599990844727 159 41
"446" 1 0 -44.75 -20.5833333333333 206.609347834001 28.6237506866455 318 16
"447" 3 0 -39.9166666666667 -18.9166666666667 187.895512505191 31.1240005493164 174 45
"448" 3 0 -44.25 -22.0833333333333 229.495748596241 26.8020000457764 292 22
"449" 2 0 -42.0833333333333 -20.5833333333333 232.517260414284 28.3595008850098 233 19
"450" 3 0 -39.25 -17.4166666666667 160.984812388505 30.3886070251465 160 73
"451" 1 0 -46.0833333333333 -21.9166666666667 226.338271967341 28.5310001373291 297 29
"452" 1 0 -44.25 -20.75 204.831417469076 27.8959999084473 311 16
"453" 3 0 -45.75 -20.9166666666667 230.849301375609 28.74049949646 289 21
"454" 1 0 -45.4166666666667 -20.5833333333333 230.221568574997 30.0809993743896 287 17
"455" 1 0 -43.75 -22.25 233.837049871881 29.1302509307861 232 21
"456" 3 0 -40.9166666666667 -19.9166666666667 199.63571570416 30.2687492370605 201 39
"457" 2 0 -42.0833333333333 -19.9166666666667 222.77850513662 28.6415004730225 238 19
"458" 2 0 -45.9166666666667 -23.0833333333333 244.96007114377 27.7759990692139 234 29
"459" 1 0 -42.75 -22.0833333333333 237.472507590857 28.2272491455078 275 25
"460" 2 0 -39.9166666666667 -19.25 193.807963092077 31.1907501220703 182 45
"461" 2 0 -41.0833333333333 -17.4166666666667 186.25785879285 31.7430000305176 171 23
"462" 1 0 -40.5833333333333 -18.4166666666667 184.769313983945 31.8285007476807 177 32
"463" 2 0 -42.25 -22.75 220.220046177863 31.3857498168945 157 31
"464" 1 0 -42.75 -19.4166666666667 219.200506776029 28.3512496948242 301 16
"465" 1 0 -46.5833333333333 -21.9166666666667 226.843896127681 27.1219997406006 305 26
"466" 2 0 -43.0833333333333 -19.4166666666667 226.165732638049 30.0314998626709 315 12
"467" 1 0 -44.0833333333333 -22.25 238.460306081967 29.0692501068115 248 18
"468" 2 0 -45.0833333333333 -20.0833333333333 214.496921410239 30.2292499542236 298 14
"469" 2 0 -46.5833333333333 -22.5833333333333 235.990440909624 28.1177501678467 249 26
"470" 3 0 -45.4166666666667 -22.0833333333333 258.296527676361 28.6877498626709 301 22
"471" 3 0 -45.25 -23.5833333333333 246.647062277562 29.8293743133545 303 82
"472" 3 0 -39.75 -18.75 183.795665221338 31.169116973877 167 50
"473" 1 0 -40.5833333333333 -18.0833333333333 182.69867411464 31.7217502593994 174 33
"474" 3 0 -43.0833333333333 -19.75 223.046336693022 29.8635005950928 315 11
"475" 1 0 -42.5833333333333 -21.75 238.565841531061 31.2840003967285 255 19
"476" 1 0 -44.9166666666667 -22.75 243.402199194998 28.7032508850098 247 22
"477" 3 0 -42.9166666666667 -22.4166666666667 230.480802557151 27.2337493896484 276 37
"478" 1 0 -45.0833333333333 -23.5833333333333 244.53742592936 30.1416664123535 312 95
"479" 1 0 -46.4166666666667 -22.9166666666667 238.658617890378 26.6797504425049 254 28
"480" 3 0 -44.25 -20.4166666666667 198.073657573874 28.7329998016357 313 14
"481" 1 0 -44.0833333333333 -20.25 196.149510097763 29.5799999237061 307 13
"482" 3 0 -43.25 -21.75 215.249042249172 28.5419998168945 269 18
"483" 2 0 -40.0833333333333 -17.25 171.606461782357 31.1557502746582 149 48
"484" 1 0 -43.9166666666667 -21.5833333333333 207.865088503621 27.1777496337891 287 18
"485" 3 0 -42.9166666666667 -22.9166666666667 210.886550398527 31.1229362487793 187 23
"486" 3 0 -43.75 -22.5833333333333 235.789090323721 30.3657493591309 240 33
"487" 1 0 -43.25 -20.5833333333333 226.856431112706 29.5197505950928 270 17
"488" 1 0 -41.4166666666667 -18.25 188.390951770244 31.7880001068115 187 18
"489" 1 0 -40.25 -17.25 176.265111355774 31.5230007171631 159 43
"490" 3 0 -44.5833333333333 -20.5833333333333 209.092433798608 29.2102508544922 317 15
"491" 2 0 -41.9166666666667 -19.4166666666667 196.853657891873 31.2007503509521 218 18
"492" 2 0 -42.9166666666667 -20.25 227.655164564464 30.9759998321533 263 15
"493" 2 0 -41.4166666666667 -19.0833333333333 186.446072000801 31.4330005645752 199 22
"494" 1 0 -42.0833333333333 -21.0833333333333 238.77222578429 31.5757503509521 234 17
"495" 3 0 -41.0833333333333 -19.9166666666667 202.374918754058 30.9384994506836 202 32
"496" 1 0 -42.25 -20.5833333333333 236.111714017097 28.9325008392334 236 18
"497" 2 0 -46.25 -23.25 239.842749167225 26.6377506256104 233 33
"498" 1 0 -41.75 -20.75 230.096827412981 29.394250869751 218 25
"499" 1 0 -46.0833333333333 -23.0833333333333 243.191479710601 27.1145000457764 244 32
"500" 1 0 -43.9166666666667 -19.9166666666667 184.240976321507 29.7137508392334 320 14
"501" 1 0 -41.5833333333333 -21.25 222.053849313996 31.4977493286133 197 22
"502" 2 0 -41.4166666666667 -18.75 184.450335701215 31.5147495269775 194 21
"503" 1 0 -42.9166666666667 -23.0833333333333 205.187918313688 31.2999992370605 168 24
"504" 2 0 -41.0833333333333 -19.4166666666667 192.305443875081 32.3440017700195 193 24
"505" 3 0 -45.0833333333333 -22.0833333333333 278.916387323741 30.25950050354 288 20
"506" 3 0 -43.5833333333333 -22.4166666666667 231.961658986551 28.8197498321533 241 32
"507" 2 0 -43.5833333333333 -21.0833333333333 206.609903618167 28.088249206543 278 20
"508" 3 0 -45.75 -21.9166666666667 250.909109605373 30.3369998931885 285 26
"509" 2 0 -41.5833333333333 -20.75 224.631174018726 30.1432495117188 208 26
"510" 2 0 -44.0833333333333 -23.25 207.763237366241 31.2299995422363 217 53
"511" 3 0 -45.75 -23.75 248.738429144786 28.5783672332764 314 93
"512" 2 0 -46.0833333333333 -22.5833333333333 250.210196961936 28.2632503509521 282 30
"513" 1 0 -45.25 -22.0833333333333 268.816248726578 29.878999710083 295 21
"514" 2 0 -43.9166666666667 -22.5833333333333 244.980350749231 29.830249786377 235 24
"515" 3 0 -45.9166666666667 -22.0833333333333 241.324954525141 29.5752506256104 282 28
"516" 2 0 -41.9166666666667 -19.9166666666667 220.771729324981 29.6647491455078 224 20
"517" 1 0 -44.75 -22.4166666666667 246.922440799371 25.7674999237061 313 28
"518" 1 0 -43.25 -21.25 222.21151573737 30.224250793457 257 16
"519" 3 0 -42.4166666666667 -19.4166666666667 189.403759859753 32.4392509460449 239 12
"520" 3 0 -40.4166666666667 -18.25 182.001698527792 31.8309993743896 172 38
"521" 1 0 -41.75 -21.4166666666667 230.597774792618 32.1209983825684 201 20
"522" 1 0 -42.0833333333333 -18.75 192.968996365839 32.0139999389648 223 18
"523" 1 0 -41.4166666666667 -18.4166666666667 186.021739881415 31.5284996032715 191 21
"524" 3 0 -46.0833333333333 -22.4166666666667 245.864789168245 28.1714992523193 289 30
"525" 1 0 -40.9166666666667 -17.9166666666667 184.341813644225 31.7670001983643 176 27
"526" 1 0 -41.4166666666667 -20.9166666666667 220.706813863948 30.076000213623 200 29
"527" 3 0 -44.9166666666667 -23.25 247.266330418422 27.4584999084473 290 59
"528" 1 0 -46.25 -21.25 237.71771255462 29.8997497558594 271 21
"529" 1 0 -44.5833333333333 -20.9166666666667 212.384937246583 28.3502502441406 352 17
"530" 2 0 -46.4166666666667 -22.5833333333333 237.605515867947 27.144250869751 277 27
"531" 3 0 -39.9166666666667 -18.0833333333333 175.366672135882 31.1132507324219 166 63
"532" 2 0 -41.75 -19.5833333333333 204.125872978887 30.9409999847412 212 19
"533" 3 0 -41.25 -18.25 185.952284172365 31.6242504119873 184 21
"534" 3 0 -44.4166666666667 -21.0833333333333 221.280531336584 28.8784999847412 324 14
"535" 1 0 -46.5833333333333 -22.9166666666667 237.788790322737 27.4532508850098 234 29
"536" 3 0 -41.9166666666667 -22.0833333333333 227.08297512456 30.4654998779297 209 28
"537" 1 0 -42.75 -20.75 240.641661503251 29.5939998626709 247 20
"538" 1 0 -43.25 -22.0833333333333 229.72346942066 29.9039993286133 251 26
"539" 1 0 -41.5833333333333 -21.0833333333333 223.927834816686 31.224250793457 202 23
"540" 1 0 -42.4166666666667 -19.9166666666667 216.92341147626 31.1317501068115 240 13
"541" 3 0 -42.75 -22.9166666666667 212.830809078182 30.4030303955078 186 23
"542" 1 0 -44.75 -21.9166666666667 237.333854117031 28.6132507324219 304 19
"543" 2 0 -40.9166666666667 -21.4166666666667 199.291675440193 30.8192310333252 151 26
"544" 2 0 -46.5833333333333 -22.75 236.920793531176 27.3092498779297 248 28
"545" 2 0 -43.5833333333333 -21.4166666666667 204.930866125526 27.7972507476807 298 18
"546" 1 0 -45.25 -20.75 222.883975416575 29.0865001678467 304 19
"547" 2 0 -42.9166666666667 -21.0833333333333 230.365744546988 31.2320003509521 238 14
"548" 3 0 -45.9166666666667 -22.25 249.112316316517 30.1247501373291 268 28
"549" 2 0 -45.0833333333333 -23.0833333333333 248.650110956443 28.1307506561279 243 25
"550" 1 0 -42.25 -21.25 240.625015911756 31.4787502288818 251 20
"551" 1 0 -42.25 -18.75 205.214467063697 30.5287494659424 245 17
"552" 3 0 -44.75 -22.9166666666667 254.826503733993 26.4762496948242 261 28
"553" 3 0 -42.0833333333333 -21.4166666666667 244.977257311026 31.5 235 19
"554" 3 0 -44.25 -22.9166666666667 225.79050339855 29.4820518493652 256 40
"555" 1 0 -43.9166666666667 -20.75 205.987125762617 28.1650009155273 285 14
"556" 3 0 -43.4166666666667 -19.25 224.637681180372 29.4257507324219 309 14
"557" 3 0 -41.0833333333333 -20.25 209.215654212158 28.2002506256104 207 40
"558" 3 0 -41.75 -19.0833333333333 185.160380022334 32.6117515563965 205 19
"559" 3 0 -41.4166666666667 -18.0833333333333 188.20086473921 30.4405002593994 189 20
"560" 3 0 -39.25 -17.5833333333333 163.323789895076 30.437463760376 172 73
"561" 2 0 -43.5833333333333 -19.4166666666667 202.174383007683 27.4522495269775 318 9
"562" 1 0 -41.9166666666667 -19.75 214.821260286675 29.9597492218018 221 19
"563" 2 0 -42.9166666666667 -21.25 227.906090519331 31.2777500152588 242 13
"564" 2 0 -40.5833333333333 -19.5833333333333 194.531633866486 31.46875 193 37
"565" 1 0 -41.5833333333333 -20.9166666666667 225.583538187973 29.0779991149902 211 29
"566" 1 0 -44.25 -22.25 240.308520085739 28.7169990539551 259 18
"567" 3 0 -42.9166666666667 -21.75 229.778006503948 29.2709999084473 271 20
"568" 3 0 -45.5833333333333 -23.5833333333333 254.926327838915 26.5652503967285 281 59
"569" 1 0 -45.75 -20.5833333333333 236.923977387933 30.0970001220703 286 19
"570" 2 0 -42.9166666666667 -19.25 223.880339590913 29.793249130249 299 12
"571" 1 0 -42.25 -22.9166666666667 213.967518732785 29.2265625 154 29
"572" 3 0 -41.75 -20.25 221.065075231041 29.1674995422363 220 24
"573" 3 0 -42.4166666666667 -22.9166666666667 216.424240957944 30.7070827484131 164 28
"574" 1 0 -40.25 -18.5833333333333 185.245401582864 31.7544994354248 173 39
"575" 1 0 -46.25 -22.0833333333333 220.765844313065 28.0277500152588 297 29
"576" 2 0 -44.4166666666667 -20.0833333333333 194.799346372691 29.6240005493164 333 15
"577" 2 0 -41.25 -20.75 214.778437883768 31.9657497406006 190 26
"578" 2 0 -41.5833333333333 -19.75 205.709924337463 31.5027503967285 207 21
"579" 3 0 -40.75 -17.5833333333333 182.602438647588 31.8582496643066 172 28
"580" 2 0 -42.75 -21.25 229.173959591824 30.5114994049072 241 15
"581" 2 0 -39.75 -19.0833333333333 190.221762220926 31.1419467926025 174 50
"582" 2 0 -39.75 -18.0833333333333 173.203890857043 30.9037494659424 177 78
"583" 2 0 -42.9166666666667 -20.5833333333333 236.638058551355 30.02174949646 255 19
"584" 1 0 -42.5833333333333 -21.25 233.121704360694 31.4120006561279 242 17
"585" 2 0 -45.75 -23.5833333333333 258.725177251656 25.3290004730225 287 58
"586" 1 0 -43.9166666666667 -21.0833333333333 205.672862757134 27.6770000457764 282 16
"587" 2 0 -43.0833333333333 -20.75 233.022223312666 29.6474990844727 257 19
"588" 2 0 -44.9166666666667 -20.25 219.137901654134 30.5305004119873 297 14
"589" 1 0 -45.9166666666667 -22.75 284.494075110964 25.9060001373291 324 34
"590" 3 0 -39.75 -18.25 174.166412251831 30.7455005645752 178 72
"591" 1 0 -43.25 -19.5833333333333 222.351851593512 29.1107501983643 335 12
"592" 1 0 -41.9166666666667 -20.9166666666667 232.889821261547 30.0494995117188 223 21
"593" 1 0 -41.25 -17.9166666666667 186.526047868289 31.0769996643066 180 23
"594" 3 0 -40.25 -18.9166666666667 189.19133013952 31.2127494812012 178 37
"595" 2 0 -42.4166666666667 -20.25 227.652716696331 29.9249992370605 243 17
"596" 1 0 -40.25 -18.75 186.847933120768 31.456750869751 175 39
"597" 2 0 -40.4166666666667 -18.0833333333333 181.998370628112 31.8367500305176 170 36
"598" 3 0 -45.9166666666667 -23.25 248.71692139592 27.9694995880127 224 29
"599" 3 0 -39.4166666666667 -17.4166666666667 161.542471722872 30.597749710083 152 71
"600" 2 0 -43.25 -21.9166666666667 222.315387990146 28.9069995880127 251 21
"601" 2 0 -43.0833333333333 -21.5833333333333 225.097621730146 30.2880001068115 261 14
"602" 3 0 -45.5833333333333 -21.4166666666667 252.682438935833 30.2954998016357 270 23
"603" 1 0 -46.75 -23.5833333333333 238.368873317549 27.19700050354 249 41
"604" 3 0 -42.5833333333333 -19.9166666666667 215.071335385718 32.3465003967285 244 11
"605" 1 0 -43.25 -20.0833333333333 220.05560036707 29.7124996185303 300 14
"606" 2 0 -45.5833333333333 -20.4166666666667 232.646144703402 30.3232498168945 281 17
"607" 3 0 -41.9166666666667 -21.5833333333333 239.956805629055 31.5399990081787 207 18
"608" 3 0 -43.4166666666667 -23.0833333333333 203.515458622326 32.1304359436035 165 46
"609" 2 0 -43.75 -19.75 189.850788096242 29.7097492218018 312 11
"610" 2 0 -44.9166666666667 -22.5833333333333 240.487731231811 29.9262504577637 262 22
"611" 2 0 -45.0833333333333 -21.4166666666667 235.292241439395 29.6354999542236 293 19
"612" 3 0 -46.4166666666667 -22.4166666666667 231.15398007049 28.1847496032715 272 26
"613" 1 0 -39.9166666666667 -18.75 183.999383526575 31.1049995422363 170 45
"614" 3 0 -44.0833333333333 -21.25 214.785060912897 28.3899993896484 288 14
"615" 2 0 -39.5833333333333 -17.75 167.074083177743 30.7182502746582 160 74
"616" 1 0 -42.5833333333333 -20.0833333333333 219.806811052218 32.0692481994629 245 13
"617" 2 0 -43.9166666666667 -22.25 235.174831335445 28.9152507781982 243 19
"618" 1 0 -41.9166666666667 -20.25 226.250082028564 29.5289993286133 223 21
"619" 2 0 -44.25 -21.0833333333333 220.706457865314 28.7817497253418 302 13
"620" 2 0 -41.5833333333333 -21.5833333333333 216.897042484115 31.7119998931885 191 23
"621" 1 0 -42.5833333333333 -19.4166666666667 198.955433898811 31.0235004425049 264 13
"622" 2 0 -43.9166666666667 -21.4166666666667 205.227947929581 27.4432506561279 285 17
"623" 2 0 -40.75 -18.4166666666667 184.754710614846 31.8847503662109 179 29
"624" 2 0 -40.75 -21.0833333333333 203.361905054893 31.5799999237061 165 34
"625" 3 0 -40.75 -18.75 185.950352958212 31.5669994354248 183 30
"626" 2 0 -40.4166666666667 -20.5833333333333 200.877755101403 31.2018260955811 187 49
"627" 3 0 -45.25 -20.25 218.307605281435 29.5330009460449 296 17
"628" 2 0 -44.25 -20.0833333333333 193.989179172948 30.1037502288818 322 14
"629" 3 0 -41.5833333333333 -17.9166666666667 190.546383178227 30.816499710083 191 18
"630" 3 0 -41.0833333333333 -19.0833333333333 189.113698261741 31.3369998931885 192 26
"631" 1 0 -40.9166666666667 -17.4166666666667 185.176375065395 31.746000289917 172 27
"632" 3 0 -43.5833333333333 -19.9166666666667 195.590173090417 27.8062496185303 327 18
"633" 2 0 -39.9166666666667 -17.25 167.296040783533 31.0555000305176 143 53
"634" 2 0 -40.9166666666667 -19.0833333333333 190.014307845005 30.2257499694824 192 30
"635" 1 0 -46.0833333333333 -22.25 238.71770791964 29.4064998626709 272 29
"636" 3 0 -45.75 -21.75 251.342477860598 30.4575004577637 286 26
"637" 2 0 -40.9166666666667 -21.25 203.035883900953 31.3127994537354 158 29
"638" 1 0 -46.75 -22.25 228.157774332215 28.4472503662109 267 23
"639" 1 0 -45.0833333333333 -21.25 233.007163055369 29.6062507629395 296 22
"640" 3 0 -42.9166666666667 -22.25 232.256873750647 27.039249420166 290 31
"641" 1 0 -43.9166666666667 -20.4166666666667 195.604051144223 27.5537490844727 304 13
"642" 2 0 -43.4166666666667 -19.5833333333333 219.696780209419 30.2945003509521 319 11
"643" 3 0 -39.25 -17.25 159.883997516252 30.4521732330322 154 73
"644" 2 0 -40.4166666666667 -19.4166666666667 194.576818554903 30.6805000305176 190 39
"645" 1 0 -44.75 -22.75 255.628472534439 26.4419994354248 275 28
"646" 2 0 -45.25 -23.4166666666667 253.524477245173 26.8874683380127 284 49
"647" 1 0 -43.75 -22.4166666666667 237.516631944763 29.2872505187988 240 25
"648" 1 0 -40.4166666666667 -20.0833333333333 200.929119881336 31.2000007629395 197 53
"649" 2 0 -40.0833333333333 -18.5833333333333 182.978098665511 31.3659992218018 171 43
"650" 1 0 -43.75 -21.5833333333333 210.307838854483 28.0160007476807 280 17
"651" 1 0 -46.25 -22.75 247.525143991042 27.2237491607666 282 28
"652" 2 0 -45.4166666666667 -22.25 265.913392645 28.8487491607666 288 24
"653" 1 0 -41.25 -18.9166666666667 186.760150843013 31.3257503509521 193 22
"654" 3 0 -41.0833333333333 -18.4166666666667 185.665810811508 30.1595001220703 188 26
"655" 1 0 -40.5833333333333 -17.25 181.223797135413 31.5795001983643 170 34
"656" 2 0 -41.4166666666667 -22.25 206.264607958144 31.4723072052002 153 33
"657" 2 0 -43.4166666666667 -20.25 214.930584678293 28.9375 296 14
"658" 3 0 -41.25 -19.4166666666667 195.936154028143 31.9820003509521 196 23
"659" 2 0 -42.5833333333333 -21.4166666666667 233.670743148432 31.8657493591309 232 16
"660" 3 0 -40.0833333333333 -18.0833333333333 177.631082416055 31.4654998779297 165 50
"661" 1 0 -40.4166666666667 -17.9166666666667 181.210757661777 31.8442497253418 168 35
"662" 3 0 -41.4166666666667 -21.5833333333333 207.045985865796 32.3675003051758 183 26
"663" 1 0 -44.9166666666667 -20.0833333333333 217.376881100229 30.9462490081787 300 13
"664" 1 0 -45.5833333333333 -23.0833333333333 244.386531694172 28.5594997406006 218 23
"665" 2 0 -40.9166666666667 -19.4166666666667 192.886254170143 30.7075004577637 195 32
"666" 2 0 -43.9166666666667 -21.25 205.545891719192 27.7362499237061 281 16
"667" 1 0 -43.4166666666667 -19.4166666666667 214.491356283988 28.5074996948242 324 15
"668" 1 0 -41.4166666666667 -17.9166666666667 188.927488705471 31.1732501983643 183 20
"669" 2 0 -40.9166666666667 -22.0833333333333 194.776486742607 30.533332824707 149 27
"670" 3 0 -40.9166666666667 -20.5833333333333 208.992199310744 28.244499206543 195 43
"671" 3 0 -45.4166666666667 -20.9166666666667 235.596750081236 29.9777507781982 287 21
"672" 2 0 -39.75 -18.4166666666667 176.776132908161 30.8052139282227 172 63
"673" 3 0 -44.25 -20.9166666666667 212.136215220575 28.2362499237061 308 15
"674" 1 0 -43.0833333333333 -22.5833333333333 223.962871608933 29.9217491149902 228 44
"675" 3 0 -46.0833333333333 -21.25 239.722222462548 29.9564990997314 275 22
"676" 2 0 -42.0833333333333 -20.9166666666667 235.658411054765 30.894250869751 229 17
"677" 3 0 -40.4166666666667 -20.25 201.287162441032 31.0830326080322 198 55
"678" 3 0 -41.25 -19.5833333333333 198.049516916262 32.0270004272461 198 25
"679" 2 0 -43.25 -22.25 227.107189346426 29.005500793457 262 34
"680" 3 0 -42.25 -20.9166666666667 236.307758549382 29.4340000152588 239 22
"681" 3 0 -40.75 -19.5833333333333 195.177865370836 31.5954990386963 193 33
"682" 3 0 -39.75 -19.4166666666667 194.891285426025 31.1198616027832 182 51
"683" 2 0 -42.75 -18.9166666666667 229.096742210304 29.1009998321533 294 14
"684" 2 0 -41.9166666666667 -18.75 184.21869547279 32.7442512512207 208 18
"685" 3 0 -44.75 -21.75 232.696884992016 29.6135005950928 304 19
"686" 2 0 -44.9166666666667 -22.9166666666667 251.705028194751 28.0424995422363 237 22
"687" 3 0 -40.5833333333333 -17.5833333333333 180.172821080439 31.6895008087158 169 31
"688" 2 0 -46.75 -22.75 233.478847841381 27.3649997711182 232 29
"689" 2 0 -45.75 -23.4166666666667 251.842408749272 26.8754997253418 240 38
"690" 1 0 -42.9166666666667 -21.9166666666667 231.370250566083 29.6207504272461 271 21
"691" 3 0 -43.5833333333333 -20.9166666666667 215.920937841752 29.2705001831055 271 18
"692" 2 0 -40.25 -19.0833333333333 192.297496788418 31.3134994506836 182 38
"693" 1 0 -40.4166666666667 -17.75 179.153797294907 31.7432498931885 166 35
"694" 3 0 -41.9166666666667 -19.0833333333333 185.915093783025 32.3257484436035 214 20
"695" 1 0 -44.25 -20.5833333333333 198.717972423462 27.8207492828369 313 15
"696" 3 0 -44.0833333333333 -22.0833333333333 230.090263576178 27.9692497253418 264 18
"697" 1 0 -42.9166666666667 -20.0833333333333 224.118396010804 29.9032497406006 283 16
"698" 3 0 -43.0833333333333 -22.0833333333333 231.86883018303 30.130500793457 260 25
"699" 3 0 -43.4166666666667 -21.75 212.809699175365 28.2787494659424 264 18
"700" 3 0 -41.25 -18.5833333333333 185.660035221488 30.8649997711182 191 22
"701" 3 0 -44.0833333333333 -23.0833333333333 210.22538552851 30.8821430206299 231 48
"702" 3 0 -44.75 -22.5833333333333 241.9977964961 29.5307502746582 265 24
"703" 2 0 -39.9166666666667 -19.4166666666667 194.394287488748 30.9852504730225 185 45
"704" 2 0 -45.25 -22.5833333333333 270.136740851199 27.28125 294 28
"705" 2 0 -43.4166666666667 -22.0833333333333 225.669865556549 29.0480003356934 230 24
"706" 2 0 -45.0833333333333 -23.25 260.211006624335 25.8292503356934 274 37
"707" 3 0 -45.9166666666667 -22.5833333333333 259.569273332951 28.2912502288818 291 31
"708" 1 0 -45.5833333333333 -22.5833333333333 281.106211717953 27.6702499389648 299 30
"709" 3 0 -46.0833333333333 -21.75 225.16794092776 28.7465000152588 294 28
"710" 1 0 -46.5833333333333 -22.4166666666667 228.775503988892 28.1357498168945 263 25
"711" 1 0 -44.4166666666667 -23.0833333333333 217.430081826897 31.1771430969238 270 63
"712" 1 0 -45.4166666666667 -21.75 261.932520481921 30.5222511291504 288 19
"713" 3 0 -41.75 -19.4166666666667 199.849211736493 30.1159992218018 217 20
"714" 2 0 -43.5833333333333 -22.25 230.948538897244 29.1504993438721 232 27
"715" 2 0 -39.9166666666667 -18.5833333333333 180.347506231831 30.9407501220703 169 50
"716" 3 0 -42.9166666666667 -21.4166666666667 225.458683981765 29.7509994506836 256 16
"717" 3 0 -40.25 -17.75 176.700634040322 31.3682498931885 161 38
"718" 2 0 -45.25 -21.9166666666667 264.757455432808 30.2617492675781 301 18
"719" 2 0 -45.25 -20.9166666666667 231.544850945425 29.84375 297 21
"720" 3 0 -46.4166666666667 -22.25 225.765445969274 28.789249420166 277 27
"721" 2 0 -46.75 -22.4166666666667 232.951961113154 28.8202495574951 250 23
"722" 1 0 -44.4166666666667 -19.75 200.408000330605 30.9037494659424 302 12
"723" 1 0 -42.75 -22.75 219.192363274589 31.429500579834 187 24
"724" 2 0 -40.5833333333333 -19.75 195.257633102798 30.0230007171631 198 44
"725" 2 0 -43.25 -20.75 226.899436897523 29.5507507324219 264 19
"726" 3 0 -46.25 -23.5833333333333 244.756198500616 26.2787494659424 251 53
"727" 1 0 -43.25 -22.4166666666667 219.69159559357 26.0580005645752 292 45
"728" 2 0 -41.5833333333333 -19.25 192.997789038414 30.3264999389648 209 22
"729" 2 0 -40.75 -17.9166666666667 181.776194253808 31.5707492828369 174 30
"730" 2 0 -46.0833333333333 -23.25 241.655773450947 27.4010009765625 229 32
"731" 3 0 -45.75 -23.0833333333333 244.880580043823 28.5267505645752 225 26
"732" 3 0 -45.0833333333333 -21.5833333333333 239.579571435708 29.9969997406006 293 17
"733" 1 0 -39.75 -17.75 170.264610150743 31.0189990997314 153 65
"734" 3 0 -43.9166666666667 -20.0833333333333 184.550766123388 27.6267509460449 325 15
"735" 3 0 -41.9166666666667 -20.75 231.868717260803 29.3707504272461 223 21
"736" 1 0 -39.9166666666667 -18.25 178.473552604404 31.2822494506836 171 60
"737" 2 0 -39.75 -17.25 164.242108845313 30.8945007324219 140 59
"738" 1 0 -43.4166666666667 -21.0833333333333 216.632322412243 29.0925006866455 271 19
"739" 1 0 -43.75 -20.4166666666667 200.226845075462 27.2565002441406 301 12
"740" 2 0 -41.0833333333333 -20.4166666666667 211.078650648366 27.4185009002686 205 38
"741" 3 0 -44.0833333333333 -20.75 209.293837522023 28.6224994659424 290 15
"742" 3 0 -43.5833333333333 -21.25 202.759631900136 27.6389999389648 282 20
"743" 3 0 -43.75 -21.9166666666667 216.675937395133 27.6067504882812 259 18
"744" 2 0 -40.0833333333333 -20.0833333333333 195.452862554374 31.0833339691162 192 52
"745" 3 0 -42.75 -19.0833333333333 219.518321426769 30.8735008239746 278 12
"746" 1 0 -42.5833333333333 -22.0833333333333 244.218902312695 28.1282501220703 264 25
"747" 3 0 -43.4166666666667 -20.9166666666667 219.81177467021 29.3719997406006 267 18
"748" 1 0 -41.0833333333333 -20.5833333333333 211.860454158939 28.7290000915527 198 36
"749" 1 0 -43.4166666666667 -22.25 231.035605390518 29.691499710083 247 32
"750" 1 0 -46.25 -22.25 229.578887667101 28.8632507324219 277 28
"751" 3 0 -41.9166666666667 -22.5833333333333 216.080330951791 31.1086196899414 181 36
"752" 1 0 -45.9166666666667 -21.25 241.143193918178 29.8199996948242 274 22
"753" 3 0 -44.5833333333333 -21.9166666666667 234.76005953696 28.5440006256104 300 20
"754" 2 0 -43.9166666666667 -21.9166666666667 218.797143339167 27.193000793457 272 19
"755" 1 0 -42.9166666666667 -19.9166666666667 222.750689485738 29.8145008087158 294 16
"756" 1 0 -45.25 -23.9166666666667 250.919964799936 29.1146545410156 308 91
"757" 1 0 -45.9166666666667 -21.0833333333333 238.57836710751 29.6122493743896 276 20
"758" 2 0 -39.4166666666667 -17.75 164.441728319392 30.4754390716553 173 79
"759" 3 0 -41.5833333333333 -20.5833333333333 223.6558419361 29.9047508239746 210 25
"760" 3 0 -46.25 -21.75 216.558243474654 28.4610004425049 290 26
"761" 1 0 -44.75 -19.9166666666667 208.5683003871 30.8647499084473 310 12
"762" 3 0 -42.25 -21.4166666666667 246.76343494957 31.8997497558594 248 20
"763" 3 0 -43.75 -19.9166666666667 187.71718817603 29.1402492523193 321 14
"764" 3 0 -41.4166666666667 -21.0833333333333 218.50476488788 31.0855007171631 193 26
"765" 2 0 -39.75 -18.5833333333333 179.694812626498 30.8516807556152 167 57
"766" 1 0 -43.0833333333333 -21.4166666666667 226.000181560914 30.6702499389648 255 13
"767" 1 0 -45.75 -21.25 243.990805477465 30.0305004119873 276 23
"768" 1 0 -43.75 -21.75 216.986476267916 28.39674949646 262 18
"769" 1 0 -43.5833333333333 -19.75 198.681238932183 28.8024997711182 325 15
"770" 2 0 -43.4166666666667 -22.9166666666667 210.869890256667 31.5764999389648 187 48
"771" 2 0 -41.9166666666667 -22.25 220.315911770803 31.4207496643066 204 32
"772" 1 0 -41.75 -18.0833333333333 191.542837460155 31.1324996948242 201 16
"773" 2 0 -40.9166666666667 -18.25 182.905155585987 31.4969997406006 180 27
"774" 1 0 -46.25 -21.4166666666667 234.251011056763 29.767749786377 274 21
"775" 3 0 -43.0833333333333 -21.75 224.435012606292 29.4817504882812 267 18
"776" 3 0 -41.5833333333333 -20.4166666666667 222.927932131373 29.150749206543 214 26
"777" 1 0 -45.25 -21.0833333333333 237.626114748108 29.9872493743896 288 22
"778" 3 0 -43.4166666666667 -20.5833333333333 219.502285582413 28.6585006713867 278 16
"779" 2 0 -42.0833333333333 -19.4166666666667 197.575624838739 31.3880004882812 226 17
"780" 3 0 -43.4166666666667 -21.9166666666667 221.899358237848 29.175500869751 233 18
"781" 1 0 -40.25 -20.25 199.682982653448 31.1047210693359 197 57
"782" 2 0 -45.75 -20.75 234.323946799967 29.4064998626709 283 19
"783" 2 0 -41.25 -17.75 187.49832930919 31.5707492828369 177 22
"784" 3 0 -45.0833333333333 -22.9166666666667 245.658479520487 28.2197494506836 243 22
"785" 2 0 -42.5833333333333 -21.0833333333333 235.823302203127 29.6322498321533 248 18
"786" 3 0 -42.0833333333333 -23.0833333333333 198.359304969869 28.0499992370605 148 32
"787" 1 0 -43.25 -19.0833333333333 235.411494162441 29.9610004425049 298 12
"788" 1 0 -43.0833333333333 -21.9166666666667 228.828734835427 29.5785007476807 265 20
"789" 3 0 -42.4166666666667 -21.5833333333333 242.486024472337 31.6607494354248 248 20
"790" 2 0 -45.9166666666667 -20.75 235.853191154836 29.5855007171631 284 19
"791" 3 0 -41.4166666666667 -19.5833333333333 200.189103219839 31.9287490844727 201 22
"792" 2 0 -44.9166666666667 -23.4166666666667 236.627685587874 30.9214286804199 326 98
"793" 1 0 -43.0833333333333 -20.0833333333333 222.976721888976 30.0300006866455 293 15
"794" 3 0 -41.25 -18.0833333333333 187.084591518607 30.8507499694824 183 23
"795" 2 0 -40.4166666666667 -19.25 192.423880013295 30.7280006408691 188 38
"796" 2 0 -41.75 -18.4166666666667 189.667164112006 32.3057518005371 201 18
"797" 3 0 -40.75 -20.0833333333333 203.823666449682 28.4985008239746 203 48
"798" 3 0 -44.25 -21.5833333333333 220.985063018846 28.2832508087158 296 16
"799" 2 0 -42.25 -19.4166666666667 196.95153041273 31.3652496337891 236 17
"800" 1 0 -39.75 -17.4166666666667 166.61925026788 30.8482494354248 137 58
"801" 3 0 -39.75 -19.25 193.727424410316 31.2040004730225 179 52
"802" 2 0 -44.4166666666667 -21.25 221.892730486006 28.7397499084473 318 14
"803" 2 0 -46.75 -23.25 228.615592947697 26.5904998779297 231 31
"804" 3 0 -41.9166666666667 -20.5833333333333 231.106313987833 28.4902496337891 226 20
"805" 3 0 -42.5833333333333 -22.75 220.643635476029 31.0419998168945 178 25
"806" 1 0 -41.4166666666667 -21.75 202.13398890883 32.5957489013672 180 26
"807" 1 0 -46.5833333333333 -22.0833333333333 223.86037120372 28.2972507476807 284 26
"808" 3 0 -42.5833333333333 -22.4166666666667 235.837022276414 26.4899997711182 239 30
"809" 1 0 -42.4166666666667 -21.25 237.209632211458 31.3489990234375 254 20
"810" 2 0 -44.5833333333333 -21.4166666666667 221.927793079421 28.7562503814697 319 18
"811" 2 0 -45.4166666666667 -23.5833333333333 251.956698386159 28.221700668335 286 64
"812" 2 0 -40.75 -17.25 182.916373743095 31.714750289917 171 29
"813" 2 0 -40.9166666666667 -18.5833333333333 186.15988293773 31.2660007476807 184 26
"814" 3 0 -45.25 -22.75 222.904615958623 29.9790000915527 255 22
"815" 3 0 -40.25 -18.0833333333333 180.488885701278 31.8027496337891 167 41
"816" 2 0 -43.25 -19.75 220.290604415397 29.574499130249 327 12
"817" 2 0 -45.0833333333333 -20.75 219.243126513949 28.888500213623 315 19
"818" 2 0 -43.25 -20.4166666666667 225.143289792438 30.0820007324219 274 15
"819" 2 0 -42.75 -20.25 227.217386840847 31.2569999694824 255 15
"820" 1 0 -45.4166666666667 -22.5833333333333 283.40216242988 27.4532508850098 301 29
"821" 2 0 -40.25 -20.4166666666667 202.14049979266 31.2975006103516 198 54
"822" 1 0 -43.9166666666667 -22.0833333333333 228.952974410665 28.3602504730225 252 18
"823" 2 0 -44.4166666666667 -21.5833333333333 227.910601146397 28.9015007019043 300 18
"824" 3 0 -40.4166666666667 -17.4166666666667 179.203710848062 31.6280002593994 166 36
"825" 3 0 -40.25 -17.5833333333333 177.190302264346 31.6937503814697 158 36
"826" 2 0 -40.4166666666667 -19.5833333333333 195.443876854987 31.5362491607666 192 38
"827" 1 0 -46.25 -21.5833333333333 228.713449884943 29.6377506256104 281 23
"828" 2 0 -41.0833333333333 -19.25 191.337705580063 32.2517509460449 193 25
"829" 3 0 -41.75 -22.75 199.742279057454 28.7000007629395 156 47
"830" 2 0 -41.0833333333333 -21.5833333333333 198.71391492755 32.1069221496582 151 26
"831" 3 0 -41.0833333333333 -19.5833333333333 194.887565120947 31.4300003051758 197 30
"832" 2 0 -40.25 -19.9166666666667 197.853499431759 31.222843170166 194 50
"833" 3 0 -46.25 -23.0833333333333 242.091168733727 26.1627502441406 256 30
"834" 1 0 -42.0833333333333 -19.75 219.472771262076 29.4122505187988 233 18
"835" 1 0 -42.25 -20.75 236.91801233843 29.1712493896484 234 18
"836" 1 0 -42.75 -21.0833333333333 231.122314447211 30.9755001068115 240 15
"837" 1 0 -42.4166666666667 -22.0833333333333 248.006408768024 28.6532497406006 251 24
"838" 3 0 -41.25 -22.0833333333333 198.995155273722 31.1287746429443 151 32
"839" 3 0 -42.9166666666667 -20.75 239.16118590121 29.6389999389648 251 20
"840" 3 0 -44.5833333333333 -22.5833333333333 236.059887929496 29.7744998931885 268 24
"841" 3 0 -44.5833333333333 -22.9166666666667 237.495865944757 27.7224998474121 263 35
"842" 3 0 -42.4166666666667 -20.5833333333333 229.523678135329 27.1357498168945 253 21
"843" 2 0 -45.9166666666667 -20.9166666666667 233.477867296248 29.1275005340576 286 20
"844" 2 0 -44.5833333333333 -20.4166666666667 207.537758912949 29.5944995880127 312 15
"845" 3 0 -44.4166666666667 -19.9166666666667 196.263358644521 30.2905006408691 326 14
"846" 3 0 -41.0833333333333 -18.25 183.720908594636 31.6187496185303 182 24
"847" 1 0 -41.25 -19.75 200.29687003374 31.3812503814697 202 27
"848" 3 0 -40.25 -19.25 194.046398430015 31.2767505645752 185 37
"849" 1 0 -42.75 -19.25 214.885403425077 30.2662506103516 285 13
"850" 3 0 -44.75 -23.25 231.148239656331 29.7338848114014 295 78
"851" 1 0 -45.5833333333333 -20.9166666666667 237.703785920813 29.722749710083 282 21
"852" 3 0 -45.0833333333333 -20.9166666666667 225.723420247499 29.55299949646 314 20
"853" 1 0 -45.4166666666667 -23.75 250.987559515526 29.7684421539307 297 92
"854" 2 0 -44.75 -21.5833333333333 224.162631487583 29.0197505950928 311 18
"855" 1 0 -43.5833333333333 -21.9166666666667 216.394119096645 28.214750289917 243 18
"856" 1 0 -42.0833333333333 -22.5833333333333 218.891255358859 31.3414993286133 175 34
"857" 1 0 -43.0833333333333 -21.25 226.140713490818 30.793249130249 248 13
"858" 1 0 -40.75 -20.25 206.260326281008 28.6725006103516 200 47
"859" 2 0 -43.5833333333333 -23.0833333333333 206.5052953822 31.9106788635254 175 45
"860" 3 0 -41.9166666666667 -21.75 237.398235846506 31.0727500915527 209 20
"861" 2 0 -45.25 -23.75 249.577470926729 28.1725196838379 310 92
"862" 3 0 -45.9166666666667 -23.75 245.406806862902 29.0760955810547 333 106
"863" 3 0 -42.25 -22.0833333333333 243.373201433254 29.2387504577637 238 24
"864" 3 0 -39.9166666666667 -17.5833333333333 171.297826933265 31.2434997558594 141 51
"865" 3 0 -44.4166666666667 -22.75 241.067628875163 26.7312507629395 267 30
"866" 3 0 -42.75 -20.5833333333333 237.216646613954 30.1327495574951 249 19
"867" 2 0 -46.25 -22.5833333333333 252.372352579576 26.6854991912842 305 30
"868" 2 0 -42.75 -20.4166666666667 232.149536224712 30.8867492675781 251 17
"869" 1 0 -42.75 -20.9166666666667 235.433836695172 30.398250579834 243 17
"870" 3 0 -42.5833333333333 -18.9166666666667 223.099497660774 29.286750793457 284 16
"871" 3 0 -44.9166666666667 -21.5833333333333 225.162132400477 29.1135005950928 307 18
"872" 2 0 -44.4166666666667 -20.25 195.513613199733 28.6762504577637 327 16
"873" 1 0 -45.0833333333333 -22.4166666666667 267.222378274332 27.1504993438721 302 25
"874" 2 0 -44.9166666666667 -21.9166666666667 257.795785245979 30.0405006408691 292 17
"875" 3 0 -42.9166666666667 -20.4166666666667 231.383149309663 30.8542499542236 257 16
"876" 3 0 -43.25 -22.5833333333333 226.691885748327 30.3344993591309 258 51
"877" 2 0 -41.5833333333333 -18.75 182.649809057619 32.064998626709 198 21
"878" 1 0 -42.25 -19.9166666666667 223.364140873512 30.2029991149902 234 14
"879" 2 0 -42.25 -19.25 190.994948343459 32.7584991455078 230 14
"880" 1 0 -44.75 -23.4166666666667 231.318242269803 30.1597213745117 306 97
"881" 1 0 -41.9166666666667 -18.5833333333333 188.523607220402 32.6749992370605 209 17
"882" 2 0 -40.25 -19.5833333333333 197.130100543069 31.3964996337891 191 40
"883" 3 0 -40.4166666666667 -17.25 179.69129372432 31.7007503509521 166 40
"884" 1 0 -43.25 -19.4166666666667 227.842292312277 30.3889999389648 318 11
"885" 1 0 -45.4166666666667 -21.9166666666667 257.541864350439 29.6052494049072 302 20
"886" 2 0 -41.4166666666667 -21.9166666666667 202.845759112643 32.1092491149902 165 28
"887" 3 0 -42.5833333333333 -20.4166666666667 231.919045492828 30.0860004425049 247 17
"888" 3 0 -41.9166666666667 -21.0833333333333 234.602249865556 31.8582496643066 218 16
"889" 2 0 -42.9166666666667 -22.75 219.323056325203 32.0065002441406 189 28
"890" 1 0 -40.0833333333333 -19.0833333333333 191.112777952337 31.0762500762939 179 40
"891" 1 0 -43.5833333333333 -19.5833333333333 198.12363897294 27.8365001678467 326 12
"892" 1 0 -45.9166666666667 -23.4166666666667 249.274475305078 26.8222503662109 238 40
"893" 2 0 -44.5833333333333 -20.75 207.015425409275 28.1422500610352 338 16
"894" 2 0 -42.75 -22.25 235.745007584374 25.8352508544922 281 30
"895" 3 0 -40.75 -19.0833333333333 190.643680619578 31.4107494354248 187 28
"896" 2 0 -42.25 -19.0833333333333 194.068871947871 32.5974998474121 231 14
"897" 2 0 -42.0833333333333 -22.9166666666667 211.491333226079 28.9952373504639 149 32
"898" 1 0 -44.25 -22.4166666666667 240.215501552445 30.3857498168945 253 18
"899" 3 0 -45.75 -22.75 269.994875955327 27.9029998779297 300 32
"900" 2 0 -45.75 -22.0833333333333 253.257391826103 30.3997497558594 278 25
"901" 2 0 -45.9166666666667 -21.4166666666667 244.474913533214 30.3439998626709 280 24
"902" 3 0 -43.75 -22.9166666666667 213.024549832851 32.6867179870605 198 42
"903" 3 0 -43.75 -20.75 207.162957865797 28.1862506866455 281 15
"904" 3 0 -40.25 -18.4166666666667 183.717213366028 31.7077503204346 172 39
"905" 3 0 -39.9166666666667 -17.75 172.956297885529 31.2662506103516 151 55
"906" 1 0 -42.5833333333333 -20.9166666666667 235.463069094235 28.5157508850098 246 20
"907" 3 0 -39.4166666666667 -17.5833333333333 162.879315402137 30.5632495880127 160 73
"908" 3 0 -43.75 -22.75 221.122526323699 32.2897491455078 220 40
"909" 1 0 -41.25 -20.5833333333333 214.85355214787 30.7467498779297 197 28
"910" 3 0 -46.75 -22.0833333333333 229.731554428493 29.1647491455078 266 23
"911" 1 0 -39.0833333333333 -17.75 162.64546986272 30.3933334350586 181 68
"912" 1 0 -42.0833333333333 -19.0833333333333 189.010672028529 32.9555015563965 220 17
"913" 1 0 -40.5833333333333 -17.75 181.079853925027 32.0164985656738 169 31
"914" 1 0 -38.75 -17.9166666666667 155.984173864121 30.1000003814697 183 82
"915" 1 0 -41.75 -18.9166666666667 181.739962747802 32.9202499389648 201 19
"916" 3 0 -41.9166666666667 -21.9166666666667 232.669399330876 28.4669990539551 220 28
"917" 1 0 -39.5833333333333 -17.5833333333333 165.527362448041 30.8072490692139 145 65
"918" 3 0 -43.75 -21.4166666666667 200.359932822718 26.933500289917 286 19
"919" 1 0 -41.75 -22.0833333333333 218.634917578072 31.986499786377 196 30
"920" 1 0 -41.0833333333333 -19.75 198.389277204655 31.351749420166 199 29
"921" 1 0 -41.4166666666667 -19.9166666666667 206.610701122539 31.0214996337891 206 25
"922" 1 0 -42.25 -22.25 240.698231003815 26.607250213623 234 30
"923" 3 0 -41.4166666666667 -20.75 219.367657891291 31.1184997558594 198 25
"924" 1 0 -42.5833333333333 -21.9166666666667 240.851771275865 30.503999710083 262 20
"925" 1 0 -41.25 -20.4166666666667 214.785518628205 29.2537498474121 204 31
"926" 3 0 -41.25 -20.25 211.260090282797 27.8067493438721 212 36
"927" 1 0 -44.25 -19.9166666666667 191.052528207217 30.4232501983643 319 13
"928" 2 0 -45.25 -21.5833333333333 247.965224026548 29.8207492828369 286 18
"929" 1 0 -40.9166666666667 -19.75 199.197033238402 30.3355007171631 200 35
"930" 2 0 -42.9166666666667 -19.5833333333333 220.945868001163 29.21875 310 13
"931" 2 0 -39.9166666666667 -19.5833333333333 196.776444659058 31.1909313201904 187 49
"932" 3 0 -44.0833333333333 -22.9166666666667 221.806042274249 29.3485641479492 242 37
"933" 2 0 -41.25 -21.25 210.772213430841 32.2005004882812 176 27
"934" 1 0 -44.25 -21.25 219.694024423453 28.4769992828369 301 13
"935" 1 0 -46.5833333333333 -22.25 225.16243653672 28.36549949646 276 25
"936" 2 0 -44.75 -22.25 243.176812908376 26.0025005340576 327 25
"937" 2 0 -44.9166666666667 -22.4166666666667 259.155025064528 26.9147491455078 299 24
"938" 2 0 -45.5833333333333 -23.25 251.964998012226 26.9287490844727 241 26
"939" 1 0 -44.9166666666667 -20.9166666666667 217.252620681231 28.7197494506836 344 20
"940" 3 0 -41.4166666666667 -22.0833333333333 204.184910153448 31.3102493286133 155 31
"941" 3 0 -41.0833333333333 -17.75 185.631622502209 31.7617492675781 176 24
"942" 1 0 -43.5833333333333 -20.4166666666667 204.487935587301 26.0667495727539 304 15
"943" 1 0 -41.9166666666667 -20.4166666666667 227.462627450266 28.3332500457764 228 22
"944" 3 0 -40.4166666666667 -18.9166666666667 188.533699452758 31.2490005493164 181 37
"945" 2 0 -45.0833333333333 -23.75 248.708844898378 29.2307682037354 301 88
"946" 2 0 -46.5833333333333 -21.75 225.509399667353 27.5869998931885 293 23
"947" 1 0 -44.0833333333333 -19.9166666666667 183.549969203527 29.863000869751 320 13
"948" 1 0 -42.25 -21.75 244.583186682445 31.8537502288818 237 19
"949" 2 0 -45.25 -22.4166666666667 274.293417655835 27.5322494506836 300 26
"950" 3 0 -41.75 -19.9166666666667 213.403867598881 31.0647506713867 212 20
"951" 3 0 -41.0833333333333 -21.0833333333333 211.660202581322 31.8007507324219 174 32
"952" 2 0 -44.9166666666667 -20.5833333333333 213.631963241723 29.1124992370605 304 16
"953" 3 0 -41.75 -22.25 213.86621700566 31.5538463592529 197 37
"954" 3 0 -42.0833333333333 -20.0833333333333 224.310029863452 28.0734996795654 239 21
"955" 3 0 -40.5833333333333 -19.25 191.959600487842 30.7887496948242 189 37
"956" 1 0 -44.9166666666667 -19.9166666666667 216.193778763665 31.1919994354248 300 11
"957" 1 0 -44.5833333333333 -22.0833333333333 234.537997031995 26.9979991912842 314 24
"958" 3 0 -41.4166666666667 -19.4166666666667 198.529768912809 30.3034992218018 206 24
"959" 2 0 -40.4166666666667 -19.9166666666667 199.457571529011 30.5727500915527 196 49
"960" 2 0 -40.4166666666667 -18.4166666666667 183.386977999938 31.644250869751 174 36
"961" 2 0 -43.5833333333333 -22.5833333333333 227.762603346784 30.3864994049072 254 45
"962" 1 0 -44.75 -20.0833333333333 209.589978753464 30.621000289917 310 13
"963" 2 0 -43.75 -20.0833333333333 192.236150603495 27.9179992675781 318 13
"964" 1 0 -46.25 -22.9166666666667 246.647100029201 26.5114994049072 273 28
"965" 1 0 -40.75 -20.9166666666667 206.210123899847 31.7269840240479 172 38
"966" 1 0 -45.75 -22.4166666666667 256.655491460902 29.6569995880127 269 26
"967" 3 0 -41.9166666666667 -22.4166666666667 216.578751633566 31.2137832641602 194 37
"968" 2 0 -44.4166666666667 -22.9166666666667 230.380510663641 28.79909324646 266 40
"969" 3 0 -45.4166666666667 -22.75 261.252239283588 27.7604999542236 283 29
"970" 3 0 -41.5833333333333 -22.0833333333333 212.001350115211 32.255500793457 178 33
"971" 1 0 -41.75 -21.75 227.282827633688 29.3972492218018 206 26
"972" 1 0 -46.25 -21.0833333333333 230.804375607999 28.8972492218018 276 20
"973" 2 0 -44.4166666666667 -22.5833333333333 233.418186517808 29.7800006866455 264 22
"974" 2 0 -43.5833333333333 -22.9166666666667 214.175787836214 32.243968963623 195 45
"975" 1 0 -41.75 -18.5833333333333 186.588685214785 32.4724998474121 202 18
"976" 3 0 -43.5833333333333 -21.75 215.214261878375 28.4527492523193 257 17
"977" 3 0 -42.75 -19.5833333333333 211.833720147187 30.4147491455078 278 12
"978" 2 0 -44.75 -21.4166666666667 223.630152155424 28.8872509002686 320 18
"979" 1 0 -46.75 -22.9166666666667 233.823478273538 27.6987495422363 226 30
"980" 2 0 -42.75 -21.9166666666667 236.29387620354 30.8334999084473 263 19
"981" 3 0 -46.75 -22.5833333333333 232.013807567003 27.605749130249 241 26
"982" 2 0 -45.25 -21.75 262.841464117901 30.6242504119873 289 16
