"group.all" "pa" "lon" "lat" "bio4.1" "bio4.2" "bio4.3" "bio5.1" "bio5.2" "bio5.3" "bio6.1" "bio6.2" "bio6.3" "bio13.1" "bio13.2" "bio13.3" "bio14.1" "bio14.2" "bio14.3"
"1" 1 1 -42.25 -22.5 1882 1882 1882 301 301 301 160 160 160 163 163 163 35 35 35
"4" 3 1 -42.05 -22 2062 2062 2062 274 274 274 106 106 106 240 240 240 28 28 28
"5" 2 1 -42.5 -22.55 1975 1975 1975 303 303 303 155 155 155 177 177 177 34 34 34
"8" 1 1 -44.5666667 -22.25 2064 2064 2064 234 234 234 41 41 41 318 318 318 23 23 23
"9" 3 1 -43.0002778 -22.7716667 2212 2212 2212 309 309 309 153 153 153 175 175 175 46 46 46
"10" 1 1 -39.9325 -19.1352777 1611 1611 1611 313 313 313 171 171 171 181 181 181 45 45 45
"11" 3 1 -42.0333333 -20.7666667 2010 2010 2010 290 290 290 92 92 92 233 233 233 20 20 20
"14" 2 1 -49.082191 -26.844198 2950 2950 2950 291 291 291 111 111 111 194 194 194 83 83 83
"15" 2 1 -50.148611 -29.650278 2898 2898 2898 261 261 261 105 105 105 151 151 151 111 111 111
"16" 2 1 -49.865 -29.376944 2827 2827 2827 264 264 264 109 109 109 144 144 144 99 99 99
"17" 1 1 -48.485 -27.616667 2698 2698 2698 276 276 276 125 125 125 201 201 201 74 74 74
"18" 2 1 -48.109611 -24.55275 2900 2900 2900 309 309 309 128 128 128 227 227 227 51 51 51
"19" 3 1 -48.184059 -24.567167 2995 2995 2995 310 310 310 125 125 125 211 211 211 49 49 49
"20" 1 1 -54.413194 -25.603389 3436 3436 3436 320 320 320 87 87 87 209 209 209 81 81 81
"21" 3 1 -53.87175 -25.215667 3185 3185 3185 300 300 300 78 78 78 225 225 225 99 99 99
"22" 3 1 -49.076667 -26.118333 2882 2882 2882 254 254 254 72 72 72 200 200 200 86 86 86
"23" 1 1 -36.730597 -9.412631 1672 1672 1672 320 320 320 179 179 179 135 135 135 14 14 14
"26" 2 1 -48.385083 -25.177722 3022 3022 3022 301 301 301 132 132 132 301 301 301 74 74 74
"28" 3 1 -40.5166667 -19.95 1656 1656 1656 285 285 285 129 129 129 206 206 206 39 39 39
"29" 1 1 -40.525 -20.2677778 1678 1678 1678 290 290 290 138 138 138 199 199 199 42 42 42
"30" 2 1 -43.8916667 -21.7 1936 1936 1936 262 262 262 91 91 91 289 289 289 17 17 17
"31" 3 1 -44.6819445 -23.0627778 2198 2198 2198 262 262 262 82 82 82 265 265 265 45 45 45
"34" 2 1 -43.2486111 -22.9688889 2018 2018 2018 297 297 297 152 152 152 171 171 171 52 52 52
"35" 1 1 -48.8697223 -27.99 2853 2853 2853 250 250 250 83 83 83 217 217 217 92 92 92
"36" 2 1 -43.4183334 -22.5747223 2077 2077 2077 291 291 291 124 124 124 266 266 266 47 47 47
"37" 3 1 -48.739722 -25.261389 3276 3276 3276 291 291 291 109 109 109 272 272 272 72 72 72
"38" 3 1 -49.86 -29.07 2804 2804 2804 263 263 263 91 91 91 158 158 158 104 104 104
"39" 2 1 -50.212736 -29.976883 3201 3201 3201 271 271 271 103 103 103 147 147 147 109 109 109
"40" 1 1 -36.435015 -9.244547 1477 1477 1477 285 285 285 157 157 157 230 230 230 27 27 27
"41" 1 1 -42.5494444 -22.5222223 2061 2061 2061 296 296 296 138 138 138 211 211 211 34 34 34
"1100" 1 0 -48.5833333333333 -19.0833333333333 1785 1785 1785 302 302 302 116 116 116 257 257 257 9 9 9
"2" 2 0 -49.75 -25.75 2991 2991 2991 263 263 263 62 62 62 159 159 159 70 70 70
"3" 2 0 -51.0833333333333 -31.4166666666667 3483 3483 3483 279 279 279 97 97 97 135 135 135 81 81 81
"4100" 3 0 -58.4166666666667 -22.5833333333333 3183 3183 3183 348 348 348 138 138 138 142 142 142 28 28 28
"5100" 3 0 -41.9166666666667 -21.5833333333333 2251 2251 2251 310 310 310 122 122 122 214 214 214 19 19 19
"6" 3 0 -52.25 -19.75 1676 1676 1676 319 319 319 145 145 145 261 261 261 27 27 27
"7" 2 0 -40.9166666666667 -4.25 753 753 753 298 298 298 156 156 156 227 227 227 4 4 4
"8100" 1 0 -40.4166666666667 -18.5833333333333 1501 1501 1501 313 313 313 164 164 164 177 177 177 35 35 35
"9100" 1 0 -60.9166666666667 -25.0833333333333 3994 3994 3994 344 344 344 93 93 93 130 130 130 14 14 14
"1010" 1 0 -60.25 -26.25 4068 4068 4068 343 343 343 92 92 92 135 135 135 20 20 20
"1110" 1 0 -46.4166666666667 -19.5833333333333 1745 1745 1745 283 283 283 99 99 99 296 296 296 12 12 12
"12" 3 0 -52.5833333333333 -22.9166666666667 2540 2540 2540 300 300 300 104 104 104 155 155 155 47 47 47
"13" 2 0 -40.25 -17.5833333333333 1515 1515 1515 310 310 310 169 169 169 158 158 158 38 38 38
"1410" 1 0 -46.75 -16.25 1351 1351 1351 308 308 308 128 128 128 277 277 277 4 4 4
"1510" 3 0 -50.9166666666667 -25.4166666666667 2966 2966 2966 271 271 271 74 74 74 175 175 175 85 85 85
"1610" 2 0 -43.5833333333333 -20.25 1879 1879 1879 256 256 256 80 80 80 333 333 333 14 14 14
"1710" 2 0 -48.25 -17.5833333333333 1362 1362 1362 326 326 326 116 116 116 285 285 285 9 9 9
"1810" 1 0 -59.9166666666667 -25.75 4004 4004 4004 344 344 344 95 95 95 134 134 134 19 19 19
"1910" 3 0 -48.5833333333333 -19.9166666666667 1776 1776 1776 313 313 313 128 128 128 256 256 256 12 12 12
"2010" 2 0 -39.75 -19.4166666666667 1676 1676 1676 310 310 310 174 174 174 183 183 183 48 48 48
"2110" 1 0 -39.4166666666667 -11.75 1538 1538 1538 306 306 306 166 166 166 61 61 61 18 18 18
"2210" 1 0 -40.9166666666667 -19.5833333333333 1687 1687 1687 321 321 321 151 151 151 208 208 208 24 24 24
"2310" 2 0 -43.9166666666667 -19.75 1721 1721 1721 292 292 292 117 117 117 301 301 301 9 9 9
"24" 3 0 -48.5833333333333 -24.75 3132 3132 3132 292 292 292 104 104 104 207 207 207 59 59 59
"25" 1 0 -37.9166666666667 -10.5833333333333 1595 1595 1595 299 299 299 167 167 167 108 108 108 22 22 22
"2610" 1 0 -40.4166666666667 -5.58333333333333 787 787 787 319 319 319 193 193 193 170 170 170 2 2 2
"27" 1 0 -55.0833333333333 -28.4166666666667 3706 3706 3706 325 325 325 99 99 99 190 190 190 129 129 129
"2810" 2 0 -39.25 -4.25 566 566 566 318 318 318 203 203 203 192 192 192 2 2 2
"2910" 3 0 -53.0833333333333 -18.5833333333333 1449 1449 1449 308 308 308 135 135 135 267 267 267 22 22 22
"3010" 2 0 -40.9166666666667 -10.75 1456 1456 1456 305 305 305 152 152 152 83 83 83 2 2 2
"3110" 1 0 -41.25 -4.25 792 792 792 339 339 339 189 189 189 250 250 250 2 2 2
"32" 1 0 -46.4166666666667 -21.0833333333333 1997 1997 1997 260 260 260 83 83 83 276 276 276 19 19 19
"33" 1 0 -50.0833333333333 -20.5833333333333 2109 2109 2109 305 305 305 116 116 116 225 225 225 17 17 17
"3410" 2 0 -47.4166666666667 -24.25 2568 2568 2568 291 291 291 122 122 122 252 252 252 59 59 59
"3510" 3 0 -47.9166666666667 -17.25 1326 1326 1326 309 309 309 116 116 116 258 258 258 11 11 11
"3610" 3 0 -41.75 -21.0833333333333 2003 2003 2003 306 306 306 124 124 124 227 227 227 22 22 22
"3710" 1 0 -47.0833333333333 -21.5833333333333 2168 2168 2168 289 289 289 102 102 102 249 249 249 18 18 18
"3810" 1 0 -41.9166666666667 -6.08333333333333 941 941 941 347 347 347 190 190 190 259 259 259 2 2 2
"3910" 1 0 -43.9166666666667 -20.5833333333333 1973 1973 1973 280 280 280 96 96 96 294 294 294 14 14 14
"4010" 3 0 -52.4166666666667 -32.4166666666667 3653 3653 3653 281 281 281 86 86 86 124 124 124 70 70 70
"4110" 1 0 -59.0833333333333 -29.4166666666667 4393 4393 4393 327 327 327 88 88 88 141 141 141 38 38 38
"42" 1 0 -55.0833333333333 -31.0833333333333 4043 4043 4043 312 312 312 77 77 77 139 139 139 85 85 85
"43" 3 0 -54.0833333333333 -33.5833333333333 3882 3882 3882 294 294 294 72 72 72 111 111 111 85 85 85
"44" 1 0 -55.75 -22.5833333333333 2445 2445 2445 303 303 303 114 114 114 165 165 165 41 41 41
"45" 3 0 -48.5833333333333 -25.9166666666667 2745 2745 2745 289 289 289 134 134 134 283 283 283 86 86 86
"46" 1 0 -38.4166666666667 -13.0833333333333 1108 1108 1108 305 305 305 204 204 204 271 271 271 74 74 74
"47" 1 0 -40.5833333333333 -7.25 998 998 998 314 314 314 170 170 170 179 179 179 1 1 1
"48" 2 0 -43.9166666666667 -17.5833333333333 1772 1772 1772 302 302 302 119 119 119 264 264 264 2 2 2
"49" 1 0 -46.0833333333333 -21.75 2122 2122 2122 269 269 269 79 79 79 287 287 287 25 25 25
"50" 1 0 -59.4166666666667 -30.9166666666667 4566 4566 4566 330 330 330 75 75 75 140 140 140 38 38 38
"51" 2 0 -48.4166666666667 -18.0833333333333 1579 1579 1579 311 311 311 122 122 122 277 277 277 8 8 8
"52" 1 0 -49.25 -25.0833333333333 2866 2866 2866 270 270 270 83 83 83 197 197 197 71 71 71
"53" 2 0 -42.5833333333333 -11.25 1044 1044 1044 308 308 308 127 127 127 137 137 137 1 1 1
"54" 1 0 -43.4166666666667 -18.9166666666667 2009 2009 2009 295 295 295 101 101 101 384 384 384 8 8 8
"55" 1 0 -56.4166666666667 -28.5833333333333 4054 4054 4054 332 332 332 95 95 95 165 165 165 80 80 80
"56" 2 0 -54.5833333333333 -25.75 3535 3535 3535 324 324 324 86 86 86 179 179 179 99 99 99
"57" 3 0 -46.9166666666667 -23.5833333333333 2261 2261 2261 256 256 256 88 88 88 246 246 246 44 44 44
"58" 2 0 -50.25 -30.0833333333333 3256 3256 3256 275 275 275 102 102 102 145 145 145 104 104 104
"59" 1 0 -55.25 -32.25 4404 4404 4404 316 316 316 65 65 65 124 124 124 78 78 78
"60" 1 0 -35.0833333333333 -8.75 931 931 931 284 284 284 197 197 197 276 276 276 36 36 36
"61" 3 0 -60.25 -22.0833333333333 3442 3442 3442 361 361 361 133 133 133 107 107 107 10 10 10
"62" 2 0 -50.75 -26.9166666666667 3094 3094 3094 253 253 253 45 45 45 166 166 166 112 112 112
"63" 2 0 -34.75 -7.91666666666666 1004 1004 1004 305 305 305 208 208 208 310 310 310 36 36 36
"64" 2 0 -57.5833333333333 -27.25 3898 3898 3898 341 341 341 117 117 117 135 135 135 50 50 50
"65" 2 0 -39.75 -11.4166666666667 1625 1625 1625 313 313 313 164 164 164 75 75 75 13 13 13
"66" 3 0 -49.75 -25.5833333333333 2930 2930 2930 262 262 262 64 64 64 172 172 172 76 76 76
"67" 3 0 -57.25 -25.75 3553 3553 3553 326 326 326 117 117 117 182 182 182 59 59 59
"68" 3 0 -57.0833333333333 -24.4166666666667 3326 3326 3326 323 323 323 131 131 131 196 196 196 37 37 37
"69" 3 0 -53.5833333333333 -31.9166666666667 3666 3666 3666 293 293 293 75 75 75 127 127 127 75 75 75
"70" 1 0 -43.4166666666667 -21.5833333333333 2030 2030 2030 284 284 284 111 111 111 296 296 296 17 17 17
"71" 3 0 -41.4166666666667 -15.25 1531 1531 1531 283 283 283 130 130 130 180 180 180 7 7 7
"72" 2 0 -41.4166666666667 -7.41666666666666 1134 1134 1134 344 344 344 189 189 189 174 174 174 1 1 1
"73" 2 0 -60.9166666666667 -27.5833333333333 4363 4363 4363 360 360 360 82 82 82 159 159 159 15 15 15
"74" 1 0 -48.9166666666667 -28.25 2956 2956 2956 274 274 274 108 108 108 179 179 179 83 83 83
"75" 2 0 -49.4166666666667 -26.75 2954 2954 2954 277 277 277 89 89 89 178 178 178 88 88 88
"76" 1 0 -43.75 -9.25 654 654 654 339 339 339 171 171 171 145 145 145 0 0 0
"77" 2 0 -41.75 -10.25 1073 1073 1073 334 334 334 170 170 170 113 113 113 1 1 1
"78" 3 0 -38.5833333333333 -4.08333333333333 541 541 541 306 306 306 208 208 208 276 276 276 9 9 9
"79" 2 0 -56.4166666666667 -22.25 2631 2631 2631 324 324 324 131 131 131 179 179 179 45 45 45
"80" 2 0 -42.0833333333333 -18.0833333333333 1757 1757 1757 316 316 316 134 134 134 235 235 235 11 11 11
"81" 1 0 -57.5833333333333 -28.5833333333333 4165 4165 4165 335 335 335 97 97 97 167 167 167 51 51 51
"82" 2 0 -45.4166666666667 -16.5833333333333 1604 1604 1604 322 322 322 116 116 116 219 219 219 4 4 4
"83" 1 0 -36.4166666666667 -8.25 1549 1549 1549 280 280 280 146 146 146 122 122 122 11 11 11
"84" 3 0 -59.5833333333333 -30.4166666666667 4513 4513 4513 331 331 331 78 78 78 139 139 139 35 35 35
"85" 3 0 -52.9166666666667 -19.25 1525 1525 1525 314 314 314 143 143 143 262 262 262 26 26 26
"86" 3 0 -55.0833333333333 -28.9166666666667 3787 3787 3787 316 316 316 89 89 89 184 184 184 126 126 126
"87" 2 0 -41.4166666666667 -20.4166666666667 1877 1877 1877 288 288 288 103 103 103 218 218 218 25 25 25
"88" 1 0 -57.0833333333333 -26.5833333333333 3681 3681 3681 330 330 330 109 109 109 154 154 154 70 70 70
"89" 3 0 -39.4166666666667 -16.4166666666667 1338 1338 1338 298 298 298 177 177 177 151 151 151 63 63 63
"90" 3 0 -48.0833333333333 -23.9166666666667 2622 2622 2622 271 271 271 87 87 87 192 192 192 41 41 41
"91" 2 0 -46.75 -17.25 1437 1437 1437 308 308 308 134 134 134 225 225 225 19 19 19
"92" 2 0 -56.0833333333333 -27.5833333333333 3738 3738 3738 328 328 328 104 104 104 178 178 178 93 93 93
"93" 3 0 -61.9166666666667 -24.25 3979 3979 3979 350 350 350 96 96 96 120 120 120 8 8 8
"94" 3 0 -49.75 -19.75 1750 1750 1750 318 318 318 130 130 130 244 244 244 13 13 13
"95" 2 0 -42.0833333333333 -10.4166666666667 1050 1050 1050 341 341 341 168 168 168 113 113 113 1 1 1
"96" 1 0 -48.25 -17.0833333333333 1301 1301 1301 310 310 310 118 118 118 252 252 252 9 9 9
"97" 1 0 -55.75 -29.4166666666667 4096 4096 4096 318 318 318 82 82 82 178 178 178 102 102 102
"98" 2 0 -42.75 -19.75 2019 2019 2019 300 300 300 114 114 114 245 245 245 12 12 12
"99" 2 0 -48.75 -28.4166666666667 2920 2920 2920 278 278 278 124 124 124 162 162 162 86 86 86
"100" 3 0 -50.75 -18.4166666666667 1227 1227 1227 317 317 317 149 149 149 277 277 277 15 15 15
"101" 1 0 -53.0833333333333 -23.75 2793 2793 2793 301 301 301 101 101 101 159 159 159 62 62 62
"102" 3 0 -53.75 -31.75 3635 3635 3635 299 299 299 80 80 80 122 122 122 71 71 71
"103" 3 0 -55.75 -24.25 3160 3160 3160 318 318 318 114 114 114 183 183 183 79 79 79
"104" 1 0 -55.4166666666667 -18.5833333333333 1852 1852 1852 340 340 340 157 157 157 237 237 237 26 26 26
"105" 3 0 -55.9166666666667 -25.0833333333333 3337 3337 3337 313 313 313 111 111 111 208 208 208 82 82 82
"106" 2 0 -39.75 -18.4166666666667 1512 1512 1512 306 306 306 175 175 175 181 181 181 65 65 65
"107" 1 0 -47.5833333333333 -22.4166666666667 2380 2380 2380 283 283 283 99 99 99 244 244 244 21 21 21
"108" 3 0 -53.5833333333333 -23.4166666666667 2692 2692 2692 310 310 310 105 105 105 174 174 174 59 59 59
"109" 2 0 -39.25 -9.75 1768 1768 1768 316 316 316 154 154 154 89 89 89 8 8 8
"110" 3 0 -59.25 -21.75 3134 3134 3134 351 351 351 139 139 139 101 101 101 15 15 15
"111" 1 0 -42.0833333333333 -7.41666666666666 960 960 960 350 350 350 185 185 185 147 147 147 0 0 0
"112" 1 0 -34.9166666666667 -6.91666666666666 1063 1063 1063 310 310 310 194 194 194 283 283 283 35 35 35
"113" 1 0 -56.25 -22.25 2568 2568 2568 320 320 320 128 128 128 176 176 176 42 42 42
"114" 3 0 -56.0833333333333 -31.25 4495 4495 4495 313 313 313 62 62 62 139 139 139 91 91 91
"115" 3 0 -59.0833333333333 -22.0833333333333 3181 3181 3181 350 350 350 137 137 137 106 106 106 17 17 17
"116" 2 0 -53.9166666666667 -25.4166666666667 3368 3368 3368 309 309 309 80 80 80 221 221 221 110 110 110
"117" 2 0 -53.75 -29.75 3462 3462 3462 304 304 304 95 95 95 150 150 150 127 127 127
"118" 2 0 -56.0833333333333 -24.0833333333333 3100 3100 3100 319 319 319 118 118 118 175 175 175 68 68 68
"119" 2 0 -54.4166666666667 -19.75 1599 1599 1599 312 312 312 143 143 143 247 247 247 34 34 34
"120" 2 0 -42.0833333333333 -22.25 1987 1987 1987 280 280 280 119 119 119 224 224 224 29 29 29
"121" 2 0 -54.9166666666667 -27.4166666666667 3501 3501 3501 316 316 316 91 91 91 185 185 185 112 112 112
"122" 1 0 -41.25 -21.0833333333333 1855 1855 1855 307 307 307 145 145 145 188 188 188 30 30 30
"123" 1 0 -60.25 -26.0833333333333 4033 4033 4033 343 343 343 94 94 94 134 134 134 18 18 18
"124" 2 0 -56.4166666666667 -33.25 4616 4616 4616 313 313 313 61 61 61 125 125 125 92 92 92
"125" 1 0 -61.0833333333333 -25.9166666666667 4068 4068 4068 347 347 347 91 91 91 141 141 141 14 14 14
"126" 2 0 -50.0833333333333 -26.9166666666667 3139 3139 3139 275 275 275 70 70 70 167 167 167 87 87 87
"127" 2 0 -52.75 -32.75 3565 3565 3565 282 282 282 85 85 85 118 118 118 77 77 77
"128" 3 0 -41.4166666666667 -6.25 950 950 950 335 335 335 185 185 185 214 214 214 1 1 1
"129" 2 0 -41.75 -6.25 916 916 916 341 341 341 186 186 186 239 239 239 2 2 2
"130" 2 0 -42.4166666666667 -13.4166666666667 1145 1145 1145 314 314 314 142 142 142 157 157 157 1 1 1
"131" 2 0 -53.25 -19.75 1616 1616 1616 315 315 315 145 145 145 249 249 249 28 28 28
"132" 3 0 -37.25 -6.41666666666666 1030 1030 1030 334 334 334 208 208 208 200 200 200 2 2 2
"133" 2 0 -49.4166666666667 -25.75 2864 2864 2864 257 257 257 66 66 66 172 172 172 65 65 65
"134" 1 0 -50.4166666666667 -23.75 2685 2685 2685 291 291 291 91 91 91 182 182 182 64 64 64
"135" 3 0 -58.4166666666667 -24.5833333333333 3524 3524 3524 346 346 346 118 118 118 126 126 126 21 21 21
"136" 1 0 -50.4166666666667 -21.75 2580 2580 2580 304 304 304 105 105 105 203 203 203 24 24 24
"137" 1 0 -42.25 -20.5833333333333 1968 1968 1968 279 279 279 82 82 82 236 236 236 18 18 18
"138" 2 0 -53.75 -22.9166666666667 2346 2346 2346 319 319 319 124 124 124 205 205 205 40 40 40
"139" 2 0 -59.25 -26.0833333333333 4002 4002 4002 344 344 344 93 93 93 140 140 140 24 24 24
"140" 1 0 -57.4166666666667 -21.4166666666667 2718 2718 2718 337 337 337 144 144 144 171 171 171 43 43 43
"141" 3 0 -41.4166666666667 -9.91666666666666 1127 1127 1127 318 318 318 155 155 155 106 106 106 0 0 0
"142" 1 0 -42.0833333333333 -9.75 847 847 847 340 340 340 192 192 192 125 125 125 0 0 0
"143" 3 0 -59.25 -29.9166666666667 4426 4426 4426 328 328 328 80 80 80 145 145 145 37 37 37
"144" 3 0 -40.4166666666667 -4.75 696 696 696 323 323 323 192 192 192 226 226 226 1 1 1
"145" 2 0 -60.75 -23.4166666666667 3793 3793 3793 349 349 349 107 107 107 88 88 88 6 6 6
"146" 3 0 -56.25 -23.5833333333333 2914 2914 2914 318 318 318 118 118 118 176 176 176 55 55 55
"147" 1 0 -49.0833333333333 -26.25 2892 2892 2892 262 262 262 80 80 80 202 202 202 85 85 85
"148" 1 0 -45.9166666666667 -19.4166666666667 1792 1792 1792 293 293 293 102 102 102 302 302 302 9 9 9
"149" 2 0 -48.75 -18.0833333333333 1550 1550 1550 317 317 317 125 125 125 251 251 251 8 8 8
"150" 3 0 -52.4166666666667 -28.75 3052 3052 3052 277 277 277 86 86 86 167 167 167 120 120 120
"151" 3 0 -41.75 -15.4166666666667 1573 1573 1573 287 287 287 127 127 127 180 180 180 5 5 5
"152" 3 0 -48.9166666666667 -26.0833333333333 2832 2832 2832 271 271 271 100 100 100 234 234 234 84 84 84
"153" 1 0 -42.5833333333333 -14.0833333333333 1191 1191 1191 278 278 278 135 135 135 187 187 187 6 6 6
"154" 2 0 -44.25 -18.9166666666667 1888 1888 1888 301 301 301 108 108 108 236 236 236 6 6 6
"155" 2 0 -55.0833333333333 -28.5833333333333 3729 3729 3729 323 323 323 97 97 97 189 189 189 129 129 129
"156" 2 0 -52.25 -27.9166666666667 2986 2986 2986 280 280 280 88 88 88 203 203 203 117 117 117
"157" 1 0 -44.9166666666667 -23.4166666666667 2202 2202 2202 302 302 302 134 134 134 317 317 317 91 91 91
"158" 3 0 -55.75 -22.9166666666667 2620 2620 2620 315 315 315 119 119 119 176 176 176 48 48 48
"159" 1 0 -57.4166666666667 -26.9166666666667 3815 3815 3815 337 337 337 115 115 115 147 147 147 51 51 51
"160" 3 0 -39.0833333333333 -10.25 1696 1696 1696 311 311 311 154 154 154 78 78 78 17 17 17
"161" 1 0 -42.0833333333333 -21.4166666666667 2262 2262 2262 313 313 313 118 118 118 244 244 244 18 18 18
"162" 2 0 -50.0833333333333 -17.5833333333333 1325 1325 1325 322 322 322 149 149 149 257 257 257 7 7 7
"163" 1 0 -40.75 -11.25 1469 1469 1469 284 284 284 142 142 142 103 103 103 16 16 16
"164" 3 0 -56.25 -27.9166666666667 3846 3846 3846 332 332 332 104 104 104 167 167 167 88 88 88
"165" 1 0 -43.25 -9.75 729 729 729 343 343 343 168 168 168 123 123 123 0 0 0
"166" 3 0 -59.75 -30.5833333333333 4517 4517 4517 332 332 332 78 78 78 133 133 133 35 35 35
"167" 3 0 -57.4166666666667 -28.4166666666667 4092 4092 4092 338 338 338 100 100 100 167 167 167 56 56 56
"168" 1 0 -54.9166666666667 -24.75 3366 3366 3366 313 313 313 94 94 94 189 189 189 86 86 86
"169" 3 0 -49.25 -20.0833333333333 1859 1859 1859 319 319 319 128 128 128 247 247 247 11 11 11
"170" 2 0 -52.4166666666667 -26.5833333333333 3125 3125 3125 284 284 284 58 58 58 228 228 228 142 142 142
"171" 3 0 -55.25 -32.0833333333333 4349 4349 4349 315 315 315 65 65 65 126 126 126 77 77 77
"172" 3 0 -54.4166666666667 -28.0833333333333 3509 3509 3509 313 313 313 91 91 91 188 188 188 134 134 134
"173" 2 0 -60.0833333333333 -26.5833333333333 4074 4074 4074 342 342 342 89 89 89 133 133 133 23 23 23
"174" 2 0 -41.9166666666667 -8.41666666666666 1057 1057 1057 351 351 351 177 177 177 145 145 145 0 0 0
"175" 1 0 -56.25 -31.4166666666667 4581 4581 4581 314 314 314 60 60 60 134 134 134 89 89 89
"176" 1 0 -58.5833333333333 -31.0833333333333 4627 4627 4627 328 328 328 70 70 70 137 137 137 57 57 57
"177" 3 0 -46.9166666666667 -19.0833333333333 1520 1520 1520 283 283 283 118 118 118 304 304 304 9 9 9
"178" 3 0 -53.9166666666667 -18.5833333333333 1616 1616 1616 326 326 326 148 148 148 255 255 255 22 22 22
"179" 3 0 -57.5833333333333 -21.75 2832 2832 2832 338 338 338 144 144 144 170 170 170 48 48 48
"180" 3 0 -51.0833333333333 -20.4166666666667 2229 2229 2229 309 309 309 119 119 119 225 225 225 21 21 21
"181" 1 0 -57.5833333333333 -25.9166666666667 3637 3637 3637 334 334 334 120 120 120 162 162 162 55 55 55
"182" 2 0 -55.4166666666667 -19.75 1950 1950 1950 326 326 326 151 151 151 241 241 241 32 32 32
"183" 1 0 -53.5833333333333 -19.0833333333333 1552 1552 1552 315 315 315 142 142 142 257 257 257 26 26 26
"184" 2 0 -50.5833333333333 -28.0833333333333 2993 2993 2993 259 259 259 67 67 67 158 158 158 112 112 112
"185" 1 0 -40.25 -8.58333333333333 1438 1438 1438 325 325 325 160 160 160 130 130 130 3 3 3
"186" 3 0 -39.9166666666667 -8.58333333333333 1449 1449 1449 327 327 327 165 165 165 114 114 114 2 2 2
"187" 2 0 -58.4166666666667 -22.25 3098 3098 3098 346 346 346 141 141 141 149 149 149 33 33 33
"188" 2 0 -51.25 -31.4166666666667 3530 3530 3530 279 279 279 97 97 97 134 134 134 79 79 79
"189" 2 0 -56.4166666666667 -19.4166666666667 2132 2132 2132 333 333 333 162 162 162 226 226 226 28 28 28
"190" 2 0 -39.5833333333333 -11.25 1679 1679 1679 314 314 314 161 161 161 79 79 79 12 12 12
"191" 3 0 -40.4166666666667 -16.25 1775 1775 1775 317 317 317 153 153 153 138 138 138 26 26 26
"192" 1 0 -60.5833333333333 -24.5833333333333 3911 3911 3911 343 343 343 96 96 96 125 125 125 16 16 16
"193" 3 0 -48.4166666666667 -21.75 2148 2148 2148 290 290 290 107 107 107 248 248 248 19 19 19
"194" 3 0 -54.25 -34.4166666666667 3802 3802 3802 275 275 275 65 65 65 103 103 103 64 64 64
"195" 1 0 -42.0833333333333 -14.25 1341 1341 1341 302 302 302 140 140 140 146 146 146 2 2 2
"196" 1 0 -60.0833333333333 -27.9166666666667 4219 4219 4219 343 343 343 85 85 85 148 148 148 26 26 26
"197" 3 0 -39.5833333333333 -10.75 1752 1752 1752 326 326 326 163 163 163 83 83 83 12 12 12
"198" 2 0 -42.75 -14.4166666666667 1277 1277 1277 305 305 305 145 145 145 180 180 180 0 0 0
"199" 2 0 -46.0833333333333 -21.4166666666667 2144 2144 2144 285 285 285 91 91 91 274 274 274 23 23 23
"200" 2 0 -41.75 -14.75 1516 1516 1516 296 296 296 132 132 132 145 145 145 3 3 3
"201" 2 0 -60.75 -27.25 4271 4271 4271 354 354 354 83 83 83 145 145 145 17 17 17
"202" 1 0 -44.5833333333333 -19.9166666666667 1825 1825 1825 288 288 288 98 98 98 306 306 306 7 7 7
"203" 1 0 -55.25 -27.4166666666667 3551 3551 3551 321 321 321 93 93 93 204 204 204 105 105 105
"204" 2 0 -45.25 -15.4166666666667 1442 1442 1442 324 324 324 126 126 126 264 264 264 2 2 2
"205" 3 0 -40.75 -9.25 1328 1328 1328 331 331 331 158 158 158 109 109 109 1 1 1
"206" 3 0 -61.9166666666667 -24.75 4074 4074 4074 348 348 348 90 90 90 111 111 111 7 7 7
"207" 3 0 -42.4166666666667 -8.25 925 925 925 358 358 358 180 180 180 155 155 155 1 1 1
"208" 1 0 -57.75 -21.25 2746 2746 2746 342 342 342 149 149 149 169 169 169 38 38 38
"209" 1 0 -40.25 -7.91666666666666 1221 1221 1221 324 324 324 166 166 166 161 161 161 3 3 3
"210" 1 0 -35.4166666666667 -8.75 1018 1018 1018 287 287 287 190 190 190 283 283 283 41 41 41
"211" 1 0 -60.5833333333333 -22.75 3651 3651 3651 355 355 355 120 120 120 97 97 97 7 7 7
"212" 3 0 -50.25 -18.5833333333333 1309 1309 1309 325 325 325 153 153 153 275 275 275 12 12 12
"213" 2 0 -36.9166666666667 -10.9166666666667 1025 1025 1025 300 300 300 210 210 210 266 266 266 38 38 38
"214" 1 0 -53.0833333333333 -20.4166666666667 1782 1782 1782 316 316 316 146 146 146 229 229 229 28 28 28
"215" 1 0 -44.5833333333333 -13.75 1159 1159 1159 317 317 317 140 140 140 204 204 204 0 0 0
"216" 2 0 -61.0833333333333 -22.0833333333333 3609 3609 3609 356 356 356 119 119 119 111 111 111 9 9 9
"217" 1 0 -47.9166666666667 -21.25 1929 1929 1929 286 286 286 105 105 105 258 258 258 23 23 23
"218" 3 0 -53.75 -23.75 2843 2843 2843 308 308 308 99 99 99 168 168 168 60 60 60
"219" 3 0 -37.5833333333333 -11.25 1501 1501 1501 315 315 315 184 184 184 213 213 213 43 43 43
"220" 2 0 -46.25 -20.4166666666667 2115 2115 2115 284 284 284 87 87 87 283 283 283 13 13 13
"221" 3 0 -42.75 -15.5833333333333 1486 1486 1486 277 277 277 114 114 114 211 211 211 3 3 3
"222" 1 0 -53.25 -23.4166666666667 2722 2722 2722 309 309 309 104 104 104 165 165 165 56 56 56
"223" 1 0 -37.4166666666667 -4.91666666666666 638 638 638 336 336 336 212 212 212 229 229 229 2 2 2
"224" 3 0 -53.5833333333333 -32.9166666666667 3759 3759 3759 295 295 295 78 78 78 113 113 113 85 85 85
"225" 2 0 -47.5833333333333 -20.25 1520 1520 1520 272 272 272 118 118 118 292 292 292 11 11 11
"226" 3 0 -40.5833333333333 -7.75 1107 1107 1107 309 309 309 160 160 160 164 164 164 2 2 2
"227" 1 0 -56.75 -29.75 4320 4320 4320 327 327 327 85 85 85 150 150 150 62 62 62
"228" 3 0 -48.9166666666667 -17.4166666666667 1443 1443 1443 315 315 315 126 126 126 247 247 247 7 7 7
"229" 2 0 -56.75 -22.5833333333333 2831 2831 2831 329 329 329 134 134 134 186 186 186 44 44 44
"230" 3 0 -59.4166666666667 -21.0833333333333 3011 3011 3011 351 351 351 142 142 142 110 110 110 15 15 15
"231" 1 0 -52.4166666666667 -23.5833333333333 2758 2758 2758 302 302 302 106 106 106 163 163 163 58 58 58
"232" 1 0 -48.25 -21.0833333333333 1881 1881 1881 295 295 295 116 116 116 256 256 256 15 15 15
"233" 1 0 -57.5833333333333 -21.25 2718 2718 2718 340 340 340 148 148 148 172 172 172 39 39 39
"234" 2 0 -45.25 -21.5833333333333 2239 2239 2239 282 282 282 82 82 82 278 278 278 16 16 16
"235" 2 0 -47.75 -22.9166666666667 2411 2411 2411 287 287 287 102 102 102 219 219 219 25 25 25
"236" 2 0 -39.9166666666667 -6.58333333333333 1041 1041 1041 330 330 330 192 192 192 175 175 175 4 4 4
"237" 1 0 -51.25 -30.4166666666667 3440 3440 3440 293 293 293 101 101 101 135 135 135 96 96 96
"238" 3 0 -41.9166666666667 -17.4166666666667 1689 1689 1689 295 295 295 116 116 116 198 198 198 15 15 15
"239" 2 0 -43.4166666666667 -16.25 1611 1611 1611 304 304 304 121 121 121 214 214 214 2 2 2
"240" 2 0 -48.4166666666667 -25.4166666666667 2825 2825 2825 295 295 295 135 135 135 297 297 297 78 78 78
"241" 2 0 -61.25 -25.4166666666667 4066 4066 4066 346 346 346 90 90 90 126 126 126 12 12 12
"242" 2 0 -57.4166666666667 -20.5833333333333 2551 2551 2551 340 340 340 153 153 153 183 183 183 29 29 29
"243" 1 0 -38.0833333333333 -4.91666666666666 606 606 606 335 335 335 211 211 211 213 213 213 1 1 1
"244" 3 0 -43.5833333333333 -15.5833333333333 1383 1383 1383 319 319 319 149 149 149 184 184 184 0 0 0
"245" 1 0 -55.4166666666667 -33.25 4483 4483 4483 309 309 309 59 59 59 121 121 121 90 90 90
"246" 2 0 -41.9166666666667 -16.75 1717 1717 1717 330 330 330 135 135 135 172 172 172 4 4 4
"247" 3 0 -34.9166666666667 -8.25 996 996 996 296 296 296 207 207 207 292 292 292 43 43 43
"248" 3 0 -51.9166666666667 -21.9166666666667 2541 2541 2541 308 308 308 113 113 113 179 179 179 33 33 33
"249" 1 0 -40.5833333333333 -8.08333333333333 1238 1238 1238 308 308 308 153 153 153 146 146 146 3 3 3
"250" 3 0 -42.9166666666667 -16.25 1714 1714 1714 289 289 289 110 110 110 214 214 214 4 4 4
"251" 1 0 -57.9166666666667 -25.25 3566 3566 3566 343 343 343 120 120 120 149 149 149 44 44 44
"252" 1 0 -48.5833333333333 -22.75 2310 2310 2310 282 282 282 94 94 94 233 233 233 33 33 33
"253" 2 0 -38.25 -7.25 1256 1256 1256 317 317 317 176 176 176 232 232 232 4 4 4
"254" 1 0 -51.75 -23.0833333333333 2524 2524 2524 292 292 292 99 99 99 181 181 181 47 47 47
"255" 3 0 -49.75 -21.0833333333333 2157 2157 2157 305 305 305 115 115 115 215 215 215 15 15 15
"256" 3 0 -47.25 -20.4166666666667 1509 1509 1509 268 268 268 117 117 117 276 276 276 12 12 12
"257" 1 0 -60.75 -26.25 4092 4092 4092 346 346 346 91 91 91 147 147 147 18 18 18
"258" 2 0 -36.9166666666667 -8.75 1758 1758 1758 304 304 304 164 164 164 86 86 86 11 11 11
"259" 1 0 -42.4166666666667 -16.75 1764 1764 1764 310 310 310 121 121 121 192 192 192 4 4 4
"260" 2 0 -60.5833333333333 -21.75 3422 3422 3422 360 360 360 130 130 130 114 114 114 12 12 12
"261" 2 0 -46.75 -15.9166666666667 1252 1252 1252 293 293 293 120 120 120 284 284 284 6 6 6
"262" 1 0 -56.0833333333333 -32.4166666666667 4629 4629 4629 315 315 315 59 59 59 121 121 121 77 77 77
"263" 1 0 -38.9166666666667 -10.5833333333333 1740 1740 1740 321 321 321 159 159 159 76 76 76 19 19 19
"264" 3 0 -46.25 -17.25 1398 1398 1398 314 314 314 136 136 136 250 250 250 5 5 5
"265" 1 0 -52.25 -21.4166666666667 2281 2281 2281 310 310 310 125 125 125 187 187 187 26 26 26
"266" 3 0 -50.75 -18.75 1299 1299 1299 314 314 314 145 145 145 279 279 279 17 17 17
"267" 2 0 -40.9166666666667 -17.4166666666667 1638 1638 1638 315 315 315 152 152 152 179 179 179 28 28 28
"268" 2 0 -44.25 -18.0833333333333 1864 1864 1864 303 303 303 115 115 115 299 299 299 1 1 1
"269" 2 0 -42.0833333333333 -21.75 2326 2326 2326 314 314 314 124 124 124 217 217 217 19 19 19
"270" 1 0 -41.5833333333333 -12.5833333333333 1218 1218 1218 283 283 283 121 121 121 135 135 135 11 11 11
"271" 1 0 -45.4166666666667 -16.75 1634 1634 1634 322 322 322 118 118 118 230 230 230 3 3 3
"272" 3 0 -55.5833333333333 -28.9166666666667 3921 3921 3921 322 322 322 89 89 89 182 182 182 107 107 107
"273" 1 0 -61.5833333333333 -24.75 4035 4035 4035 346 346 346 90 90 90 109 109 109 9 9 9
"274" 1 0 -56.4166666666667 -30.75 4493 4493 4493 321 321 321 71 71 71 136 136 136 85 85 85
"275" 2 0 -53.0833333333333 -21.0833333333333 1918 1918 1918 312 312 312 140 140 140 202 202 202 26 26 26
"276" 1 0 -44.5833333333333 -16.0833333333333 1618 1618 1618 316 316 316 108 108 108 224 224 224 5 5 5
"277" 1 0 -49.25 -23.0833333333333 2349 2349 2349 289 289 289 95 95 95 190 190 190 31 31 31
"278" 2 0 -45.9166666666667 -23.4166666666667 2254 2254 2254 255 255 255 91 91 91 229 229 229 35 35 35
"279" 2 0 -46.0833333333333 -23.4166666666667 2275 2275 2275 258 258 258 94 94 94 230 230 230 35 35 35
"280" 2 0 -42.75 -19.0833333333333 2019 2019 2019 303 303 303 117 117 117 283 283 283 12 12 12
"281" 3 0 -60.25 -29.9166666666667 4431 4431 4431 332 332 332 73 73 73 144 144 144 31 31 31
"282" 3 0 -57.25 -19.5833333333333 2271 2271 2271 335 335 335 167 167 167 205 205 205 27 27 27
"283" 1 0 -55.5833333333333 -21.5833333333333 2257 2257 2257 305 305 305 120 120 120 179 179 179 41 41 41
"284" 2 0 -48.75 -26.25 2787 2787 2787 290 290 290 130 130 130 260 260 260 79 79 79
"285" 3 0 -48.0833333333333 -23.25 2355 2355 2355 280 280 280 97 97 97 207 207 207 28 28 28
"286" 3 0 -38.9166666666667 -9.91666666666666 1759 1759 1759 318 318 318 159 159 159 85 85 85 10 10 10
"287" 3 0 -38.5833333333333 -10.75 1659 1659 1659 318 318 318 165 165 165 98 98 98 25 25 25
"288" 2 0 -48.9166666666667 -20.25 1866 1866 1866 317 317 317 126 126 126 247 247 247 12 12 12
"289" 2 0 -43.0833333333333 -17.75 1781 1781 1781 298 298 298 120 120 120 238 238 238 6 6 6
"290" 1 0 -52.25 -18.9166666666667 1433 1433 1433 312 312 312 142 142 142 276 276 276 24 24 24
"291" 1 0 -41.25 -18.4166666666667 1573 1573 1573 310 310 310 139 139 139 203 203 203 26 26 26
"292" 3 0 -45.9166666666667 -21.9166666666667 2143 2143 2143 273 273 273 80 80 80 275 275 275 24 24 24
"293" 3 0 -36.75 -7.08333333333333 1200 1200 1200 292 292 292 168 168 168 131 131 131 2 2 2
"294" 1 0 -42.5833333333333 -19.5833333333333 1943 1943 1943 320 320 320 135 135 135 215 215 215 12 12 12
"295" 2 0 -59.5833333333333 -30.75 4537 4537 4537 331 331 331 78 78 78 137 137 137 36 36 36
"296" 3 0 -55.25 -22.75 2511 2511 2511 309 309 309 115 115 115 190 190 190 51 51 51
"297" 1 0 -50.4166666666667 -21.25 2424 2424 2424 305 305 305 110 110 110 221 221 221 18 18 18
"298" 1 0 -43.25 -15.5833333333333 1382 1382 1382 315 315 315 150 150 150 185 185 185 0 0 0
"299" 1 0 -37.9166666666667 -4.75 613 613 613 331 331 331 214 214 214 217 217 217 2 2 2
"300" 2 0 -54.75 -21.5833333333333 2047 2047 2047 315 315 315 136 136 136 186 186 186 37 37 37
"301" 1 0 -55.0833333333333 -23.25 2610 2610 2610 311 311 311 116 116 116 194 194 194 60 60 60
"302" 3 0 -35.5833333333333 -5.58333333333333 1047 1047 1047 313 313 313 195 195 195 170 170 170 8 8 8
"303" 3 0 -45.9166666666667 -22.75 2274 2274 2274 215 215 215 38 38 38 319 319 319 36 36 36
"304" 3 0 -41.0833333333333 -16.25 1667 1667 1667 291 291 291 133 133 133 172 172 172 25 25 25
"305" 2 0 -40.25 -14.0833333333333 1365 1365 1365 277 277 277 155 155 155 113 113 113 26 26 26
"306" 1 0 -46.4166666666667 -17.4166666666667 1354 1354 1354 313 313 313 139 139 139 267 267 267 5 5 5
"307" 3 0 -57.75 -24.25 3400 3400 3400 336 336 336 128 128 128 148 148 148 30 30 30
"308" 2 0 -53.4166666666667 -29.5833333333333 3356 3356 3356 301 301 301 97 97 97 149 149 149 119 119 119
"309" 1 0 -56.0833333333333 -25.5833333333333 3452 3452 3452 317 317 317 110 110 110 170 170 170 77 77 77
"310" 2 0 -42.75 -6.91666666666666 841 841 841 349 349 349 201 201 201 199 199 199 1 1 1
"311" 3 0 -37.25 -10.9166666666667 1164 1164 1164 300 300 300 201 201 201 257 257 257 45 45 45
"312" 1 0 -55.9166666666667 -29.5833333333333 4183 4183 4183 317 317 317 80 80 80 171 171 171 98 98 98
"313" 3 0 -55.0833333333333 -22.0833333333333 2390 2390 2390 313 313 313 119 119 119 181 181 181 49 49 49
"314" 1 0 -37.0833333333333 -8.25 1521 1521 1521 294 294 294 162 162 162 139 139 139 13 13 13
"315" 1 0 -44.0833333333333 -17.5833333333333 1785 1785 1785 302 302 302 118 118 118 274 274 274 1 1 1
"316" 3 0 -58.4166666666667 -31.0833333333333 4624 4624 4624 328 328 328 71 71 71 138 138 138 61 61 61
"317" 2 0 -47.75 -22.25 2205 2205 2205 274 274 274 98 98 98 256 256 256 23 23 23
"318" 1 0 -48.9166666666667 -27.0833333333333 3018 3018 3018 285 285 285 101 101 101 203 203 203 87 87 87
"319" 1 0 -42.25 -5.58333333333333 1000 1000 1000 354 354 354 192 192 192 310 310 310 6 6 6
"320" 3 0 -54.9166666666667 -25.4166666666667 3470 3470 3470 316 316 316 101 101 101 185 185 185 85 85 85
"321" 2 0 -49.25 -17.9166666666667 1451 1451 1451 306 306 306 122 122 122 254 254 254 8 8 8
"322" 2 0 -51.75 -28.4166666666667 2994 2994 2994 271 271 271 82 82 82 196 196 196 128 128 128
"323" 3 0 -54.0833333333333 -22.75 2141 2141 2141 316 316 316 129 129 129 235 235 235 35 35 35
"324" 2 0 -34.9166666666667 -6.58333333333333 1129 1129 1129 316 316 316 196 196 196 249 249 249 31 31 31
"325" 3 0 -45.0833333333333 -18.4166666666667 1655 1655 1655 300 300 300 114 114 114 262 262 262 4 4 4
"326" 2 0 -41.4166666666667 -14.75 1482 1482 1482 296 296 296 140 140 140 141 141 141 3 3 3
"327" 3 0 -45.4166666666667 -19.4166666666667 1802 1802 1802 306 306 306 112 112 112 292 292 292 10 10 10
"328" 3 0 -41.5833333333333 -12.4166666666667 1228 1228 1228 298 298 298 137 137 137 142 142 142 10 10 10
"329" 3 0 -40.75 -14.5833333333333 1462 1462 1462 273 273 273 129 129 129 113 113 113 7 7 7
"330" 1 0 -44.0833333333333 -14.4166666666667 1295 1295 1295 328 328 328 146 146 146 206 206 206 1 1 1
"331" 3 0 -36.75 -7.75 1474 1474 1474 299 299 299 167 167 167 117 117 117 2 2 2
"332" 3 0 -39.0833333333333 -12.25 1582 1582 1582 298 298 298 173 173 173 99 99 99 34 34 34
"333" 3 0 -56.0833333333333 -30.75 4445 4445 4445 320 320 320 71 71 71 138 138 138 94 94 94
"334" 2 0 -48.0833333333333 -21.75 2123 2123 2123 283 283 283 104 104 104 233 233 233 22 22 22
"335" 1 0 -36.0833333333333 -5.75 1103 1103 1103 306 306 306 186 186 186 119 119 119 2 2 2
"336" 2 0 -41.0833333333333 -9.58333333333333 1179 1179 1179 332 332 332 160 160 160 110 110 110 0 0 0
"337" 2 0 -40.9166666666667 -6.41666666666666 928 928 928 308 308 308 170 170 170 192 192 192 2 2 2
"338" 3 0 -55.0833333333333 -26.9166666666667 3481 3481 3481 316 316 316 99 99 99 165 165 165 94 94 94
"339" 2 0 -41.75 -19.25 1777 1777 1777 319 319 319 136 136 136 215 215 215 16 16 16
"340" 1 0 -56.75 -23.9166666666667 3096 3096 3096 324 324 324 126 126 126 171 171 171 55 55 55
"341" 2 0 -38.9166666666667 -3.58333333333333 560 560 560 310 310 310 214 214 214 275 275 275 4 4 4
"342" 1 0 -53.4166666666667 -19.75 1603 1603 1603 316 316 316 146 146 146 248 248 248 29 29 29
"343" 3 0 -37.9166666666667 -5.08333333333333 621 621 621 336 336 336 211 211 211 212 212 212 1 1 1
"344" 3 0 -50.5833333333333 -21.4166666666667 2491 2491 2491 302 302 302 106 106 106 216 216 216 20 20 20
"345" 2 0 -36.4166666666667 -9.75 1464 1464 1464 302 302 302 179 179 179 184 184 184 23 23 23
"346" 1 0 -55.4166666666667 -29.9166666666667 4106 4106 4106 310 310 310 76 76 76 165 165 165 112 112 112
"347" 3 0 -41.0833333333333 -13.9166666666667 1345 1345 1345 303 303 303 159 159 159 131 131 131 5 5 5
"348" 2 0 -39.25 -4.91666666666666 651 651 651 327 327 327 199 199 199 194 194 194 3 3 3
"349" 1 0 -58.75 -28.4166666666667 4132 4132 4132 330 330 330 95 95 95 132 132 132 40 40 40
"350" 1 0 -53.0833333333333 -24.25 2931 2931 2931 305 305 305 100 100 100 193 193 193 74 74 74
"351" 2 0 -49.25 -18.0833333333333 1448 1448 1448 316 316 316 129 129 129 247 247 247 7 7 7
"352" 2 0 -56.0833333333333 -22.0833333333333 2494 2494 2494 316 316 316 124 124 124 174 174 174 42 42 42
"353" 1 0 -48.4166666666667 -24.5833333333333 3069 3069 3069 300 300 300 113 113 113 206 206 206 52 52 52
"354" 3 0 -56.0833333333333 -21.5833333333333 2456 2456 2456 321 321 321 131 131 131 177 177 177 42 42 42
"355" 3 0 -56.25 -24.75 3322 3322 3322 312 312 312 114 114 114 180 180 180 59 59 59
"356" 1 0 -37.5833333333333 -7.58333333333333 1495 1495 1495 296 296 296 162 162 162 170 170 170 6 6 6
"357" 1 0 -42.25 -18.5833333333333 1839 1839 1839 300 300 300 119 119 119 253 253 253 15 15 15
"358" 1 0 -54.5833333333333 -28.5833333333333 3675 3675 3675 318 318 318 94 94 94 182 182 182 137 137 137
"359" 1 0 -36.9166666666667 -4.91666666666666 673 673 673 320 320 320 206 206 206 185 185 185 1 1 1
"360" 2 0 -51.9166666666667 -25.25 2858 2858 2858 268 268 268 73 73 73 198 198 198 97 97 97
"361" 2 0 -55.9166666666667 -28.4166666666667 3907 3907 3907 330 330 330 95 95 95 172 172 172 93 93 93
"362" 1 0 -55.9166666666667 -33.4166666666667 4547 4547 4547 311 311 311 61 61 61 120 120 120 93 93 93
"363" 3 0 -59.75 -23.4166666666667 3524 3524 3524 348 348 348 116 116 116 98 98 98 16 16 16
"364" 1 0 -53.75 -34.0833333333333 3549 3549 3549 276 276 276 75 75 75 109 109 109 78 78 78
"365" 1 0 -44.75 -14.4166666666667 1228 1228 1228 323 323 323 138 138 138 228 228 228 1 1 1
"366" 2 0 -53.9166666666667 -19.25 1589 1589 1589 316 316 316 144 144 144 253 253 253 28 28 28
"367" 3 0 -59.4166666666667 -25.0833333333333 3848 3848 3848 347 347 347 103 103 103 126 126 126 18 18 18
"368" 2 0 -55.0833333333333 -31.5833333333333 4117 4117 4117 310 310 310 69 69 69 131 131 131 77 77 77
"369" 2 0 -38.9166666666667 -12.5833333333333 1481 1481 1481 299 299 299 177 177 177 188 188 188 64 64 64
"370" 3 0 -38.75 -4.91666666666666 568 568 568 334 334 334 202 202 202 203 203 203 2 2 2
"371" 2 0 -48.75 -16.9166666666667 1338 1338 1338 299 299 299 121 121 121 240 240 240 7 7 7
"372" 2 0 -49.25 -24.75 3123 3123 3123 298 298 298 97 97 97 146 146 146 56 56 56
"373" 1 0 -39.75 -19.0833333333333 1605 1605 1605 311 311 311 173 173 173 181 181 181 51 51 51
"374" 1 0 -54.9166666666667 -30.25 3886 3886 3886 311 311 311 85 85 85 146 146 146 113 113 113
"375" 2 0 -53.25 -30.4166666666667 3391 3391 3391 301 301 301 99 99 99 131 131 131 107 107 107
"376" 1 0 -41.4166666666667 -8.91666666666666 1096 1096 1096 334 334 334 167 167 167 121 121 121 1 1 1
"377" 2 0 -59.0833333333333 -31.25 4679 4679 4679 327 327 327 68 68 68 145 145 145 45 45 45
"378" 3 0 -40.25 -20.0833333333333 1671 1671 1671 315 315 315 181 181 181 183 183 183 44 44 44
"379" 2 0 -60.5833333333333 -23.9166666666667 3815 3815 3815 345 345 345 101 101 101 96 96 96 10 10 10
"380" 1 0 -59.4166666666667 -22.75 3384 3384 3384 351 351 351 127 127 127 103 103 103 14 14 14
"381" 1 0 -56.25 -20.0833333333333 2297 2297 2297 328 328 328 149 149 149 227 227 227 28 28 28
"382" 3 0 -50.25 -19.9166666666667 1881 1881 1881 313 313 313 126 126 126 225 225 225 15 15 15
"383" 2 0 -42.5833333333333 -5.91666666666666 1005 1005 1005 348 348 348 186 186 186 326 326 326 8 8 8
"384" 3 0 -46.25 -19.75 1835 1835 1835 278 278 278 89 89 89 298 298 298 10 10 10
"385" 2 0 -36.4166666666667 -7.58333333333333 1360 1360 1360 297 297 297 169 169 169 91 91 91 3 3 3
"386" 1 0 -49.5833333333333 -21.4166666666667 2302 2302 2302 305 305 305 112 112 112 212 212 212 19 19 19
"387" 2 0 -38.75 -8.25 1624 1624 1624 307 307 307 156 156 156 154 154 154 7 7 7
"388" 1 0 -58.9166666666667 -25.5833333333333 3882 3882 3882 346 346 346 100 100 100 138 138 138 22 22 22
"389" 3 0 -59.4166666666667 -29.25 4335 4335 4335 328 328 328 89 89 89 153 153 153 36 36 36
"390" 1 0 -40.5833333333333 -8.75 1377 1377 1377 328 328 328 160 160 160 120 120 120 1 1 1
"391" 1 0 -41.9166666666667 -12.5833333333333 1137 1137 1137 286 286 286 116 116 116 123 123 123 4 4 4
"392" 3 0 -41.75 -5.75 946 946 946 343 343 343 187 187 187 241 241 241 2 2 2
"393" 3 0 -48.9166666666667 -18.25 1557 1557 1557 319 319 319 128 128 128 241 241 241 5 5 5
"394" 1 0 -48.75 -18.5833333333333 1679 1679 1679 300 300 300 113 113 113 256 256 256 9 9 9
"395" 2 0 -47.0833333333333 -21.75 2209 2209 2209 284 284 284 97 97 97 235 235 235 17 17 17
"396" 1 0 -39.0833333333333 -9.25 1795 1795 1795 320 320 320 161 161 161 110 110 110 4 4 4
"397" 3 0 -42.5833333333333 -15.75 1625 1625 1625 285 285 285 112 112 112 211 211 211 3 3 3
"398" 1 0 -56.5833333333333 -23.9166666666667 3083 3083 3083 323 323 323 125 125 125 170 170 170 55 55 55
"399" 2 0 -40.4166666666667 -13.75 1391 1391 1391 272 272 272 147 147 147 124 124 124 22 22 22
"400" 1 0 -43.5833333333333 -17.5833333333333 1732 1732 1732 299 299 299 120 120 120 250 250 250 4 4 4
"401" 1 0 -56.5833333333333 -31.9166666666667 4640 4640 4640 315 315 315 59 59 59 130 130 130 80 80 80
"402" 1 0 -58.0833333333333 -25.4166666666667 3605 3605 3605 343 343 343 116 116 116 156 156 156 39 39 39
"403" 2 0 -42.75 -9.25 877 877 877 348 348 348 170 170 170 134 134 134 0 0 0
"404" 1 0 -44.75 -23.4166666666667 2192 2192 2192 300 300 300 129 129 129 289 289 289 90 90 90
"405" 1 0 -50.75 -23.0833333333333 2626 2626 2626 303 303 303 106 106 106 182 182 182 44 44 44
"406" 2 0 -47.25 -19.0833333333333 1661 1661 1661 284 284 284 118 118 118 289 289 289 9 9 9
"407" 2 0 -42.0833333333333 -19.9166666666667 1923 1923 1923 278 278 278 92 92 92 238 238 238 19 19 19
"408" 2 0 -61.75 -23.9166666666667 3876 3876 3876 353 353 353 100 100 100 122 122 122 9 9 9
"409" 2 0 -58.4166666666667 -23.4166666666667 3349 3349 3349 352 352 352 128 128 128 150 150 150 23 23 23
"410" 1 0 -58.9166666666667 -21.4166666666667 3003 3003 3003 349 349 349 143 143 143 123 123 123 21 21 21
"411" 3 0 -55.5833333333333 -23.75 2911 2911 2911 317 317 317 114 114 114 183 183 183 71 71 71
"412" 3 0 -43.5833333333333 -9.08333333333333 665 665 665 335 335 335 168 168 168 147 147 147 1 1 1
"413" 1 0 -54.5833333333333 -19.0833333333333 1647 1647 1647 315 315 315 138 138 138 252 252 252 30 30 30
"414" 1 0 -40.75 -7.08333333333333 922 922 922 330 330 330 186 186 186 160 160 160 2 2 2
"415" 2 0 -40.5833333333333 -6.25 895 895 895 314 314 314 182 182 182 181 181 181 3 3 3
"416" 1 0 -53.9166666666667 -29.25 3496 3496 3496 298 298 298 87 87 87 165 165 165 134 134 134
"417" 1 0 -36.9166666666667 -9.75 1700 1700 1700 313 313 313 177 177 177 105 105 105 11 11 11
"418" 3 0 -40.75 -15.5833333333333 1528 1528 1528 280 280 280 134 134 134 154 154 154 40 40 40
"419" 2 0 -50.75 -29.75 3308 3308 3308 284 284 284 97 97 97 151 151 151 105 105 105
"420" 2 0 -50.9166666666667 -19.4166666666667 1657 1657 1657 321 321 321 141 141 141 271 271 271 20 20 20
"421" 3 0 -49.5833333333333 -27.9166666666667 2767 2767 2767 247 247 247 66 66 66 184 184 184 102 102 102
"422" 2 0 -43.75 -16.9166666666667 1583 1583 1583 298 298 298 120 120 120 250 250 250 4 4 4
"423" 1 0 -60.5833333333333 -27.25 4224 4224 4224 352 352 352 83 83 83 142 142 142 18 18 18
"424" 3 0 -54.5833333333333 -30.4166666666667 3713 3713 3713 308 308 308 88 88 88 141 141 141 107 107 107
"425" 1 0 -46.75 -19.4166666666667 1633 1633 1633 283 283 283 111 111 111 303 303 303 13 13 13
"426" 3 0 -50.4166666666667 -30.4166666666667 3399 3399 3399 280 280 280 98 98 98 144 144 144 97 97 97
"427" 3 0 -55.9166666666667 -32.5833333333333 4600 4600 4600 317 317 317 62 62 62 121 121 121 76 76 76
"428" 2 0 -37.75 -10.0833333333333 1729 1729 1729 303 303 303 172 172 172 84 84 84 17 17 17
"429" 2 0 -56.0833333333333 -29.9166666666667 4266 4266 4266 318 318 318 77 77 77 154 154 154 93 93 93
"430" 3 0 -57.25 -31.9166666666667 4622 4622 4622 319 319 319 64 64 64 135 135 135 75 75 75
"431" 3 0 -57.75 -29.4166666666667 4403 4403 4403 325 325 325 87 87 87 158 158 158 53 53 53
"432" 3 0 -40.5833333333333 -13.4166666666667 1375 1375 1375 276 276 276 147 147 147 119 119 119 17 17 17
"433" 1 0 -39.0833333333333 -11.25 1651 1651 1651 316 316 316 162 162 162 83 83 83 19 19 19
"434" 2 0 -42.25 -10.5833333333333 1083 1083 1083 343 343 343 163 163 163 119 119 119 1 1 1
"435" 2 0 -51.4166666666667 -25.4166666666667 2676 2676 2676 257 257 257 72 72 72 185 185 185 102 102 102
"436" 1 0 -54.0833333333333 -30.4166666666667 3538 3538 3538 301 301 301 90 90 90 141 141 141 107 107 107
"437" 1 0 -42.0833333333333 -9.08333333333333 935 935 935 346 346 346 180 180 180 131 131 131 0 0 0
"438" 2 0 -51.9166666666667 -27.9166666666667 3037 3037 3037 282 282 282 87 87 87 199 199 199 117 117 117
"439" 2 0 -40.25 -16.25 1725 1725 1725 310 310 310 152 152 152 127 127 127 31 31 31
"440" 3 0 -42.75 -11.4166666666667 1019 1019 1019 322 322 322 138 138 138 146 146 146 1 1 1
"441" 3 0 -51.0833333333333 -18.4166666666667 1198 1198 1198 313 313 313 148 148 148 276 276 276 17 17 17
"442" 2 0 -57.25 -22.9166666666667 3121 3121 3121 335 335 335 134 134 134 190 190 190 42 42 42
"443" 1 0 -50.4166666666667 -22.25 2580 2580 2580 298 298 298 101 101 101 190 190 190 26 26 26
"444" 2 0 -49.5833333333333 -17.75 1405 1405 1405 313 313 313 134 134 134 253 253 253 8 8 8
"445" 1 0 -56.25 -25.0833333333333 3390 3390 3390 319 319 319 119 119 119 187 187 187 63 63 63
"446" 3 0 -59.5833333333333 -23.4166666666667 3476 3476 3476 348 348 348 117 117 117 105 105 105 19 19 19
"447" 1 0 -38.25 -6.91666666666666 1068 1068 1068 334 334 334 189 189 189 246 246 246 4 4 4
"448" 2 0 -45.4166666666667 -19.75 1952 1952 1952 303 303 303 104 104 104 286 286 286 12 12 12
"449" 1 0 -39.9166666666667 -12.75 1431 1431 1431 291 291 291 168 168 168 89 89 89 11 11 11
"450" 1 0 -46.0833333333333 -22.25 2138 2138 2138 270 270 270 82 82 82 267 267 267 22 22 22
"451" 3 0 -41.4166666666667 -5.91666666666666 911 911 911 335 335 335 186 186 186 221 221 221 1 1 1
"452" 1 0 -45.75 -14.9166666666667 1146 1146 1146 309 309 309 131 131 131 274 274 274 4 4 4
"453" 1 0 -39.4166666666667 -4.41666666666666 585 585 585 313 313 313 195 195 195 196 196 196 2 2 2
"454" 1 0 -52.4166666666667 -24.9166666666667 2847 2847 2847 279 279 279 81 81 81 216 216 216 87 87 87
"455" 3 0 -59.25 -29.75 4407 4407 4407 328 328 328 82 82 82 146 146 146 38 38 38
"456" 1 0 -53.4166666666667 -32.75 3744 3744 3744 293 293 293 79 79 79 116 116 116 82 82 82
"457" 1 0 -51.25 -24.25 2836 2836 2836 288 288 288 81 81 81 193 193 193 76 76 76
"458" 2 0 -36.25 -9.58333333333333 1406 1406 1406 297 297 297 180 180 180 220 220 220 27 27 27
"459" 3 0 -40.0833333333333 -18.0833333333333 1490 1490 1490 310 310 310 171 171 171 161 161 161 45 45 45
"460" 3 0 -55.25 -21.4166666666667 2152 2152 2152 312 312 312 131 131 131 187 187 187 39 39 39
"461" 3 0 -56.75 -25.0833333333333 3416 3416 3416 323 323 323 127 127 127 156 156 156 55 55 55
"462" 3 0 -42.0833333333333 -14.5833333333333 1413 1413 1413 301 301 301 138 138 138 154 154 154 2 2 2
"463" 1 0 -48.0833333333333 -23.0833333333333 2368 2368 2368 287 287 287 102 102 102 209 209 209 26 26 26
"464" 1 0 -55.9166666666667 -22.0833333333333 2420 2420 2420 303 303 303 114 114 114 171 171 171 44 44 44
"465" 3 0 -50.25 -26.0833333333333 3213 3213 3213 273 273 273 58 58 58 167 167 167 73 73 73
"466" 2 0 -52.75 -21.25 2053 2053 2053 309 309 309 133 133 133 195 195 195 26 26 26
"467" 2 0 -51.25 -29.5833333333333 3262 3262 3262 293 293 293 104 104 104 143 143 143 104 104 104
"468" 1 0 -47.0833333333333 -19.9166666666667 1554 1554 1554 263 263 263 103 103 103 288 288 288 13 13 13
"469" 3 0 -40.9166666666667 -16.0833333333333 1660 1660 1660 295 295 295 139 139 139 163 163 163 29 29 29
"470" 1 0 -42.9166666666667 -8.25 772 772 772 351 351 351 182 182 182 154 154 154 2 2 2
"471" 2 0 -48.9166666666667 -20.75 1856 1856 1856 304 304 304 121 121 121 250 250 250 14 14 14
"472" 3 0 -38.5833333333333 -9.75 1753 1753 1753 300 300 300 147 147 147 92 92 92 16 16 16
"473" 1 0 -44.25 -17.25 1735 1735 1735 309 309 309 117 117 117 240 240 240 3 3 3
"474" 3 0 -58.9166666666667 -23.0833333333333 3370 3370 3370 348 348 348 124 124 124 130 130 130 24 24 24
"475" 3 0 -52.9166666666667 -29.75 3316 3316 3316 301 301 301 103 103 103 151 151 151 94 94 94
"476" 3 0 -38.75 -3.75 550 550 550 302 302 302 210 210 210 289 289 289 9 9 9
"477" 2 0 -54.25 -23.0833333333333 2381 2381 2381 316 316 316 124 124 124 215 215 215 48 48 48
"478" 1 0 -39.9166666666667 -5.25 745 745 745 309 309 309 193 193 193 170 170 170 2 2 2
"479" 2 0 -44.5833333333333 -22.4166666666667 2145 2145 2145 256 256 256 64 64 64 300 300 300 25 25 25
"480" 3 0 -42.9166666666667 -19.75 2064 2064 2064 290 290 290 105 105 105 271 271 271 12 12 12
"481" 3 0 -51.0833333333333 -29.75 3317 3317 3317 292 292 292 102 102 102 144 144 144 105 105 105
"482" 2 0 -54.25 -27.5833333333333 3466 3466 3466 317 317 317 95 95 95 181 181 181 123 123 123
"483" 3 0 -42.75 -17.0833333333333 1741 1741 1741 301 301 301 119 119 119 209 209 209 5 5 5
"484" 2 0 -51.4166666666667 -18.4166666666667 1192 1192 1192 314 314 314 150 150 150 275 275 275 19 19 19
"485" 2 0 -47.9166666666667 -23.75 2479 2479 2479 268 268 268 88 88 88 195 195 195 36 36 36
"486" 2 0 -57.25 -24.25 3379 3379 3379 326 326 326 131 131 131 167 167 167 40 40 40
"487" 2 0 -45.0833333333333 -18.5833333333333 1707 1707 1707 305 305 305 118 118 118 257 257 257 3 3 3
"488" 3 0 -40.5833333333333 -4.25 724 724 724 338 338 338 199 199 199 252 252 252 1 1 1
"489" 1 0 -41.25 -8.75 1146 1146 1146 332 332 332 164 164 164 128 128 128 1 1 1
"490" 2 0 -48.75 -21.9166666666667 2307 2307 2307 299 299 299 109 109 109 238 238 238 20 20 20
"491" 2 0 -46.75 -18.25 1289 1289 1289 301 301 301 145 145 145 295 295 295 6 6 6
"492" 2 0 -53.25 -29.75 3378 3378 3378 304 304 304 102 102 102 146 146 146 110 110 110
"493" 1 0 -54.75 -25.25 3436 3436 3436 313 313 313 99 99 99 187 187 187 86 86 86
"494" 2 0 -40.4166666666667 -9.75 1534 1534 1534 320 320 320 153 153 153 93 93 93 2 2 2
"495" 1 0 -44.9166666666667 -18.0833333333333 1725 1725 1725 299 299 299 113 113 113 275 275 275 2 2 2
"496" 1 0 -55.25 -22.25 2491 2491 2491 315 315 315 117 117 117 183 183 183 50 50 50
"497" 1 0 -55.4166666666667 -29.4166666666667 3997 3997 3997 312 312 312 80 80 80 181 181 181 111 111 111
"498" 1 0 -55.4166666666667 -31.0833333333333 4254 4254 4254 314 314 314 71 71 71 149 149 149 85 85 85
"499" 2 0 -59.5833333333333 -22.25 3325 3325 3325 354 354 354 133 133 133 89 89 89 10 10 10
"500" 3 0 -50.5833333333333 -23.25 2552 2552 2552 295 295 295 101 101 101 171 171 171 52 52 52
"501" 3 0 -45.0833333333333 -14.9166666666667 1278 1278 1278 315 315 315 128 128 128 265 265 265 2 2 2
"502" 1 0 -55.5833333333333 -34.75 4156 4156 4156 284 284 284 72 72 72 99 99 99 75 75 75
"503" 2 0 -44.0833333333333 -18.5833333333333 1957 1957 1957 303 303 303 112 112 112 248 248 248 6 6 6
"504" 1 0 -50.25 -25.4166666666667 2945 2945 2945 272 272 272 72 72 72 192 192 192 78 78 78
"505" 2 0 -60.25 -21.0833333333333 3189 3189 3189 355 355 355 135 135 135 102 102 102 12 12 12
"506" 1 0 -45.9166666666667 -16.25 1446 1446 1446 317 317 317 122 122 122 248 248 248 5 5 5
"507" 2 0 -54.75 -34.75 3795 3795 3795 267 267 267 77 77 77 103 103 103 65 65 65
"508" 3 0 -60.9166666666667 -29.25 4471 4471 4471 340 340 340 71 71 71 140 140 140 24 24 24
"509" 2 0 -59.9166666666667 -27.9166666666667 4185 4185 4185 340 340 340 87 87 87 148 148 148 29 29 29
"510" 1 0 -39.25 -6.41666666666666 1254 1254 1254 348 348 348 204 204 204 231 231 231 6 6 6
"511" 2 0 -61.9166666666667 -26.9166666666667 4381 4381 4381 356 356 356 79 79 79 117 117 117 10 10 10
"512" 2 0 -50.75 -30.5833333333333 3472 3472 3472 285 285 285 98 98 98 143 143 143 93 93 93
"513" 1 0 -51.25 -23.9166666666667 2548 2548 2548 270 270 270 72 72 72 198 198 198 72 72 72
"514" 1 0 -40.4166666666667 -11.75 1587 1587 1587 298 298 298 153 153 153 96 96 96 27 27 27
"515" 2 0 -35.75 -7.08333333333333 1237 1237 1237 294 294 294 170 170 170 157 157 157 22 22 22
"516" 2 0 -38.25 -5.41666666666666 682 682 682 341 341 341 214 214 214 203 203 203 2 2 2
"517" 1 0 -45.5833333333333 -17.25 1525 1525 1525 314 314 314 122 122 122 250 250 250 4 4 4
"518" 1 0 -41.25 -9.25 1125 1125 1125 340 340 340 168 168 168 119 119 119 0 0 0
"519" 3 0 -44.0833333333333 -15.0833333333333 1340 1340 1340 330 330 330 146 146 146 217 217 217 1 1 1
"520" 3 0 -42.4166666666667 -9.75 862 862 862 343 343 343 180 180 180 119 119 119 1 1 1
"521" 1 0 -53.5833333333333 -20.4166666666667 1674 1674 1674 313 313 313 146 146 146 229 229 229 30 30 30
"522" 2 0 -52.9166666666667 -30.4166666666667 3369 3369 3369 295 295 295 98 98 98 134 134 134 102 102 102
"523" 2 0 -37.75 -4.41666666666666 585 585 585 323 323 323 214 214 214 298 298 298 7 7 7
"524" 1 0 -47.75 -23.25 2352 2352 2352 280 280 280 99 99 99 204 204 204 30 30 30
"525" 3 0 -40.4166666666667 -5.08333333333333 757 757 757 323 323 323 191 191 191 186 186 186 1 1 1
"526" 1 0 -49.25 -21.25 2116 2116 2116 303 303 303 115 115 115 225 225 225 17 17 17
"527" 2 0 -50.25 -20.25 2057 2057 2057 302 302 302 114 114 114 219 219 219 17 17 17
"528" 3 0 -52.75 -19.4166666666667 1578 1578 1578 315 315 315 143 143 143 262 262 262 27 27 27
"529" 2 0 -53.0833333333333 -27.4166666666667 3134 3134 3134 303 303 303 98 98 98 182 182 182 125 125 125
"530" 3 0 -41.9166666666667 -5.41666666666666 967 967 967 350 350 350 190 190 190 280 280 280 3 3 3
"531" 1 0 -41.25 -14.5833333333333 1442 1442 1442 296 296 296 145 145 145 131 131 131 5 5 5
"532" 3 0 -45.25 -23.25 2215 2215 2215 247 247 247 70 70 70 260 260 260 32 32 32
"533" 2 0 -39.75 -14.0833333333333 1228 1228 1228 286 286 286 179 179 179 146 146 146 70 70 70
"534" 3 0 -51.4166666666667 -30.5833333333333 3413 3413 3413 292 292 292 101 101 101 133 133 133 95 95 95
"535" 2 0 -58.5833333333333 -28.5833333333333 4200 4200 4200 330 330 330 93 93 93 136 136 136 41 41 41
"536" 2 0 -41.4166666666667 -11.5833333333333 1296 1296 1296 286 286 286 141 141 141 110 110 110 4 4 4
"537" 2 0 -40.9166666666667 -9.91666666666666 1325 1325 1325 310 310 310 146 146 146 90 90 90 1 1 1
"538" 2 0 -43.5833333333333 -15.9166666666667 1489 1489 1489 319 319 319 138 138 138 204 204 204 1 1 1
"539" 2 0 -43.25 -15.9166666666667 1542 1542 1542 309 309 309 130 130 130 200 200 200 1 1 1
"540" 3 0 -54.9166666666667 -31.0833333333333 3938 3938 3938 311 311 311 80 80 80 134 134 134 84 84 84
"541" 1 0 -56.0833333333333 -32.75 4629 4629 4629 317 317 317 61 61 61 118 118 118 75 75 75
"542" 3 0 -48.9166666666667 -23.0833333333333 2248 2248 2248 291 291 291 98 98 98 201 201 201 35 35 35
"543" 3 0 -57.25 -30.75 4531 4531 4531 324 324 324 77 77 77 149 149 149 73 73 73
"544" 1 0 -39.75 -16.0833333333333 1515 1515 1515 299 299 299 165 165 165 139 139 139 41 41 41
"545" 2 0 -42.4166666666667 -7.75 854 854 854 353 353 353 185 185 185 156 156 156 1 1 1
"546" 2 0 -54.25 -21.9166666666667 1952 1952 1952 320 320 320 140 140 140 208 208 208 29 29 29
"547" 3 0 -40.9166666666667 -19.4166666666667 1642 1642 1642 313 313 313 143 143 143 209 209 209 25 25 25
"548" 3 0 -52.25 -21.75 2411 2411 2411 315 315 315 125 125 125 169 169 169 32 32 32
"549" 2 0 -38.9166666666667 -5.91666666666666 910 910 910 340 340 340 209 209 209 203 203 203 3 3 3
"550" 2 0 -53.25 -27.9166666666667 3118 3118 3118 296 296 296 94 94 94 182 182 182 123 123 123
"551" 1 0 -56.9166666666667 -23.25 3002 3002 3002 332 332 332 126 126 126 174 174 174 47 47 47
"552" 2 0 -41.9166666666667 -21.25 2084 2084 2084 320 320 320 139 139 139 237 237 237 17 17 17
"553" 1 0 -51.9166666666667 -22.5833333333333 2601 2601 2601 309 309 309 112 112 112 172 172 172 41 41 41
"554" 1 0 -40.25 -11.75 1584 1584 1584 301 301 301 157 157 157 97 97 97 25 25 25
"555" 2 0 -43.4166666666667 -21.75 1990 1990 1990 281 281 281 112 112 112 285 285 285 18 18 18
"556" 3 0 -39.9166666666667 -7.75 1213 1213 1213 317 317 317 166 166 166 169 169 169 5 5 5
"557" 2 0 -45.9166666666667 -16.5833333333333 1454 1454 1454 310 310 310 118 118 118 236 236 236 5 5 5
"558" 3 0 -59.5833333333333 -27.0833333333333 4104 4104 4104 337 337 337 92 92 92 146 146 146 32 32 32
"559" 2 0 -41.0833333333333 -19.4166666666667 1686 1686 1686 330 330 330 153 153 153 209 209 209 21 21 21
"560" 2 0 -59.4166666666667 -25.9166666666667 3988 3988 3988 344 344 344 94 94 94 137 137 137 22 22 22
"561" 2 0 -50.4166666666667 -28.25 2872 2872 2872 255 255 255 69 69 69 158 158 158 109 109 109
"562" 1 0 -55.5833333333333 -28.25 3731 3731 3731 328 328 328 97 97 97 186 186 186 105 105 105
"563" 1 0 -53.9166666666667 -20.9166666666667 1725 1725 1725 311 311 311 145 145 145 212 212 212 31 31 31
"564" 3 0 -37.9166666666667 -6.75 1008 1008 1008 334 334 334 198 198 198 207 207 207 5 5 5
"565" 2 0 -45.5833333333333 -16.0833333333333 1519 1519 1519 323 323 323 119 119 119 239 239 239 5 5 5
"566" 1 0 -39.25 -17.4166666666667 1349 1349 1349 305 305 305 185 185 185 143 143 143 52 52 52
"567" 2 0 -51.5833333333333 -23.4166666666667 2464 2464 2464 283 283 283 91 91 91 187 187 187 53 53 53
"568" 2 0 -47.75 -15.9166666666667 1133 1133 1133 285 285 285 121 121 121 274 274 274 6 6 6
"569" 1 0 -50.75 -23.75 2485 2485 2485 269 269 269 73 73 73 194 194 194 64 64 64
"570" 3 0 -49.0833333333333 -18.75 1631 1631 1631 310 310 310 121 121 121 244 244 244 7 7 7
"571" 1 0 -55.0833333333333 -34.5833333333333 4010 4010 4010 278 278 278 70 70 70 110 110 110 76 76 76
"572" 3 0 -56.5833333333333 -28.4166666666667 4033 4033 4033 334 334 334 99 99 99 164 164 164 77 77 77
"573" 2 0 -39.9166666666667 -14.5833333333333 1269 1269 1269 286 286 286 169 169 169 151 151 151 45 45 45
"574" 3 0 -52.5833333333333 -18.25 1353 1353 1353 307 307 307 135 135 135 280 280 280 20 20 20
"575" 1 0 -57.5833333333333 -23.5833333333333 3313 3313 3313 338 338 338 132 132 132 151 151 151 39 39 39
"576" 3 0 -46.5833333333333 -19.75 1727 1727 1727 276 276 276 97 97 97 288 288 288 14 14 14
"577" 3 0 -57.25 -29.75 4386 4386 4386 328 328 328 89 89 89 163 163 163 65 65 65
"578" 2 0 -43.75 -13.25 995 995 995 336 336 336 160 160 160 267 267 267 0 0 0
"579" 2 0 -51.4166666666667 -30.4166666666667 3400 3400 3400 293 293 293 102 102 102 133 133 133 98 98 98
"580" 2 0 -43.4166666666667 -19.75 2003 2003 2003 292 292 292 111 111 111 303 303 303 9 9 9
"581" 3 0 -43.4166666666667 -14.75 1269 1269 1269 321 321 321 154 154 154 197 197 197 0 0 0
"582" 3 0 -53.9166666666667 -22.75 2180 2180 2180 317 317 317 129 129 129 227 227 227 34 34 34
"583" 2 0 -38.9166666666667 -5.08333333333333 618 618 618 341 341 341 205 205 205 185 185 185 2 2 2
"584" 1 0 -39.5833333333333 -11.75 1544 1544 1544 305 305 305 165 165 165 55 55 55 11 11 11
"585" 2 0 -39.9166666666667 -11.25 1651 1651 1651 314 314 314 164 164 164 88 88 88 14 14 14
"586" 2 0 -40.75 -17.4166666666667 1614 1614 1614 314 314 314 156 156 156 180 180 180 33 33 33
"587" 2 0 -41.75 -4.91666666666666 936 936 936 343 343 343 183 183 183 295 295 295 3 3 3
"588" 3 0 -57.4166666666667 -30.4166666666667 4509 4509 4509 327 327 327 83 83 83 148 148 148 68 68 68
"589" 3 0 -51.75 -30.9166666666667 3432 3432 3432 291 291 291 99 99 99 132 132 132 89 89 89
"590" 3 0 -56.4166666666667 -25.4166666666667 3447 3447 3447 321 321 321 119 119 119 165 165 165 69 69 69
"591" 1 0 -40.25 -6.91666666666666 1005 1005 1005 319 319 319 179 179 179 153 153 153 3 3 3
"592" 2 0 -45.0833333333333 -21.75 2226 2226 2226 280 280 280 78 78 78 283 283 283 15 15 15
"593" 3 0 -55.4166666666667 -23.75 2856 2856 2856 311 311 311 108 108 108 185 185 185 72 72 72
"594" 1 0 -43.9166666666667 -23.0833333333333 2013 2013 2013 306 306 306 154 154 154 193 193 193 47 47 47
"595" 1 0 -56.4166666666667 -28.9166666666667 4126 4126 4126 330 330 330 91 91 91 166 166 166 79 79 79
"596" 3 0 -61.4166666666667 -27.0833333333333 4323 4323 4323 357 357 357 81 81 81 125 125 125 13 13 13
"597" 2 0 -61.0833333333333 -23.0833333333333 3799 3799 3799 352 352 352 110 110 110 93 93 93 6 6 6
"598" 3 0 -51.0833333333333 -20.25 2121 2121 2121 313 313 313 124 124 124 239 239 239 21 21 21
"599" 3 0 -61.9166666666667 -24.4166666666667 4011 4011 4011 349 349 349 94 94 94 117 117 117 8 8 8
"600" 2 0 -42.75 -8.41666666666666 850 850 850 349 349 349 173 173 173 149 149 149 2 2 2
"601" 3 0 -49.9166666666667 -17.75 1353 1353 1353 320 320 320 145 145 145 256 256 256 8 8 8
"602" 3 0 -45.75 -19.5833333333333 1942 1942 1942 304 304 304 104 104 104 290 290 290 7 7 7
"603" 3 0 -54.75 -21.25 1913 1913 1913 312 312 312 140 140 140 198 198 198 35 35 35
"604" 3 0 -45.4166666666667 -19.25 1737 1737 1737 306 306 306 115 115 115 294 294 294 10 10 10
"605" 3 0 -37.75 -8.08333333333333 1653 1653 1653 295 295 295 155 155 155 151 151 151 11 11 11
"606" 3 0 -50.25 -28.0833333333333 2877 2877 2877 252 252 252 64 64 64 158 158 158 106 106 106
"607" 1 0 -42.9166666666667 -18.75 2072 2072 2072 282 282 282 95 95 95 336 336 336 11 11 11
"608" 1 0 -59.0833333333333 -27.5833333333333 4051 4051 4051 328 328 328 98 98 98 152 152 152 41 41 41
"609" 3 0 -35.5833333333333 -6.41666666666666 1246 1246 1246 318 318 318 186 186 186 126 126 126 7 7 7
"610" 3 0 -42.75 -6.41666666666666 921 921 921 350 350 350 195 195 195 280 280 280 4 4 4
"611" 3 0 -57.75 -19.75 2390 2390 2390 341 341 341 162 162 162 175 175 175 27 27 27
"612" 2 0 -41.25 -14.75 1480 1480 1480 300 300 300 148 148 148 138 138 138 4 4 4
"613" 3 0 -46.0833333333333 -18.25 1256 1256 1256 298 298 298 131 131 131 294 294 294 6 6 6
"614" 3 0 -54.25 -20.9166666666667 1712 1712 1712 308 308 308 143 143 143 215 215 215 33 33 33
"615" 3 0 -40.0833333333333 -10.0833333333333 1635 1635 1635 314 314 314 154 154 154 95 95 95 13 13 13
"616" 3 0 -44.75 -20.4166666666667 1931 1931 1931 287 287 287 101 101 101 282 282 282 8 8 8
"617" 2 0 -56.4166666666667 -26.25 3662 3662 3662 321 321 321 105 105 105 148 148 148 64 64 64
"618" 2 0 -52.25 -27.25 3066 3066 3066 296 296 296 94 94 94 197 197 197 130 130 130
"619" 2 0 -51.5833333333333 -18.75 1334 1334 1334 317 317 317 149 149 149 278 278 278 22 22 22
"620" 2 0 -52.0833333333333 -32.0833333333333 3762 3762 3762 278 278 278 93 93 93 126 126 126 64 64 64
"621" 3 0 -42.5833333333333 -20.4166666666667 2090 2090 2090 296 296 296 104 104 104 227 227 227 15 15 15
"622" 1 0 -60.0833333333333 -26.25 4068 4068 4068 343 343 343 92 92 92 134 134 134 21 21 21
"623" 2 0 -52.4166666666667 -28.9166666666667 3082 3082 3082 276 276 276 85 85 85 166 166 166 109 109 109
"624" 1 0 -51.75 -20.25 1927 1927 1927 316 316 316 136 136 136 252 252 252 24 24 24
"625" 1 0 -40.25 -10.25 1528 1528 1528 292 292 292 139 139 139 95 95 95 15 15 15
"626" 3 0 -57.25 -25.25 3395 3395 3395 325 325 325 124 124 124 160 160 160 49 49 49
"627" 3 0 -61.75 -26.25 4227 4227 4227 353 353 353 84 84 84 112 112 112 7 7 7
"628" 2 0 -54.9166666666667 -34.9166666666667 3736 3736 3736 260 260 260 82 82 82 102 102 102 65 65 65
"629" 1 0 -48.75 -19.4166666666667 1759 1759 1759 308 308 308 122 122 122 257 257 257 10 10 10
"630" 3 0 -52.5833333333333 -24.0833333333333 2778 2778 2778 293 293 293 102 102 102 177 177 177 79 79 79
"631" 1 0 -41.0833333333333 -12.4166666666667 1355 1355 1355 298 298 298 147 147 147 119 119 119 16 16 16
"632" 1 0 -55.75 -20.5833333333333 2276 2276 2276 323 323 323 137 137 137 228 228 228 31 31 31
"633" 3 0 -40.0833333333333 -14.9166666666667 1364 1364 1364 279 279 279 151 151 151 126 126 126 42 42 42
"634" 1 0 -45.75 -20.5833333333333 2089 2089 2089 288 288 288 90 90 90 287 287 287 17 17 17
"635" 3 0 -48.4166666666667 -25.75 2666 2666 2666 287 287 287 138 138 138 291 291 291 84 84 84
"636" 2 0 -55.5833333333333 -21.75 2300 2300 2300 305 305 305 117 117 117 176 176 176 44 44 44
"637" 1 0 -59.75 -29.0833333333333 4295 4295 4295 329 329 329 83 83 83 165 165 165 32 32 32
"638" 2 0 -53.4166666666667 -33.75 3465 3465 3465 276 276 276 81 81 81 114 114 114 89 89 89
"639" 2 0 -55.25 -25.9166666666667 3600 3600 3600 319 319 319 90 90 90 192 192 192 96 96 96
"640" 2 0 -48.9166666666667 -18.9166666666667 1780 1780 1780 308 308 308 116 116 116 242 242 242 8 8 8
"641" 3 0 -36.9166666666667 -8.41666666666666 1572 1572 1572 290 290 290 155 155 155 124 124 124 14 14 14
"642" 3 0 -42.5833333333333 -7.08333333333333 793 793 793 351 351 351 199 199 199 192 192 192 1 1 1
"643" 2 0 -48.0833333333333 -25.0833333333333 2926 2926 2926 307 307 307 135 135 135 344 344 344 78 78 78
"644" 2 0 -39.75 -11.75 1570 1570 1570 304 304 304 164 164 164 67 67 67 14 14 14
"645" 3 0 -54.0833333333333 -27.4166666666667 3400 3400 3400 314 314 314 93 93 93 180 180 180 123 123 123
"646" 1 0 -40.9166666666667 -5.25 864 864 864 315 315 315 173 173 173 245 245 245 4 4 4
"647" 1 0 -46.9166666666667 -16.9166666666667 1417 1417 1417 306 306 306 127 127 127 230 230 230 17 17 17
"648" 2 0 -44.9166666666667 -16.9166666666667 1801 1801 1801 324 324 324 113 113 113 230 230 230 4 4 4
"649" 1 0 -54.4166666666667 -31.4166666666667 3674 3674 3674 305 305 305 84 84 84 117 117 117 70 70 70
"650" 3 0 -57.0833333333333 -29.75 4364 4364 4364 329 329 329 88 88 88 156 156 156 59 59 59
"651" 2 0 -58.5833333333333 -26.25 3948 3948 3948 344 344 344 95 95 95 154 154 154 32 32 32
"652" 3 0 -51.5833333333333 -24.9166666666667 2764 2764 2764 265 265 265 73 73 73 216 216 216 93 93 93
"653" 3 0 -51.9166666666667 -24.9166666666667 2776 2776 2776 265 265 265 72 72 72 225 225 225 92 92 92
"654" 1 0 -53.5833333333333 -33.4166666666667 3593 3593 3593 285 285 285 80 80 80 111 111 111 88 88 88
"655" 1 0 -37.5833333333333 -9.08333333333333 1886 1886 1886 308 308 308 167 167 167 81 81 81 12 12 12
"656" 3 0 -40.75 -8.75 1306 1306 1306 329 329 329 160 160 160 119 119 119 1 1 1
"657" 3 0 -46.25 -16.0833333333333 1366 1366 1366 313 313 313 127 127 127 267 267 267 4 4 4
"658" 1 0 -42.25 -6.58333333333333 926 926 926 339 339 339 182 182 182 250 250 250 2 2 2
"659" 3 0 -41.5833333333333 -11.25 1170 1170 1170 293 293 293 144 144 144 113 113 113 1 1 1
"660" 2 0 -47.9166666666667 -24.9166666666667 2869 2869 2869 306 306 306 131 131 131 319 319 319 69 69 69
"661" 2 0 -52.75 -20.4166666666667 1809 1809 1809 315 315 315 143 143 143 231 231 231 27 27 27
"662" 3 0 -42.0833333333333 -11.9166666666667 1172 1172 1172 299 299 299 124 124 124 121 121 121 1 1 1
"663" 1 0 -50.0833333333333 -20.75 2171 2171 2171 304 304 304 114 114 114 225 225 225 17 17 17
"664" 3 0 -57.0833333333333 -32.5833333333333 4690 4690 4690 317 317 317 62 62 62 130 130 130 71 71 71
"665" 1 0 -57.0833333333333 -24.5833333333333 3374 3374 3374 324 324 324 130 130 130 197 197 197 37 37 37
"666" 3 0 -47.5833333333333 -19.4166666666667 1628 1628 1628 276 276 276 109 109 109 294 294 294 11 11 11
"667" 2 0 -42.75 -19.4166666666667 2015 2015 2015 278 278 278 96 96 96 301 301 301 15 15 15
"668" 3 0 -53.9166666666667 -26.25 3382 3382 3382 296 296 296 65 65 65 193 193 193 119 119 119
"669" 3 0 -57.75 -31.4166666666667 4576 4576 4576 323 323 323 71 71 71 149 149 149 71 71 71
"670" 2 0 -54.75 -19.25 1655 1655 1655 310 310 310 135 135 135 251 251 251 32 32 32
"671" 3 0 -52.5833333333333 -19.4166666666667 1575 1575 1575 318 318 318 146 146 146 263 263 263 27 27 27
"672" 1 0 -55.5833333333333 -22.0833333333333 2430 2430 2430 308 308 308 115 115 115 177 177 177 47 47 47
"673" 2 0 -38.0833333333333 -10.75 1587 1587 1587 300 300 300 162 162 162 115 115 115 26 26 26
"674" 1 0 -55.25 -20.25 1919 1919 1919 321 321 321 148 148 148 238 238 238 30 30 30
"675" 3 0 -35.9166666666667 -7.91666666666666 1305 1305 1305 304 304 304 173 173 173 101 101 101 11 11 11
"676" 3 0 -53.4166666666667 -21.4166666666667 1931 1931 1931 312 312 312 139 139 139 191 191 191 27 27 27
"677" 3 0 -42.5833333333333 -5.75 1005 1005 1005 347 347 347 185 185 185 357 357 357 9 9 9
"678" 2 0 -52.75 -26.75 3117 3117 3117 300 300 300 85 85 85 202 202 202 145 145 145
"679" 2 0 -54.0833333333333 -21.4166666666667 1836 1836 1836 313 313 313 142 142 142 194 194 194 30 30 30
"680" 3 0 -53.5833333333333 -20.5833333333333 1714 1714 1714 314 314 314 147 147 147 223 223 223 29 29 29
"681" 1 0 -61.4166666666667 -24.25 3937 3937 3937 348 348 348 96 96 96 113 113 113 10 10 10
"682" 1 0 -57.9166666666667 -26.75 3852 3852 3852 335 335 335 119 119 119 150 150 150 37 37 37
"683" 1 0 -61.25 -23.5833333333333 3823 3823 3823 350 350 350 103 103 103 101 101 101 7 7 7
"684" 1 0 -58.5833333333333 -26.9166666666667 4020 4020 4020 335 335 335 110 110 110 174 174 174 42 42 42
"685" 1 0 -51.5833333333333 -24.75 2808 2808 2808 273 273 273 78 78 78 201 201 201 86 86 86
"686" 1 0 -56.0833333333333 -29.75 4243 4243 4243 319 319 319 79 79 79 160 160 160 92 92 92
"687" 3 0 -55.25 -21.0833333333333 1999 1999 1999 303 303 303 130 130 130 212 212 212 34 34 34
"688" 2 0 -53.0833333333333 -25.75 3354 3354 3354 294 294 294 63 63 63 227 227 227 107 107 107
"689" 3 0 -51.25 -18.5833333333333 1244 1244 1244 315 315 315 150 150 150 277 277 277 19 19 19
"690" 2 0 -51.25 -21.0833333333333 2391 2391 2391 303 303 303 112 112 112 192 192 192 21 21 21
"691" 1 0 -53.0833333333333 -27.25 3145 3145 3145 305 305 305 97 97 97 183 183 183 129 129 129
"692" 1 0 -50.9166666666667 -18.9166666666667 1386 1386 1386 321 321 321 149 149 149 277 277 277 19 19 19
"693" 2 0 -42.4166666666667 -12.0833333333333 1086 1086 1086 305 305 305 122 122 122 136 136 136 2 2 2
"694" 3 0 -55.9166666666667 -32.75 4612 4612 4612 317 317 317 62 62 62 119 119 119 78 78 78
"695" 1 0 -50.9166666666667 -24.75 2836 2836 2836 272 272 272 70 70 70 183 183 183 95 95 95
"696" 3 0 -36.9166666666667 -5.75 1013 1013 1013 336 336 336 215 215 215 180 180 180 3 3 3
"697" 2 0 -56.5833333333333 -28.5833333333333 4079 4079 4079 333 333 333 96 96 96 165 165 165 76 76 76
"698" 1 0 -59.9166666666667 -28.25 4218 4218 4218 338 338 338 86 86 86 150 150 150 31 31 31
"699" 2 0 -56.75 -19.25 2134 2134 2134 333 333 333 167 167 167 219 219 219 28 28 28
"700" 1 0 -40.75 -13.4166666666667 1346 1346 1346 294 294 294 157 157 157 116 116 116 9 9 9
"701" 3 0 -54.0833333333333 -18.75 1634 1634 1634 324 324 324 147 147 147 253 253 253 24 24 24
"702" 1 0 -39.5833333333333 -8.41666666666666 1242 1242 1242 329 329 329 175 175 175 130 130 130 2 2 2
"703" 3 0 -59.4166666666667 -27.5833333333333 4063 4063 4063 332 332 332 93 93 93 149 149 149 36 36 36
"704" 2 0 -49.4166666666667 -24.0833333333333 2801 2801 2801 284 284 284 87 87 87 190 190 190 50 50 50
"705" 2 0 -57.0833333333333 -20.0833333333333 2322 2322 2322 325 325 325 149 149 149 212 212 212 26 26 26
"706" 3 0 -56.75 -33.75 4577 4577 4577 306 306 306 60 60 60 130 130 130 96 96 96
"707" 3 0 -54.0833333333333 -26.75 3395 3395 3395 303 303 303 74 74 74 180 180 180 119 119 119
"708" 1 0 -48.25 -25.0833333333333 3003 3003 3003 289 289 289 116 116 116 295 295 295 72 72 72
"709" 1 0 -52.4166666666667 -24.0833333333333 2739 2739 2739 289 289 289 100 100 100 189 189 189 81 81 81
"710" 2 0 -41.25 -19.5833333333333 1754 1754 1754 326 326 326 146 146 146 211 211 211 20 20 20
"711" 2 0 -54.4166666666667 -32.0833333333333 4035 4035 4035 308 308 308 69 69 69 120 120 120 68 68 68
"712" 3 0 -40.75 -15.75 1605 1605 1605 294 294 294 143 143 143 157 157 157 33 33 33
"713" 2 0 -38.75 -5.91666666666666 872 872 872 340 340 340 210 210 210 197 197 197 3 3 3
"714" 2 0 -59.4166666666667 -23.4166666666667 3423 3423 3423 348 348 348 119 119 119 114 114 114 23 23 23
"715" 1 0 -40.9166666666667 -20.0833333333333 1711 1711 1711 272 272 272 104 104 104 216 216 216 35 35 35
"716" 3 0 -53.0833333333333 -29.25 3254 3254 3254 296 296 296 97 97 97 160 160 160 101 101 101
"717" 1 0 -40.75 -6.25 895 895 895 306 306 306 173 173 173 194 194 194 3 3 3
"718" 1 0 -54.9166666666667 -19.25 1735 1735 1735 326 326 326 148 148 148 247 247 247 31 31 31
"719" 1 0 -50.75 -28.9166666666667 2901 2901 2901 259 259 259 78 78 78 187 187 187 131 131 131
"720" 3 0 -60.0833333333333 -24.5833333333333 3821 3821 3821 345 345 345 101 101 101 119 119 119 18 18 18
"721" 3 0 -49.5833333333333 -24.25 3164 3164 3164 267 267 267 54 54 54 210 210 210 59 59 59
"722" 1 0 -38.5833333333333 -11.9166666666667 1492 1492 1492 288 288 288 166 166 166 140 140 140 45 45 45
"723" 2 0 -42.0833333333333 -9.25 876 876 876 341 341 341 181 181 181 127 127 127 0 0 0
"724" 2 0 -42.0833333333333 -15.75 1656 1656 1656 290 290 290 120 120 120 187 187 187 5 5 5
"725" 2 0 -59.25 -25.25 3869 3869 3869 348 348 348 102 102 102 129 129 129 18 18 18
"726" 1 0 -49.0833333333333 -25.25 2737 2737 2737 258 258 258 79 79 79 213 213 213 79 79 79
"727" 1 0 -47.25 -22.9166666666667 2389 2389 2389 278 278 278 96 96 96 223 223 223 29 29 29
"728" 2 0 -55.5833333333333 -30.25 4203 4203 4203 315 315 315 76 76 76 148 148 148 106 106 106
"729" 1 0 -58.5833333333333 -30.75 4588 4588 4588 327 327 327 74 74 74 136 136 136 53 53 53
"730" 2 0 -50.5833333333333 -26.5833333333333 3190 3190 3190 261 261 261 46 46 46 163 163 163 99 99 99
"731" 1 0 -59.25 -30.75 4561 4561 4561 330 330 330 76 76 76 140 140 140 40 40 40
"732" 2 0 -36.9166666666667 -6.41666666666666 966 966 966 330 330 330 206 206 206 175 175 175 2 2 2
"733" 2 0 -60.4166666666667 -21.5833333333333 3372 3372 3372 359 359 359 132 132 132 109 109 109 12 12 12
"734" 1 0 -45.9166666666667 -21.4166666666667 2177 2177 2177 288 288 288 90 90 90 275 275 275 25 25 25
"735" 3 0 -38.4166666666667 -6.91666666666666 1087 1087 1087 333 333 333 190 190 190 263 263 263 4 4 4
"736" 3 0 -57.75 -27.9166666666667 3960 3960 3960 345 345 345 106 106 106 167 167 167 55 55 55
"737" 2 0 -41.0833333333333 -4.75 821 821 821 324 324 324 177 177 177 204 204 204 2 2 2
"738" 3 0 -55.4166666666667 -34.75 4083 4083 4083 281 281 281 75 75 75 98 98 98 74 74 74
"739" 3 0 -55.4166666666667 -26.4166666666667 3558 3558 3558 315 315 315 91 91 91 185 185 185 101 101 101
"740" 3 0 -38.9166666666667 -7.75 1441 1441 1441 313 313 313 162 162 162 189 189 189 2 2 2
"741" 2 0 -41.0833333333333 -6.41666666666666 949 949 949 316 316 316 174 174 174 203 203 203 2 2 2
"742" 1 0 -47.4166666666667 -20.0833333333333 1707 1707 1707 285 285 285 118 118 118 291 291 291 9 9 9
"743" 1 0 -52.0833333333333 -21.75 2452 2452 2452 312 312 312 120 120 120 168 168 168 32 32 32
"744" 2 0 -53.75 -30.75 3442 3442 3442 297 297 297 90 90 90 134 134 134 96 96 96
"745" 3 0 -47.4166666666667 -19.0833333333333 1681 1681 1681 282 282 282 115 115 115 281 281 281 10 10 10
"746" 1 0 -43.75 -21.5833333333333 1979 1979 1979 274 274 274 105 105 105 288 288 288 16 16 16
"747" 2 0 -48.9166666666667 -16.75 1360 1360 1360 302 302 302 129 129 129 239 239 239 6 6 6
"748" 1 0 -37.75 -7.08333333333333 1254 1254 1254 321 321 321 188 188 188 264 264 264 6 6 6
"749" 3 0 -51.75 -28.75 3073 3073 3073 277 277 277 87 87 87 182 182 182 122 122 122
"750" 2 0 -53.9166666666667 -28.9166666666667 3479 3479 3479 301 301 301 87 87 87 176 176 176 132 132 132
"751" 1 0 -59.9166666666667 -21.4166666666667 3200 3200 3200 355 355 355 137 137 137 101 101 101 12 12 12
"752" 3 0 -60.5833333333333 -23.25 3749 3749 3749 350 350 350 110 110 110 88 88 88 6 6 6
"753" 2 0 -50.4166666666667 -18.0833333333333 1235 1235 1235 318 318 318 148 148 148 274 274 274 11 11 11
"754" 3 0 -50.5833333333333 -26.9166666666667 3050 3050 3050 249 249 249 43 43 43 167 167 167 107 107 107
"755" 1 0 -41.9166666666667 -20.5833333333333 1920 1920 1920 277 277 277 79 79 79 237 237 237 19 19 19
"756" 2 0 -43.25 -21.9166666666667 2216 2216 2216 292 292 292 108 108 108 282 282 282 21 21 21
"757" 1 0 -49.9166666666667 -24.25 3021 3021 3021 272 272 272 61 61 61 191 191 191 61 61 61
"758" 3 0 -55.4166666666667 -28.4166666666667 3763 3763 3763 327 327 327 97 97 97 189 189 189 113 113 113
"759" 1 0 -55.25 -26.25 3586 3586 3586 314 314 314 86 86 86 184 184 184 99 99 99
"760" 3 0 -49.25 -25.4166666666667 2591 2591 2591 258 258 258 79 79 79 189 189 189 77 77 77
"761" 2 0 -55.0833333333333 -24.4166666666667 3212 3212 3212 314 314 314 100 100 100 192 192 192 86 86 86
"762" 2 0 -41.25 -18.75 1599 1599 1599 317 317 317 145 145 145 203 203 203 23 23 23
"763" 2 0 -61.9166666666667 -25.0833333333333 4130 4130 4130 348 348 348 87 87 87 109 109 109 7 7 7
"764" 1 0 -51.0833333333333 -24.9166666666667 3007 3007 3007 284 284 284 82 82 82 175 175 175 87 87 87
"765" 3 0 -44.9166666666667 -19.9166666666667 1918 1918 1918 298 298 298 104 104 104 282 282 282 5 5 5
"766" 3 0 -51.0833333333333 -27.25 3094 3094 3094 255 255 255 50 50 50 182 182 182 116 116 116
"767" 3 0 -51.5833333333333 -31.5833333333333 3581 3581 3581 280 280 280 96 96 96 132 132 132 74 74 74
"768" 2 0 -38.5833333333333 -12.4166666666667 1458 1458 1458 309 309 309 178 178 178 245 245 245 74 74 74
"769" 1 0 -42.0833333333333 -5.25 1012 1012 1012 349 349 349 186 186 186 313 313 313 6 6 6
"770" 1 0 -53.5833333333333 -18.25 1539 1539 1539 322 322 322 144 144 144 259 259 259 19 19 19
"771" 3 0 -41.25 -12.0833333333333 1416 1416 1416 283 283 283 128 128 128 117 117 117 21 21 21
"772" 3 0 -59.4166666666667 -25.75 3971 3971 3971 345 345 345 95 95 95 136 136 136 21 21 21
"773" 3 0 -55.9166666666667 -34.0833333333333 4447 4447 4447 303 303 303 63 63 63 117 117 117 91 91 91
"774" 3 0 -49.9166666666667 -20.75 2110 2110 2110 302 302 302 115 115 115 228 228 228 16 16 16
"775" 1 0 -40.4166666666667 -10.9166666666667 1543 1543 1543 302 302 302 154 154 154 121 121 121 25 25 25
"776" 2 0 -40.4166666666667 -17.0833333333333 1609 1609 1609 308 308 308 159 159 159 168 168 168 46 46 46
"777" 3 0 -40.25 -5.75 819 819 819 313 313 313 187 187 187 154 154 154 3 3 3
"778" 2 0 -53.9166666666667 -32.9166666666667 3987 3987 3987 302 302 302 72 72 72 116 116 116 83 83 83
"779" 1 0 -50.25 -21.5833333333333 2540 2540 2540 301 301 301 103 103 103 219 219 219 21 21 21
"780" 2 0 -43.0833333333333 -12.5833333333333 1028 1028 1028 342 342 342 159 159 159 139 139 139 2 2 2
"781" 1 0 -43.25 -10.25 763 763 763 338 338 338 159 159 159 134 134 134 1 1 1
"782" 1 0 -41.9166666666667 -11.9166666666667 1188 1188 1188 298 298 298 128 128 128 114 114 114 2 2 2
"783" 1 0 -43.75 -22.0833333333333 2187 2187 2187 287 287 287 106 106 106 263 263 263 14 14 14
"784" 2 0 -40.25 -5.08333333333333 739 739 739 313 313 313 188 188 188 160 160 160 2 2 2
"785" 2 0 -54.4166666666667 -34.0833333333333 3929 3929 3929 286 286 286 65 65 65 109 109 109 75 75 75
"786" 1 0 -41.5833333333333 -19.25 1767 1767 1767 307 307 307 126 126 126 219 219 219 21 21 21
"787" 1 0 -61.9166666666667 -27.5833333333333 4519 4519 4519 359 359 359 74 74 74 119 119 119 10 10 10
"788" 1 0 -41.0833333333333 -20.5833333333333 1783 1783 1783 287 287 287 116 116 116 205 205 205 33 33 33
"789" 2 0 -60.75 -29.5833333333333 4489 4489 4489 337 337 337 71 71 71 141 141 141 26 26 26
"790" 3 0 -39.0833333333333 -3.58333333333333 554 554 554 314 314 314 212 212 212 267 267 267 2 2 2
"791" 1 0 -37.0833333333333 -11.25 1087 1087 1087 306 306 306 207 207 207 269 269 269 49 49 49
"792" 3 0 -60.5833333333333 -21.4166666666667 3352 3352 3352 358 358 358 129 129 129 111 111 111 12 12 12
"793" 2 0 -35.5833333333333 -9.25 1079 1079 1079 295 295 295 199 199 199 252 252 252 36 36 36
"794" 3 0 -55.75 -32.75 4562 4562 4562 316 316 316 61 61 61 121 121 121 83 83 83
"795" 3 0 -39.4166666666667 -17.75 1386 1386 1386 306 306 306 184 184 184 177 177 177 80 80 80
"796" 2 0 -51.75 -23.75 2705 2705 2705 288 288 288 90 90 90 191 191 191 62 62 62
"797" 1 0 -51.4166666666667 -21.75 2591 2591 2591 308 308 308 112 112 112 190 190 190 29 29 29
"798" 1 0 -47.5833333333333 -20.4166666666667 1457 1457 1457 271 271 271 121 121 121 288 288 288 12 12 12
"799" 2 0 -48.9166666666667 -19.9166666666667 1790 1790 1790 315 315 315 125 125 125 262 262 262 12 12 12
"800" 2 0 -49.25 -24.25 2912 2912 2912 265 265 265 65 65 65 203 203 203 55 55 55
"801" 1 0 -50.9166666666667 -29.9166666666667 3465 3465 3465 291 291 291 97 97 97 145 145 145 99 99 99
"802" 3 0 -57.5833333333333 -24.9166666666667 3518 3518 3518 338 338 338 129 129 129 162 162 162 44 44 44
"803" 1 0 -41.9166666666667 -14.9166666666667 1555 1555 1555 296 296 296 131 131 131 160 160 160 2 2 2
"804" 1 0 -39.0833333333333 -15.5833333333333 1184 1184 1184 294 294 294 183 183 183 158 158 158 100 100 100
"805" 3 0 -45.4166666666667 -21.4166666666667 2232 2232 2232 284 284 284 84 84 84 269 269 269 20 20 20
"806" 3 0 -57.9166666666667 -21.9166666666667 2967 2967 2967 343 343 343 146 146 146 184 184 184 48 48 48
"807" 1 0 -51.75 -26.4166666666667 3009 3009 3009 254 254 254 44 44 44 197 197 197 107 107 107
"808" 2 0 -52.0833333333333 -20.4166666666667 1947 1947 1947 319 319 319 142 142 142 235 235 235 25 25 25
"809" 3 0 -57.5833333333333 -25.4166666666667 3566 3566 3566 338 338 338 123 123 123 160 160 160 47 47 47
"810" 2 0 -52.5833333333333 -29.4166666666667 3189 3189 3189 285 285 285 91 91 91 176 176 176 70 70 70
"811" 2 0 -40.9166666666667 -9.25 1257 1257 1257 336 336 336 163 163 163 110 110 110 0 0 0
"812" 3 0 -40.9166666666667 -16.5833333333333 1741 1741 1741 302 302 302 137 137 137 165 165 165 27 27 27
"813" 2 0 -41.9166666666667 -10.0833333333333 957 957 957 327 327 327 166 166 166 122 122 122 0 0 0
"814" 1 0 -53.9166666666667 -22.4166666666667 1994 1994 1994 318 318 318 136 136 136 247 247 247 26 26 26
"815" 1 0 -45.5833333333333 -20.5833333333333 2062 2062 2062 289 289 289 93 93 93 277 277 277 16 16 16
"816" 1 0 -50.5833333333333 -19.5833333333333 1718 1718 1718 313 313 313 134 134 134 254 254 254 18 18 18
"817" 3 0 -52.4166666666667 -31.0833333333333 3488 3488 3488 290 290 290 91 91 91 141 141 141 88 88 88
"818" 2 0 -40.0833333333333 -17.75 1494 1494 1494 309 309 309 171 171 171 150 150 150 43 43 43
"819" 1 0 -49.4166666666667 -22.25 2472 2472 2472 296 296 296 100 100 100 202 202 202 30 30 30
"820" 3 0 -41.9166666666667 -7.91666666666666 995 995 995 351 351 351 179 179 179 174 174 174 1 1 1
"821" 3 0 -44.0833333333333 -19.9166666666667 1857 1857 1857 289 289 289 100 100 100 302 302 302 11 11 11
"822" 2 0 -55.0833333333333 -25.25 3469 3469 3469 317 317 317 106 106 106 185 185 185 69 69 69
"823" 2 0 -54.25 -25.75 3491 3491 3491 313 313 313 77 77 77 205 205 205 91 91 91
"824" 1 0 -46.25 -22.0833333333333 2150 2150 2150 255 255 255 70 70 70 298 298 298 26 26 26
"825" 1 0 -55.5833333333333 -32.75 4529 4529 4529 315 315 315 61 61 61 122 122 122 86 86 86
"826" 2 0 -51.25 -26.75 3084 3084 3084 255 255 255 45 45 45 180 180 180 122 122 122
"827" 3 0 -55.9166666666667 -30.4166666666667 4332 4332 4332 316 316 316 72 72 72 143 143 143 101 101 101
"828" 2 0 -48.25 -23.4166666666667 2398 2398 2398 279 279 279 94 94 94 200 200 200 32 32 32
"829" 1 0 -41.25 -10.5833333333333 1306 1306 1306 291 291 291 137 137 137 109 109 109 4 4 4
"830" 1 0 -39.75 -11.9166666666667 1537 1537 1537 298 298 298 163 163 163 69 69 69 16 16 16
"831" 1 0 -52.5833333333333 -23.9166666666667 2778 2778 2778 294 294 294 103 103 103 166 166 166 72 72 72
"832" 3 0 -59.75 -23.5833333333333 3565 3565 3565 348 348 348 114 114 114 101 101 101 17 17 17
"833" 2 0 -58.9166666666667 -27.9166666666667 4102 4102 4102 331 331 331 98 98 98 139 139 139 41 41 41
"834" 1 0 -39.75 -5.08333333333333 746 746 746 321 321 321 206 206 206 185 185 185 2 2 2
"835" 3 0 -56.4166666666667 -24.75 3374 3374 3374 316 316 316 119 119 119 159 159 159 53 53 53
"836" 3 0 -40.4166666666667 -14.75 1414 1414 1414 259 259 259 122 122 122 104 104 104 30 30 30
"837" 1 0 -54.5833333333333 -24.9166666666667 3475 3475 3475 314 314 314 95 95 95 186 186 186 88 88 88
"838" 1 0 -56.5833333333333 -24.25 3203 3203 3203 315 315 315 121 121 121 162 162 162 59 59 59
"839" 3 0 -40.0833333333333 -12.75 1449 1449 1449 297 297 297 170 170 170 98 98 98 11 11 11
"840" 2 0 -57.4166666666667 -27.25 3897 3897 3897 342 342 342 117 117 117 143 143 143 50 50 50
"841" 1 0 -42.4166666666667 -19.75 1978 1978 1978 316 316 316 129 129 129 216 216 216 13 13 13
"842" 3 0 -43.5833333333333 -16.9166666666667 1590 1590 1590 292 292 292 117 117 117 240 240 240 4 4 4
"843" 2 0 -58.9166666666667 -25.4166666666667 3846 3846 3846 347 347 347 103 103 103 135 135 135 21 21 21
"844" 2 0 -49.4166666666667 -19.25 1578 1578 1578 317 317 317 135 135 135 259 259 259 9 9 9
"845" 3 0 -42.75 -13.9166666666667 1196 1196 1196 301 301 301 142 142 142 166 166 166 2 2 2
"846" 1 0 -50.5833333333333 -24.9166666666667 2779 2779 2779 273 273 273 74 74 74 167 167 167 81 81 81
"847" 3 0 -48.75 -16.4166666666667 1133 1133 1133 292 292 292 134 134 134 239 239 239 7 7 7
"848" 2 0 -52.5833333333333 -31.25 3529 3529 3529 283 283 283 81 81 81 146 146 146 89 89 89
"849" 1 0 -58.4166666666667 -30.5833333333333 4573 4573 4573 327 327 327 77 77 77 138 138 138 55 55 55
"850" 2 0 -49.5833333333333 -19.4166666666667 1594 1594 1594 314 314 314 131 131 131 262 262 262 12 12 12
"851" 1 0 -53.25 -18.9166666666667 1509 1509 1509 315 315 315 142 142 142 262 262 262 24 24 24
"852" 2 0 -57.0833333333333 -23.5833333333333 3105 3105 3105 334 334 334 127 127 127 162 162 162 48 48 48
"853" 3 0 -45.0833333333333 -17.25 1759 1759 1759 312 312 312 112 112 112 236 236 236 4 4 4
"854" 3 0 -56.75 -22.9166666666667 2927 2927 2927 330 330 330 130 130 130 187 187 187 41 41 41
"855" 2 0 -37.75 -7.75 1566 1566 1566 300 300 300 162 162 162 182 182 182 8 8 8
"856" 3 0 -37.5833333333333 -11.75 1448 1448 1448 316 316 316 188 188 188 248 248 248 58 58 58
"857" 1 0 -41.0833333333333 -14.25 1401 1401 1401 302 302 302 156 156 156 123 123 123 8 8 8
"858" 2 0 -47.75 -17.5833333333333 1318 1318 1318 311 311 311 120 120 120 273 273 273 11 11 11
"859" 2 0 -44.5833333333333 -23.0833333333333 2137 2137 2137 302 302 302 133 133 133 264 264 264 57 57 57
"860" 1 0 -53.5833333333333 -21.9166666666667 1981 1981 1981 317 317 317 138 138 138 197 197 197 25 25 25
"861" 3 0 -41.9166666666667 -11.0833333333333 1130 1130 1130 314 314 314 151 151 151 106 106 106 1 1 1
"862" 3 0 -39.4166666666667 -9.25 1705 1705 1705 320 320 320 159 159 159 100 100 100 4 4 4
"863" 3 0 -52.4166666666667 -20.9166666666667 2036 2036 2036 314 314 314 138 138 138 209 209 209 24 24 24
"864" 2 0 -43.5833333333333 -19.75 1859 1859 1859 277 277 277 103 103 103 323 323 323 10 10 10
"865" 2 0 -50.0833333333333 -17.75 1315 1315 1315 322 322 322 149 149 149 258 258 258 8 8 8
"866" 1 0 -49.4166666666667 -19.5833333333333 1701 1701 1701 318 318 318 130 130 130 254 254 254 11 11 11
"867" 1 0 -39.9166666666667 -7.58333333333333 1180 1180 1180 297 297 297 152 152 152 177 177 177 7 7 7
"868" 2 0 -60.0833333333333 -29.9166666666667 4409 4409 4409 332 332 332 75 75 75 145 145 145 32 32 32
"869" 1 0 -58.5833333333333 -30.25 4527 4527 4527 326 326 326 80 80 80 133 133 133 47 47 47
"870" 1 0 -54.0833333333333 -30.9166666666667 3462 3462 3462 292 292 292 81 81 81 134 134 134 93 93 93
"871" 1 0 -48.5833333333333 -17.25 1385 1385 1385 316 316 316 122 122 122 254 254 254 8 8 8
"872" 2 0 -53.0833333333333 -29.5833333333333 3246 3246 3246 286 286 286 88 88 88 158 158 158 106 106 106
"873" 2 0 -39.4166666666667 -6.75 1181 1181 1181 337 337 337 193 193 193 233 233 233 6 6 6
"874" 3 0 -57.25 -31.75 4624 4624 4624 321 321 321 66 66 66 134 134 134 75 75 75
"875" 3 0 -40.75 -18.9166666666667 1527 1527 1527 312 312 312 153 153 153 190 190 190 28 28 28
"876" 2 0 -53.4166666666667 -26.25 3252 3252 3252 286 286 286 60 60 60 205 205 205 123 123 123
"877" 3 0 -56.75 -33.25 4642 4642 4642 314 314 314 63 63 63 127 127 127 83 83 83
"878" 1 0 -48.5833333333333 -22.25 2345 2345 2345 291 291 291 102 102 102 223 223 223 23 23 23
"879" 3 0 -60.25 -30.25 4493 4493 4493 332 332 332 73 73 73 140 140 140 31 31 31
"880" 1 0 -43.75 -9.75 702 702 702 343 343 343 164 164 164 131 131 131 0 0 0
"881" 1 0 -55.5833333333333 -25.0833333333333 3351 3351 3351 316 316 316 110 110 110 194 194 194 82 82 82
"882" 1 0 -46.25 -20.9166666666667 2060 2060 2060 275 275 275 88 88 88 281 281 281 19 19 19
"883" 3 0 -59.75 -26.4166666666667 4036 4036 4036 341 341 341 91 91 91 137 137 137 24 24 24
"884" 3 0 -51.5833333333333 -29.5833333333333 3238 3238 3238 293 293 293 102 102 102 144 144 144 96 96 96
"885" 2 0 -50.5833333333333 -20.4166666666667 2248 2248 2248 306 306 306 113 113 113 217 217 217 17 17 17
"886" 3 0 -40.0833333333333 -7.58333333333333 1143 1143 1143 309 309 309 162 162 162 191 191 191 5 5 5
"887" 2 0 -43.75 -17.9166666666667 1700 1700 1700 280 280 280 107 107 107 308 308 308 7 7 7
"888" 2 0 -60.0833333333333 -22.0833333333333 3387 3387 3387 359 359 359 134 134 134 102 102 102 9 9 9
"889" 2 0 -58.25 -21.4166666666667 2883 2883 2883 346 346 346 147 147 147 159 159 159 35 35 35
"890" 3 0 -53.4166666666667 -22.9166666666667 2455 2455 2455 314 314 314 115 115 115 184 184 184 38 38 38
"891" 2 0 -46.4166666666667 -20.0833333333333 1994 1994 1994 281 281 281 87 87 87 278 278 278 11 11 11
"892" 3 0 -61.25 -26.9166666666667 4255 4255 4255 355 355 355 83 83 83 129 129 129 14 14 14
"893" 1 0 -56.25 -26.4166666666667 3728 3728 3728 326 326 326 104 104 104 152 152 152 72 72 72
"894" 2 0 -51.4166666666667 -21.25 2432 2432 2432 308 308 308 117 117 117 181 181 181 21 21 21
"895" 3 0 -37.9166666666667 -4.41666666666666 559 559 559 322 322 322 214 214 214 271 271 271 6 6 6
"896" 3 0 -57.5833333333333 -19.4166666666667 2277 2277 2277 336 336 336 166 166 166 188 188 188 27 27 27
"897" 2 0 -48.25 -23.75 2567 2567 2567 276 276 276 90 90 90 190 190 190 42 42 42
"898" 2 0 -48.9166666666667 -26.25 2839 2839 2839 291 291 291 123 123 123 240 240 240 78 78 78
"899" 1 0 -48.25 -21.25 1918 1918 1918 292 292 292 112 112 112 248 248 248 17 17 17
"900" 2 0 -42.25 -17.75 1728 1728 1728 289 289 289 112 112 112 225 225 225 14 14 14
"901" 2 0 -56.0833333333333 -27.75 3766 3766 3766 329 329 329 103 103 103 174 174 174 92 92 92
"902" 3 0 -60.25 -26.4166666666667 4071 4071 4071 343 343 343 90 90 90 134 134 134 21 21 21
"903" 3 0 -37.4166666666667 -8.41666666666666 1745 1745 1745 301 301 301 162 162 162 125 125 125 7 7 7
"904" 1 0 -60.4166666666667 -27.4166666666667 4216 4216 4216 350 350 350 84 84 84 147 147 147 20 20 20
"905" 2 0 -38.0833333333333 -5.08333333333333 636 636 636 339 339 339 214 214 214 208 208 208 1 1 1
"906" 3 0 -53.5833333333333 -24.5833333333333 3015 3015 3015 303 303 303 90 90 90 185 185 185 76 76 76
"907" 1 0 -59.5833333333333 -25.5833333333333 3938 3938 3938 345 345 345 97 97 97 134 134 134 19 19 19
"908" 2 0 -60.75 -23.5833333333333 3826 3826 3826 348 348 348 104 104 104 89 89 89 7 7 7
"909" 1 0 -59.5833333333333 -21.9166666666667 3257 3257 3257 354 354 354 136 136 136 91 91 91 11 11 11
"910" 3 0 -45.9166666666667 -15.4166666666667 1259 1259 1259 308 308 308 125 125 125 276 276 276 5 5 5
"911" 2 0 -48.25 -21.75 2131 2131 2131 284 284 284 104 104 104 239 239 239 21 21 21
"912" 1 0 -41.5833333333333 -6.08333333333333 937 937 937 330 330 330 178 178 178 232 232 232 2 2 2
"913" 2 0 -50.0833333333333 -27.75 3020 3020 3020 261 261 261 65 65 65 160 160 160 96 96 96
"914" 1 0 -39.0833333333333 -10.9166666666667 1759 1759 1759 326 326 326 161 161 161 72 72 72 16 16 16
"915" 3 0 -40.25 -19.0833333333333 1544 1544 1544 313 313 313 165 165 165 184 184 184 35 35 35
"916" 3 0 -39.9166666666667 -5.91666666666666 897 897 897 310 310 310 182 182 182 172 172 172 6 6 6
"917" 1 0 -45.75 -21.4166666666667 2226 2226 2226 291 291 291 91 91 91 267 267 267 24 24 24
"918" 3 0 -56.75 -23.25 2926 2926 2926 326 326 326 122 122 122 177 177 177 43 43 43
"919" 3 0 -37.0833333333333 -7.41666666666666 1344 1344 1344 290 290 290 163 163 163 155 155 155 4 4 4
"920" 3 0 -37.25 -10.25 1641 1641 1641 307 307 307 176 176 176 132 132 132 22 22 22
"921" 1 0 -41.75 -20.0833333333333 1923 1923 1923 301 301 301 111 111 111 219 219 219 19 19 19
"922" 3 0 -48.0833333333333 -23.4166666666667 2392 2392 2392 275 275 275 92 92 92 201 201 201 31 31 31
"923" 3 0 -57.4166666666667 -21.9166666666667 2839 2839 2839 335 335 335 141 141 141 169 169 169 47 47 47
"924" 1 0 -40.5833333333333 -10.75 1518 1518 1518 292 292 292 144 144 144 99 99 99 15 15 15
"925" 3 0 -60.4166666666667 -29.25 4388 4388 4388 337 337 337 74 74 74 147 147 147 29 29 29
"926" 1 0 -44.5833333333333 -17.5833333333333 1819 1819 1819 306 306 306 113 113 113 264 264 264 1 1 1
"927" 1 0 -57.5833333333333 -31.75 4612 4612 4612 321 321 321 67 67 67 137 137 137 74 74 74
"928" 2 0 -37.0833333333333 -10.5833333333333 1378 1378 1378 304 304 304 191 191 191 237 237 237 36 36 36
"929" 2 0 -56.4166666666667 -33.0833333333333 4655 4655 4655 313 313 313 61 61 61 122 122 122 86 86 86
"930" 2 0 -52.25 -20.9166666666667 2095 2095 2095 315 315 315 137 137 137 210 210 210 24 24 24
"931" 3 0 -44.9166666666667 -17.0833333333333 1789 1789 1789 318 318 318 111 111 111 218 218 218 4 4 4
"932" 2 0 -41.75 -20.4166666666667 1820 1820 1820 246 246 246 63 63 63 248 248 248 28 28 28
"933" 3 0 -53.0833333333333 -31.9166666666667 3656 3656 3656 292 292 292 79 79 79 130 130 130 77 77 77
"934" 1 0 -44.0833333333333 -22.5833333333333 2266 2266 2266 292 292 292 104 104 104 243 243 243 20 20 20
"935" 3 0 -55.4166666666667 -26.9166666666667 3524 3524 3524 322 322 322 104 104 104 176 176 176 97 97 97
"936" 2 0 -38.25 -11.75 1497 1497 1497 298 298 298 170 170 170 128 128 128 43 43 43
"937" 1 0 -43.5833333333333 -9.75 690 690 690 343 343 343 166 166 166 128 128 128 0 0 0
"938" 3 0 -42.4166666666667 -14.75 1345 1345 1345 291 291 291 136 136 136 190 190 190 2 2 2
"939" 1 0 -39.0833333333333 -11.5833333333333 1498 1498 1498 301 301 301 163 163 163 75 75 75 25 25 25
"940" 2 0 -40.75 -17.0833333333333 1676 1676 1676 315 315 315 154 154 154 177 177 177 30 30 30
"941" 3 0 -46.9166666666667 -17.9166666666667 1300 1300 1300 306 306 306 143 143 143 276 276 276 9 9 9
"942" 3 0 -56.4166666666667 -32.0833333333333 4664 4664 4664 316 316 316 59 59 59 126 126 126 81 81 81
"943" 3 0 -53.9166666666667 -31.0833333333333 3437 3437 3437 292 292 292 83 83 83 130 130 130 88 88 88
"944" 2 0 -54.25 -27.0833333333333 3417 3417 3417 310 310 310 84 84 84 177 177 177 117 117 117
"945" 3 0 -47.9166666666667 -16.9166666666667 1316 1316 1316 304 304 304 117 117 117 240 240 240 10 10 10
"946" 3 0 -44.5833333333333 -18.25 1895 1895 1895 308 308 308 116 116 116 283 283 283 2 2 2
"947" 2 0 -51.5833333333333 -25.5833333333333 2785 2785 2785 259 259 259 69 69 69 182 182 182 102 102 102
"948" 1 0 -42.5833333333333 -14.25 1224 1224 1224 283 283 283 135 135 135 194 194 194 4 4 4
"949" 3 0 -54.25 -22.9166666666667 2267 2267 2267 315 315 315 126 126 126 227 227 227 41 41 41
"950" 3 0 -52.75 -27.4166666666667 2995 2995 2995 293 293 293 99 99 99 188 188 188 123 123 123
"951" 2 0 -47.5833333333333 -17.25 1341 1341 1341 305 305 305 119 119 119 249 249 249 14 14 14
"952" 2 0 -40.5833333333333 -18.5833333333333 1482 1482 1482 313 313 313 160 160 160 180 180 180 31 31 31
"953" 3 0 -53.25 -23.25 2691 2691 2691 313 313 313 109 109 109 167 167 167 51 51 51
"954" 3 0 -40.75 -15.9166666666667 1658 1658 1658 300 300 300 144 144 144 157 157 157 31 31 31
"955" 3 0 -60.0833333333333 -25.75 3993 3993 3993 343 343 343 95 95 95 134 134 134 18 18 18
"956" 2 0 -47.0833333333333 -19.4166666666667 1737 1737 1737 274 274 274 106 106 106 315 315 315 13 13 13
"957" 3 0 -40.9166666666667 -21.9166666666667 1913 1913 1913 300 300 300 156 156 156 148 148 148 29 29 29
"958" 3 0 -54.25 -22.4166666666667 1985 1985 1985 316 316 316 134 134 134 247 247 247 28 28 28
"959" 3 0 -57.25 -28.4166666666667 4093 4093 4093 338 338 338 101 101 101 166 166 166 61 61 61
"960" 2 0 -45.4166666666667 -20.0833333333333 2020 2020 2020 292 292 292 95 95 95 276 276 276 15 15 15
"961" 1 0 -36.25 -7.41666666666666 1285 1285 1285 297 297 297 170 170 170 83 83 83 4 4 4
"962" 3 0 -53.9166666666667 -25.5833333333333 3470 3470 3470 312 312 312 79 79 79 215 215 215 103 103 103
"963" 1 0 -38.75 -9.41666666666666 1792 1792 1792 314 314 314 157 157 157 97 97 97 9 9 9
"964" 2 0 -41.5833333333333 -19.5833333333333 1834 1834 1834 321 321 321 137 137 137 212 212 212 18 18 18
"965" 2 0 -50.9166666666667 -24.5833333333333 2853 2853 2853 276 276 276 70 70 70 183 183 183 93 93 93
"966" 3 0 -53.75 -31.0833333333333 3425 3425 3425 291 291 291 84 84 84 132 132 132 89 89 89
"967" 1 0 -56.5833333333333 -21.4166666666667 2499 2499 2499 321 321 321 132 132 132 174 174 174 43 43 43
"968" 2 0 -57.5833333333333 -19.25 2204 2204 2204 325 325 325 155 155 155 190 190 190 29 29 29
"969" 3 0 -58.5833333333333 -26.0833333333333 3906 3906 3906 344 344 344 97 97 97 148 148 148 32 32 32
"970" 3 0 -40.5833333333333 -5.91666666666666 847 847 847 312 312 312 181 181 181 179 179 179 3 3 3
"971" 3 0 -56.25 -26.75 3872 3872 3872 334 334 334 105 105 105 207 207 207 89 89 89
"972" 2 0 -42.25 -8.25 955 955 955 357 357 357 178 178 178 156 156 156 0 0 0
"973" 1 0 -52.25 -32.0833333333333 3749 3749 3749 282 282 282 87 87 87 129 129 129 67 67 67
"974" 3 0 -51.4166666666667 -28.5833333333333 2987 2987 2987 273 273 273 86 86 86 188 188 188 126 126 126
"975" 3 0 -39.25 -4.41666666666666 566 566 566 317 317 317 199 199 199 192 192 192 2 2 2
"976" 2 0 -48.0833333333333 -22.75 2388 2388 2388 291 291 291 105 105 105 226 226 226 28 28 28
"977" 1 0 -59.25 -31.0833333333333 4624 4624 4624 328 328 328 71 71 71 143 143 143 42 42 42
"978" 3 0 -56.9166666666667 -20.0833333333333 2293 2293 2293 321 321 321 145 145 145 215 215 215 27 27 27
"979" 1 0 -44.0833333333333 -19.25 1737 1737 1737 300 300 300 112 112 112 264 264 264 6 6 6
"980" 2 0 -39.25 -16.75 1318 1318 1318 302 302 302 183 183 183 138 138 138 80 80 80
"981" 2 0 -41.5833333333333 -10.5833333333333 1176 1176 1176 300 300 300 141 141 141 118 118 118 2 2 2
"982" 3 0 -49.9166666666667 -19.9166666666667 1854 1854 1854 317 317 317 128 128 128 231 231 231 13 13 13
"983" 2 0 -53.4166666666667 -30.5833333333333 3399 3399 3399 295 295 295 92 92 92 135 135 135 104 104 104
"984" 2 0 -58.4166666666667 -20.4166666666667 2644 2644 2644 350 350 350 153 153 153 134 134 134 20 20 20
"985" 2 0 -40.0833333333333 -5.08333333333333 724 724 724 303 303 303 183 183 183 172 172 172 3 3 3
"986" 2 0 -49.4166666666667 -26.0833333333333 2975 2975 2975 258 258 258 64 64 64 172 172 172 78 78 78
"987" 1 0 -46.4166666666667 -16.5833333333333 1376 1376 1376 309 309 309 126 126 126 248 248 248 6 6 6
"988" 2 0 -54.4166666666667 -27.9166666666667 3506 3506 3506 314 314 314 92 92 92 187 187 187 131 131 131
"989" 3 0 -45.25 -20.75 1941 1941 1941 278 278 278 93 93 93 296 296 296 15 15 15
"990" 2 0 -54.25 -32.5833333333333 4219 4219 4219 305 305 305 60 60 60 122 122 122 77 77 77
"991" 2 0 -55.0833333333333 -19.0833333333333 1793 1793 1793 330 330 330 149 149 149 245 245 245 30 30 30
"992" 1 0 -50.0833333333333 -29.4166666666667 2814 2814 2814 250 250 250 83 83 83 168 168 168 128 128 128
"993" 3 0 -42.25 -5.25 1035 1035 1035 354 354 354 190 190 190 331 331 331 7 7 7
"994" 3 0 -58.25 -23.75 3385 3385 3385 348 348 348 128 128 128 137 137 137 26 26 26
"995" 1 0 -51.75 -22.4166666666667 2594 2594 2594 307 307 307 110 110 110 176 176 176 38 38 38
"996" 2 0 -40.0833333333333 -7.25 1078 1078 1078 304 304 304 163 163 163 188 188 188 2 2 2
"997" 3 0 -59.4166666666667 -24.0833333333333 3575 3575 3575 348 348 348 112 112 112 108 108 108 21 21 21
"998" 1 0 -41.5833333333333 -18.75 1642 1642 1642 321 321 321 144 144 144 209 209 209 19 19 19
"999" 1 0 -41.9166666666667 -18.25 1698 1698 1698 316 316 316 135 135 135 235 235 235 14 14 14
"1000" 1 0 -44.0833333333333 -16.5833333333333 1520 1520 1520 296 296 296 109 109 109 264 264 264 2 2 2
