"group.all" "pa" "lon" "lat" "bio4" "bio5" "bio13" "bio14"
"25" 9 1 -41.2075 -11.591667 1331 265 118 15
"26" 2 1 -41.366667 -13 1237 274 149 22
"27" 6 1 -41.012278 -11.499694 1383 274 100 15
"28" 1 1 -41.195833 -11.435 1296 268 113 11
"29" 3 1 -41.306389 -12.881667 1245 301 166 17
"31" 10 1 -41.0013889 -11.6358334 1398 269 105 19
"34" 5 1 -43.8177777 -21.7102777 2029 277 274 15
"38" 8 1 -40.9291667 -11.6427777 1501 280 99 24
"39" 4 1 -41.3 -12.683333 1247 315 161 16
"46" 7 1 -41.281667 -13.227778 1245 273 150 29
"1" 3 0 -43.0833333333333 -13.25 996 329 171 0
"2" 4 0 -41.75 -11.4166666666667 1146 298 110 1
"3" 6 0 -44.5833333333333 -19.75 1800 293 294 6
"4" 8 0 -40.9166666666667 -10.5833333333333 1455 306 91 2
"5" 9 0 -44.0833333333333 -22.5833333333333 2266 292 243 20
"6" 10 0 -43.0833333333333 -10.75 724 332 130 0
"7" 6 0 -46.0833333333333 -20.5833333333333 2083 282 304 17
"8" 3 0 -43.25 -22.0833333333333 2319 304 278 25
"9" 2 0 -46.0833333333333 -22.75 2240 234 295 32
"10" 2 0 -45.25 -20.4166666666667 1928 279 302 14
"11" 1 0 -40.4166666666667 -12.75 1434 297 104 16
"12" 8 0 -44.9166666666667 -22.0833333333333 2257 266 289 18
"13" 7 0 -41.9166666666667 -14.75 1507 291 152 3
"14" 4 0 -43.75 -12.9166666666667 1013 339 178 0
"15" 10 0 -41.5833333333333 -14.0833333333333 1329 311 123 4
"16" 4 0 -43.4166666666667 -11.9166666666667 1082 343 166 0
"17" 7 0 -41.25 -12.25 1365 293 125 21
"18" 2 0 -41.25 -15.4166666666667 1531 285 175 10
"19" 8 0 -44.25 -21.5833333333333 2015 269 300 15
"20" 6 0 -45.25 -22.4166666666667 2232 238 330 25
"21" 3 0 -43.0833333333333 -10.4166666666667 775 338 130 1
"22" 2 0 -39.5833333333333 -10.75 1752 326 83 12
"23" 7 0 -42.5833333333333 -9.91666666666666 892 347 128 1
"24" 9 0 -40.25 -9.75 1631 320 94 2
"2510" 4 0 -43.4166666666667 -21.75 1990 281 285 18
"2610" 3 0 -42.4166666666667 -19.75 1978 316 216 13
"2710" 3 0 -42.9166666666667 -13.5833333333333 1112 308 181 0
"2810" 4 0 -41.75 -14.75 1516 296 145 3
"2910" 7 0 -44.4166666666667 -20.0833333333333 1879 289 306 9
"30" 6 0 -42.25 -14.4166666666667 1335 302 167 2
"3110" 2 0 -43.0833333333333 -11.4166666666667 807 339 135 0
"32" 2 0 -44.5833333333333 -23.0833333333333 2137 302 264 57
"33" 2 0 -42.75 -22.0833333333333 2195 283 281 23
"3410" 6 0 -39.4166666666667 -14.0833333333333 1131 283 153 96
"35" 10 0 -41.25 -13.4166666666667 1276 277 152 31
"36" 10 0 -43.75 -19.5833333333333 1773 290 314 8
"37" 1 0 -41.4166666666667 -10.0833333333333 1148 323 105 0
"3810" 2 0 -41.5833333333333 -14.4166666666667 1416 304 127 4
"3910" 3 0 -43.25 -21.0833333333333 2097 286 273 19
"40" 10 0 -40.0833333333333 -10.4166666666667 1508 314 97 17
"41" 2 0 -38.75 -10.75 1710 313 89 23
"42" 2 0 -39.75 -14.4166666666667 1189 287 152 64
"43" 10 0 -42.5833333333333 -20.9166666666667 2063 281 252 20
"44" 1 0 -39.4166666666667 -13.4166666666667 1281 282 163 90
"45" 10 0 -38.9166666666667 -10.4166666666667 1751 313 75 23
"4610" 1 0 -42.25 -21.25 2245 315 262 19
"47" 1 0 -40.25 -15.4166666666667 1540 303 138 27
"48" 7 0 -42.0833333333333 -9.75 847 340 125 0
"49" 3 0 -40.75 -11.0833333333333 1457 289 98 13
"50" 2 0 -42.0833333333333 -9.41666666666666 820 339 121 0
"51" 6 0 -39.9166666666667 -12.0833333333333 1518 301 83 16
"52" 3 0 -42.0833333333333 -13.25 1142 290 174 10
"53" 6 0 -43.4166666666667 -10.75 740 329 162 0
"54" 1 0 -41.0833333333333 -12.5833333333333 1319 300 128 16
"55" 2 0 -40.9166666666667 -9.25 1257 336 110 0
"56" 6 0 -43.0833333333333 -21.5833333333333 2228 304 280 18
"57" 9 0 -45.9166666666667 -22.75 2274 215 319 36
"58" 5 0 -42.4166666666667 -15.0833333333333 1372 280 177 3
"59" 1 0 -39.5833333333333 -10.9166666666667 1731 326 76 11
"60" 3 0 -40.9166666666667 -9.58333333333333 1296 329 104 0
"61" 10 0 -41.5833333333333 -10.0833333333333 1077 332 111 0
"62" 4 0 -41.5833333333333 -21.0833333333333 1945 308 214 24
"63" 5 0 -44.5833333333333 -22.5833333333333 2248 289 268 24
"64" 5 0 -44.4166666666667 -23.25 2066 310 244 61
"65" 7 0 -44.4166666666667 -19.5833333333333 1687 296 291 8
"66" 8 0 -42.25 -22.75 1822 295 143 38
"67" 10 0 -42.9166666666667 -14.25 1274 310 176 0
"68" 8 0 -43.75 -13.0833333333333 1000 338 226 0
"69" 9 0 -40.5833333333333 -13.5833333333333 1398 281 122 17
"70" 1 0 -41.75 -15.5833333333333 1609 290 192 6
"71" 9 0 -40.25 -12.9166666666667 1411 285 104 15
"72" 6 0 -44.75 -23.0833333333333 2198 262 265 45
"73" 6 0 -41.9166666666667 -9.25 899 339 121 0
"74" 3 0 -43.5833333333333 -12.0833333333333 1070 346 163 0
"75" 5 0 -43.0833333333333 -19.75 2069 291 283 11
"76" 2 0 -45.4166666666667 -21.4166666666667 2232 284 269 20
"77" 6 0 -39.75 -15.0833333333333 1259 293 137 41
"78" 9 0 -42.75 -11.75 1063 326 155 1
"79" 6 0 -39.75 -13.4166666666667 1290 264 107 49
"80" 7 0 -41.5833333333333 -13.75 1277 302 127 8
"81" 1 0 -43.9166666666667 -20.0833333333333 1874 270 333 12
"82" 6 0 -38.5833333333333 -12.25 1501 305 199 68
"83" 1 0 -40.0833333333333 -14.5833333333333 1333 273 133 37
"84" 8 0 -42.25 -21.5833333333333 2315 317 247 18
"85" 9 0 -40.4166666666667 -13.0833333333333 1384 280 107 19
"86" 8 0 -41.4166666666667 -11.0833333333333 1266 298 112 1
"87" 7 0 -41.75 -11.5833333333333 1169 300 111 1
"88" 3 0 -42.4166666666667 -10.0833333333333 936 349 131 0
"89" 9 0 -42.75 -11.25 986 327 129 1
"90" 10 0 -41.25 -9.75 1137 335 124 0
"91" 6 0 -42.4166666666667 -11.75 1111 303 144 1
"92" 6 0 -42.9166666666667 -19.5833333333333 2052 286 295 12
"93" 10 0 -40.75 -12.9166666666667 1379 293 119 17
"94" 10 0 -41.75 -20.75 1913 287 227 22
"95" 6 0 -41.75 -20.9166666666667 1954 292 227 25
"96" 3 0 -41.25 -11.9166666666667 1426 273 125 17
"97" 3 0 -41.25 -10.4166666666667 1275 292 119 3
"98" 4 0 -41.75 -10.25 1073 334 113 1
"99" 5 0 -40.9166666666667 -9.75 1302 328 100 0
"100" 10 0 -43.0833333333333 -19.5833333333333 2071 283 321 11
"101" 3 0 -42.4166666666667 -9.91666666666666 901 346 125 0
"102" 10 0 -44.5833333333333 -21.5833333333333 1999 265 314 15
"103" 8 0 -41.75 -11.9166666666667 1243 296 108 4
"104" 1 0 -43.4166666666667 -12.25 1046 342 161 0
"105" 10 0 -44.75 -21.25 1900 278 333 14
"106" 7 0 -42.25 -20.0833333333333 1973 290 225 17
"107" 1 0 -44.75 -23.25 2208 290 278 71
"108" 9 0 -43.9166666666667 -20.5833333333333 1973 280 294 14
"109" 7 0 -41.4166666666667 -21.25 1917 314 195 24
"110" 7 0 -41.4166666666667 -22.25 1980 303 144 35
"111" 2 0 -42.4166666666667 -20.5833333333333 1925 262 250 20
"112" 3 0 -40.25 -9.41666666666666 1569 325 115 3
"113" 3 0 -42.0833333333333 -9.25 876 341 127 0
"114" 8 0 -40.9166666666667 -13.4166666666667 1302 290 129 13
"115" 10 0 -42.4166666666667 -10.9166666666667 1143 341 114 1
"116" 5 0 -40.5833333333333 -10.0833333333333 1478 305 78 2
"117" 4 0 -41.25 -10.25 1228 292 112 2
"118" 5 0 -44.75 -20.75 1877 273 332 14
"119" 6 0 -43.75 -13.4166666666667 1003 330 223 0
"120" 6 0 -45.4166666666667 -23.0833333333333 2259 263 238 21
"121" 5 0 -41.9166666666667 -21.5833333333333 2251 310 214 19
"122" 2 0 -42.5833333333333 -14.25 1224 283 194 4
"123" 2 0 -41.4166666666667 -12.0833333333333 1356 278 111 22
"124" 4 0 -44.75 -22.9166666666667 2190 238 264 27
"125" 1 0 -44.0833333333333 -20.5833333333333 1952 280 297 14
"126" 4 0 -39.25 -10.9166666666667 1744 327 67 13
"127" 7 0 -41.75 -10.0833333333333 1013 328 116 0
"128" 9 0 -43.9166666666667 -22.5833333333333 2169 295 234 23
"129" 6 0 -45.25 -22.0833333333333 2226 274 287 20
"130" 6 0 -43.25 -14.25 1255 317 166 0
"131" 6 0 -42.0833333333333 -22.0833333333333 2062 274 240 28
"132" 8 0 -43.4166666666667 -19.4166666666667 1907 277 336 11
"133" 7 0 -42.9166666666667 -9.91666666666666 811 347 120 1
"134" 2 0 -38.9166666666667 -13.25 1202 300 243 103
"135" 9 0 -43.5833333333333 -20.5833333333333 1954 262 307 17
"136" 1 0 -40.9166666666667 -10.0833333333333 1359 305 84 2
"137" 4 0 -41.4166666666667 -13.75 1287 283 139 19
"138" 5 0 -41.9166666666667 -11.9166666666667 1188 298 114 2
"139" 7 0 -42.75 -11.0833333333333 976 338 117 0
"140" 1 0 -40.75 -12.4166666666667 1440 289 89 18
"141" 10 0 -43.75 -20.25 1956 274 325 12
"142" 3 0 -39.75 -13.75 1244 278 141 87
"143" 10 0 -40.25 -10.0833333333333 1588 307 93 9
"144" 10 0 -39.9166666666667 -14.4166666666667 1271 285 155 55
"145" 7 0 -41.0833333333333 -9.41666666666666 1184 340 114 0
"146" 9 0 -40.4166666666667 -9.75 1534 320 93 2
"147" 3 0 -43.5833333333333 -21.75 2024 280 275 16
"148" 1 0 -41.0833333333333 -15.25 1483 280 170 17
"149" 5 0 -40.9166666666667 -13.25 1329 289 129 16
"150" 10 0 -45.75 -20.75 2095 287 281 18
"151" 10 0 -40.5833333333333 -9.58333333333333 1461 326 102 1
"152" 9 0 -44.5833333333333 -22.0833333333333 2065 241 315 20
"153" 2 0 -38.5833333333333 -11.9166666666667 1492 288 140 45
"154" 5 0 -38.9166666666667 -10.5833333333333 1740 321 76 19
"155" 6 0 -40.5833333333333 -10.25 1484 301 72 4
"156" 5 0 -42.25 -14.9166666666667 1438 290 172 3
"157" 3 0 -41.75 -10.75 1203 325 98 0
"158" 8 0 -42.9166666666667 -20.75 2165 290 246 18
"159" 2 0 -41.9166666666667 -22.5833333333333 1843 296 158 40
"160" 10 0 -41.75 -21.4166666666667 2126 317 213 19
"161" 3 0 -44.0833333333333 -22.75 2318 287 246 22
"162" 4 0 -45.25 -20.5833333333333 1932 279 299 14
"163" 2 0 -41.9166666666667 -14.0833333333333 1326 312 134 3
"164" 8 0 -42.75 -20.4166666666667 2129 304 223 14
"165" 1 0 -39.25 -11.9166666666667 1528 302 75 27
"166" 8 0 -41.5833333333333 -10.75 1234 307 104 2
"167" 10 0 -44.25 -21.25 2011 276 307 15
"168" 2 0 -40.75 -9.25 1328 331 109 1
"169" 8 0 -41.0833333333333 -14.0833333333333 1378 306 134 5
"170" 5 0 -41.4166666666667 -14.75 1482 296 141 3
"171" 7 0 -44.0833333333333 -23.0833333333333 2072 303 221 46
"172" 10 0 -45.0833333333333 -22.5833333333333 2280 273 273 23
"173" 4 0 -42.25 -11.5833333333333 1136 317 136 1
"174" 6 0 -39.4166666666667 -12.25 1520 295 72 26
"175" 1 0 -43.4166666666667 -20.75 2096 285 256 15
"176" 3 0 -43.25 -11.0833333333333 751 334 117 0
"177" 8 0 -43.25 -11.4166666666667 825 341 133 0
"178" 7 0 -40.5833333333333 -10.5833333333333 1484 290 97 11
"179" 8 0 -41.4166666666667 -12.5833333333333 1248 290 150 20
"180" 7 0 -46.0833333333333 -22.25 2138 270 267 22
"181" 2 0 -44.0833333333333 -21.75 1953 260 296 17
"182" 7 0 -40.5833333333333 -12.9166666666667 1386 294 113 16
"183" 2 0 -39.9166666666667 -10.9166666666667 1669 321 96 13
"184" 6 0 -40.0833333333333 -10.0833333333333 1635 314 95 13
"185" 2 0 -45.5833333333333 -22.25 2275 274 265 22
"186" 7 0 -39.75 -10.25 1669 318 93 12
"187" 5 0 -43.9166666666667 -19.9166666666667 1868 284 313 11
"188" 6 0 -42.4166666666667 -22.4166666666667 1997 272 236 30
"189" 4 0 -42.9166666666667 -11.4166666666667 871 339 139 0
"190" 4 0 -42.75 -19.5833333333333 2017 303 251 12
"191" 7 0 -41.75 -9.25 952 337 117 0
"192" 3 0 -39.25 -11.5833333333333 1541 300 69 20
"193" 10 0 -43.0833333333333 -10.5833333333333 746 336 132 1
"194" 10 0 -42.75 -14.25 1276 307 175 1
"195" 2 0 -44.9166666666667 -22.25 2368 270 284 18
"196" 4 0 -41.9166666666667 -21.75 2256 302 213 22
"197" 7 0 -41.0833333333333 -9.25 1193 339 115 0
"198" 5 0 -40.25 -15.0833333333333 1429 293 128 39
"199" 5 0 -39.25 -10.0833333333333 1682 314 84 13
"200" 7 0 -43.75 -13.5833333333333 1047 326 194 0
"201" 5 0 -39.5833333333333 -12.0833333333333 1535 296 69 19
"202" 1 0 -42.75 -10.9166666666667 986 345 114 0
"203" 3 0 -41.9166666666667 -20.5833333333333 1920 277 237 19
"204" 4 0 -44.9166666666667 -19.5833333333333 1834 300 272 8
"205" 8 0 -41.5833333333333 -20.75 1907 299 216 24
"206" 8 0 -41.4166666666667 -10.4166666666667 1202 286 145 3
"207" 8 0 -45.5833333333333 -21.75 2219 285 270 21
"208" 4 0 -40.25 -12.75 1441 298 104 12
"209" 1 0 -44.25 -20.75 1905 274 311 15
"210" 3 0 -39.9166666666667 -11.25 1651 314 88 14
"211" 3 0 -39.9166666666667 -14.5833333333333 1269 286 151 45
"212" 9 0 -42.4166666666667 -15.25 1417 281 170 4
"213" 5 0 -45.25 -21.0833333333333 2036 289 268 16
"214" 1 0 -41.9166666666667 -14.9166666666667 1555 296 160 2
"215" 3 0 -41.0833333333333 -14.5833333333333 1446 295 132 6
"216" 6 0 -41.5833333333333 -22.25 1977 302 160 38
"217" 2 0 -42.25 -13.75 1232 294 161 3
"218" 9 0 -41.25 -11.75 1385 273 119 16
"219" 8 0 -40.5833333333333 -13.0833333333333 1386 296 111 13
"220" 6 0 -41.4166666666667 -15.4166666666667 1554 287 189 8
"221" 8 0 -42.9166666666667 -20.0833333333333 2103 291 242 13
"222" 3 0 -41.0833333333333 -9.91666666666666 1242 308 94 1
"223" 2 0 -42.25 -14.5833333333333 1387 302 170 2
"224" 9 0 -42.4166666666667 -12.0833333333333 1086 305 136 2
"225" 4 0 -38.75 -12.4166666666667 1528 303 205 64
"226" 10 0 -39.5833333333333 -9.58333333333333 1759 317 91 5
"227" 3 0 -41.25 -10.9166666666667 1355 297 90 2
"228" 7 0 -40.0833333333333 -13.0833333333333 1374 267 102 23
"229" 7 0 -41.5833333333333 -21.75 2135 309 192 26
"230" 10 0 -44.0833333333333 -22.9166666666667 2171 285 237 35
"231" 1 0 -46.25 -20.9166666666667 2060 275 281 19
"232" 1 0 -40.4166666666667 -10.25 1516 292 84 11
"233" 2 0 -42.0833333333333 -20.0833333333333 1918 275 240 19
"234" 6 0 -43.5833333333333 -11.25 871 339 148 0
"235" 4 0 -41.25 -14.75 1480 300 138 4
"236" 6 0 -43.9166666666667 -20.25 1857 264 336 13
"237" 1 0 -40.0833333333333 -14.75 1332 280 134 39
"238" 9 0 -40.9166666666667 -13.75 1333 300 123 5
"239" 7 0 -39.9166666666667 -10.5833333333333 1608 317 93 14
"240" 6 0 -41.0833333333333 -10.75 1385 300 86 2
"241" 7 0 -39.9166666666667 -11.4166666666667 1600 310 87 17
"242" 5 0 -40.5833333333333 -9.41666666666666 1419 330 107 1
"243" 4 0 -41.4166666666667 -14.5833333333333 1464 293 128 4
"244" 8 0 -42.75 -14.4166666666667 1277 305 180 0
"245" 4 0 -45.5833333333333 -21.5833333333333 2277 289 266 22
"246" 6 0 -43.9166666666667 -19.4166666666667 1756 297 299 6
"247" 8 0 -44.4166666666667 -22.0833333333333 2082 250 302 19
"248" 8 0 -41.5833333333333 -14.5833333333333 1450 294 131 3
"249" 2 0 -43.4166666666667 -14.4166666666667 1261 320 175 0
"250" 9 0 -44.9166666666667 -23.4166666666667 2202 302 317 91
"251" 2 0 -40.5833333333333 -14.9166666666667 1449 265 120 30
"252" 2 0 -43.4166666666667 -11.5833333333333 1023 346 146 0
"253" 7 0 -42.75 -20.9166666666667 2193 302 255 18
"254" 1 0 -41.9166666666667 -14.25 1339 308 135 3
"255" 9 0 -45.5833333333333 -22.75 2268 223 331 34
"256" 8 0 -42.75 -15.0833333333333 1230 286 191 2
"257" 1 0 -44.75 -22.25 2050 228 331 24
"258" 5 0 -42.25 -22.0833333333333 2083 290 253 21
"259" 3 0 -39.25 -12.9166666666667 1376 286 123 59
"260" 6 0 -39.4166666666667 -11.0833333333333 1713 320 77 11
"261" 6 0 -43.25 -13.75 1137 325 175 0
"262" 1 0 -44.5833333333333 -22.25 2064 234 318 23
"263" 4 0 -40.4166666666667 -15.0833333333333 1465 294 127 37
"264" 8 0 -41.4166666666667 -14.25 1386 303 126 5
"265" 1 0 -42.0833333333333 -14.9166666666667 1503 295 163 2
"266" 9 0 -40.9166666666667 -12.75 1343 293 121 17
"267" 6 0 -46.0833333333333 -21.0833333333333 2123 283 274 20
"268" 4 0 -43.4166666666667 -20.25 2055 279 282 13
"269" 4 0 -43.4166666666667 -22.9166666666667 2087 306 174 43
"270" 2 0 -42.4166666666667 -20.25 2020 294 224 16
"271" 3 0 -45.4166666666667 -23.4166666666667 2207 251 256 38
"272" 8 0 -42.9166666666667 -10.4166666666667 852 341 126 1
"273" 2 0 -43.25 -12.0833333333333 1039 346 175 0
"274" 2 0 -44.5833333333333 -20.0833333333333 1877 289 305 8
"275" 5 0 -41.9166666666667 -10.9166666666667 1172 325 103 1
"276" 1 0 -42.0833333333333 -21.5833333333333 2348 315 224 17
"277" 3 0 -41.5833333333333 -20.5833333333333 1903 297 217 22
"278" 5 0 -40.9166666666667 -14.25 1400 295 123 5
"279" 6 0 -42.75 -22.5833333333333 2144 308 200 37
"280" 4 0 -45.0833333333333 -21.75 2226 280 283 15
"281" 10 0 -41.25 -10.0833333333333 1215 301 100 1
"282" 10 0 -45.9166666666667 -22.9166666666667 2268 245 287 34
"283" 2 0 -42.25 -13.9166666666667 1253 291 164 3
"284" 7 0 -45.0833333333333 -21.0833333333333 1921 284 297 14
"285" 10 0 -42.5833333333333 -19.9166666666667 2050 320 209 12
"286" 10 0 -41.4166666666667 -12.4166666666667 1278 294 143 20
"287" 7 0 -43.0833333333333 -20.25 2131 299 227 10
"288" 6 0 -40.5833333333333 -9.75 1453 321 93 1
"289" 5 0 -41.9166666666667 -12.4166666666667 1147 286 126 5
"290" 3 0 -39.25 -10.75 1785 326 58 12
"291" 3 0 -43.5833333333333 -22.25 2120 291 254 22
"292" 9 0 -42.5833333333333 -13.4166666666667 1107 306 160 1
"293" 8 0 -42.0833333333333 -22.5833333333333 1825 297 155 38
"294" 2 0 -42.9166666666667 -22.9166666666667 2089 305 162 50
"295" 7 0 -41.0833333333333 -11.0833333333333 1388 298 97 2
"296" 7 0 -42.75 -19.75 2019 300 245 12
"297" 3 0 -42.4166666666667 -13.75 1176 287 176 3
"298" 1 0 -45.4166666666667 -21.75 2245 285 277 18
"299" 2 0 -39.9166666666667 -10.25 1617 314 93 14
"300" 6 0 -43.4166666666667 -13.0833333333333 966 339 195 0
"301" 3 0 -42.25 -21.9166666666667 2157 305 245 21
"302" 10 0 -41.4166666666667 -13.9166666666667 1321 297 126 9
"303" 8 0 -43.5833333333333 -20.9166666666667 2072 286 268 16
"304" 8 0 -44.4166666666667 -20.75 1913 272 321 15
"305" 7 0 -41.25 -12.5833333333333 1266 310 153 21
"306" 1 0 -42.4166666666667 -22.0833333333333 2138 288 266 20
"307" 10 0 -39.0833333333333 -12.5833333333333 1506 294 135 52
"308" 7 0 -42.75 -12.25 1043 340 140 0
"309" 3 0 -43.4166666666667 -22.4166666666667 2069 277 272 37
"310" 5 0 -41.4166666666667 -13.5833333333333 1267 270 147 31
"311" 9 0 -42.5833333333333 -21.9166666666667 2177 307 270 18
"312" 1 0 -43.25 -13.0833333333333 971 337 174 0
"313" 7 0 -43.4166666666667 -21.4166666666667 2066 285 290 18
"314" 4 0 -45.4166666666667 -19.9166666666667 1974 299 277 14
"315" 4 0 -42.25 -10.0833333333333 932 344 131 0
"316" 9 0 -42.25 -15.25 1479 277 165 4
"317" 6 0 -42.9166666666667 -10.0833333333333 821 346 122 1
"318" 1 0 -42.9166666666667 -12.4166666666667 1022 323 147 1
"319" 3 0 -40.75 -14.9166666666667 1460 270 135 23
"320" 9 0 -42.9166666666667 -22.4166666666667 2201 271 289 38
"321" 7 0 -43.0833333333333 -12.9166666666667 994 336 158 1
"322" 6 0 -40.0833333333333 -11.9166666666667 1565 302 90 20
"323" 8 0 -42.5833333333333 -15.25 1346 286 177 3
"324" 7 0 -45.9166666666667 -23.0833333333333 2245 266 237 27
"325" 8 0 -39.0833333333333 -13.75 1111 295 228 121
"326" 6 0 -40.25 -15.25 1481 300 137 31
"327" 8 0 -40.4166666666667 -12.4166666666667 1456 302 108 19
"328" 8 0 -42.5833333333333 -22.5833333333333 2061 296 211 34
"329" 10 0 -42.5833333333333 -10.75 1085 344 119 0
"330" 1 0 -41.4166666666667 -9.91666666666666 1127 318 106 0
"331" 8 0 -42.0833333333333 -11.5833333333333 1132 310 129 2
"332" 8 0 -42.25 -12.9166666666667 1089 316 146 1
"333" 10 0 -38.75 -12.0833333333333 1509 290 136 51
"334" 6 0 -39.75 -14.75 1204 281 141 47
"335" 3 0 -42.25 -20.75 2020 285 237 19
"336" 7 0 -40.5833333333333 -12.5833333333333 1440 297 99 16
"337" 5 0 -45.5833333333333 -22.5833333333333 2249 241 316 30
"338" 9 0 -45.25 -20.9166666666667 1988 285 278 15
"339" 4 0 -42.75 -21.9166666666667 2286 311 273 19
"340" 1 0 -42.4166666666667 -13.25 1114 322 152 1
"341" 6 0 -41.4166666666667 -15.0833333333333 1517 289 170 5
"342" 1 0 -39.0833333333333 -10.4166666666667 1681 313 76 19
"343" 9 0 -40.75 -9.91666666666666 1395 312 89 1
"344" 8 0 -42.9166666666667 -13.4166666666667 1064 308 173 0
"345" 6 0 -42.0833333333333 -22.4166666666667 1907 295 187 34
"346" 2 0 -44.5833333333333 -22.4166666666667 2145 256 300 25
"347" 8 0 -41.75 -15.4166666666667 1573 287 180 5
"348" 5 0 -40.9166666666667 -12.5833333333333 1362 289 108 17
"349" 1 0 -41.25 -11.25 1308 276 111 8
"350" 1 0 -42.75 -22.25 2100 256 282 31
"351" 4 0 -39.9166666666667 -13.5833333333333 1305 261 97 45
"352" 5 0 -42.0833333333333 -22.75 1744 292 131 39
"353" 3 0 -40.9166666666667 -13.0833333333333 1314 301 132 13
"354" 9 0 -40.75 -9.08333333333333 1361 330 111 1
"355" 10 0 -44.0833333333333 -20.9166666666667 1976 277 298 16
"356" 1 0 -39.9166666666667 -9.41666666666666 1685 323 106 3
"357" 3 0 -42.25 -20.4166666666667 1969 278 235 17
"358" 2 0 -43.25 -10.4166666666667 738 336 143 0
"359" 2 0 -45.4166666666667 -22.4166666666667 2314 266 294 25
"360" 6 0 -42.25 -14.75 1395 294 174 2
"361" 7 0 -41.0833333333333 -10.4166666666667 1354 303 97 3
"362" 2 0 -41.75 -12.9166666666667 1178 280 136 10
"363" 10 0 -42.9166666666667 -22.25 2183 270 293 31
"364" 2 0 -43.5833333333333 -13.5833333333333 1038 331 196 0
"365" 3 0 -41.0833333333333 -13.75 1311 304 129 5
"366" 7 0 -42.25 -14.25 1324 304 160 2
"367" 10 0 -45.75 -22.25 2247 277 257 21
"368" 7 0 -39.5833333333333 -13.25 1324 273 124 50
"369" 7 0 -39.5833333333333 -14.9166666666667 1151 291 130 58
"370" 9 0 -39.9166666666667 -12.9166666666667 1394 274 95 17
"371" 5 0 -40.75 -11.25 1469 284 103 16
"372" 4 0 -42.4166666666667 -21.0833333333333 2250 318 262 17
"373" 1 0 -40.5833333333333 -11.0833333333333 1462 300 111 22
"374" 1 0 -39.9166666666667 -13.0833333333333 1353 261 97 33
"375" 5 0 -41.75 -11.0833333333333 1149 305 107 1
"376" 2 0 -39.0833333333333 -10.0833333333333 1717 313 82 12
"377" 7 0 -45.0833333333333 -20.25 1950 290 295 10
"378" 10 0 -46.0833333333333 -22.4166666666667 2162 251 284 26
"379" 5 0 -40.25 -14.0833333333333 1365 277 113 26
"380" 2 0 -38.9166666666667 -11.0833333333333 1691 330 94 25
"381" 4 0 -43.0833333333333 -20.75 2172 291 245 16
"382" 9 0 -44.75 -19.75 1867 293 276 4
"383" 5 0 -42.25 -10.5833333333333 1083 343 119 1
"384" 10 0 -40.4166666666667 -11.5833333333333 1578 302 97 23
"385" 5 0 -45.5833333333333 -20.9166666666667 2105 287 266 18
"386" 1 0 -42.25 -22.4166666666667 1964 285 215 29
"387" 5 0 -39.9166666666667 -14.0833333333333 1258 285 138 60
"388" 1 0 -39.25 -13.4166666666667 1233 286 196 111
"389" 8 0 -44.75 -22.0833333333333 2085 240 319 21
"390" 3 0 -41.75 -10.9166666666667 1180 316 102 1
"391" 2 0 -38.9166666666667 -13.5833333333333 1123 298 257 126
"392" 8 0 -43.25 -12.4166666666667 1027 346 148 1
"393" 9 0 -40.25 -10.75 1549 314 106 20
"394" 1 0 -40.9166666666667 -9.41666666666666 1263 336 108 0
"395" 5 0 -41.5833333333333 -22.0833333333333 2041 306 166 35
"396" 2 0 -45.0833333333333 -20.75 1895 277 310 14
"397" 10 0 -41.0833333333333 -9.58333333333333 1179 332 110 0
"398" 1 0 -41.75 -21.5833333333333 2230 315 203 20
"399" 7 0 -43.25 -22.5833333333333 2170 297 263 50
"400" 1 0 -42.5833333333333 -22.4166666666667 2043 263 257 33
"401" 2 0 -45.9166666666667 -21.4166666666667 2177 288 275 25
"402" 2 0 -43.5833333333333 -19.4166666666667 1828 270 318 11
"403" 5 0 -40.75 -11.9166666666667 1547 285 105 31
"404" 3 0 -40.5833333333333 -14.0833333333333 1406 284 121 7
"405" 3 0 -43.25 -12.9166666666667 983 341 172 0
"406" 5 0 -43.0833333333333 -22.4166666666667 2058 252 301 44
"407" 5 0 -39.25 -13.25 1296 286 175 94
"408" 5 0 -39.75 -10.5833333333333 1686 321 92 12
"409" 7 0 -44.5833333333333 -20.25 1871 283 298 9
"410" 1 0 -40.4166666666667 -10.4166666666667 1495 289 90 15
"411" 8 0 -40.9166666666667 -11.0833333333333 1426 297 94 5
"412" 9 0 -40.9166666666667 -9.08333333333333 1278 335 114 1
"413" 3 0 -40.75 -12.75 1367 289 111 18
"414" 3 0 -39.75 -10.4166666666667 1642 320 93 13
"415" 4 0 -40.75 -13.0833333333333 1373 299 121 13
"416" 3 0 -44.4166666666667 -20.5833333333333 1909 281 300 13
"417" 2 0 -41.25 -11.0833333333333 1296 283 106 5
"418" 10 0 -43.0833333333333 -11.9166666666667 1019 345 167 0
"419" 5 0 -39.4166666666667 -12.4166666666667 1510 294 73 28
"420" 4 0 -39.75 -11.25 1655 314 83 12
"421" 7 0 -44.9166666666667 -21.75 2133 268 298 15
"422" 4 0 -41.4166666666667 -11.9166666666667 1340 275 110 17
"423" 2 0 -45.5833333333333 -21.25 2180 286 266 22
"424" 7 0 -39.4166666666667 -10.4166666666667 1603 314 85 16
"425" 3 0 -40.4166666666667 -11.25 1467 307 117 28
"426" 8 0 -41.0833333333333 -9.75 1198 328 106 0
"427" 9 0 -42.75 -13.75 1161 297 169 1
"428" 4 0 -43.0833333333333 -22.25 2189 278 292 33
"429" 7 0 -38.9166666666667 -13.9166666666667 1060 296 246 141
"430" 9 0 -41.75 -10.4166666666667 1116 327 107 1
"431" 9 0 -43.75 -20.5833333333333 1982 274 299 15
"432" 8 0 -42.4166666666667 -22.25 2079 269 255 25
"433" 3 0 -41.4166666666667 -14.9166666666667 1525 298 153 3
"434" 5 0 -44.25 -22.5833333333333 2262 292 256 19
"435" 5 0 -45.75 -22.75 2272 246 316 32
"436" 2 0 -39.5833333333333 -11.25 1679 314 79 12
"437" 1 0 -42.4166666666667 -13.5833333333333 1179 297 164 2
"438" 6 0 -41.75 -13.4166666666667 1216 285 152 19
"439" 4 0 -42.5833333333333 -14.4166666666667 1263 282 192 2
"440" 10 0 -42.5833333333333 -22.75 2011 298 176 40
"441" 7 0 -39.4166666666667 -12.9166666666667 1404 278 112 39
"442" 4 0 -41.9166666666667 -13.4166666666667 1181 268 158 23
"443" 2 0 -44.5833333333333 -19.5833333333333 1756 297 283 8
"444" 4 0 -45.5833333333333 -20.4166666666667 2045 289 279 16
"445" 3 0 -38.9166666666667 -10.75 1755 325 73 18
"446" 8 0 -39.25 -10.25 1636 308 84 18
"447" 4 0 -41.9166666666667 -22.4166666666667 1861 297 175 41
"448" 6 0 -38.75 -10.9166666666667 1680 317 90 22
"449" 1 0 -39.5833333333333 -12.4166666666667 1501 293 74 25
"450" 3 0 -39.75 -11.5833333333333 1605 307 72 17
"451" 10 0 -39.9166666666667 -10.75 1659 319 97 15
"452" 1 0 -43.25 -19.5833333333333 2036 284 336 10
"453" 4 0 -41.9166666666667 -11.25 1111 311 109 1
"454" 1 0 -43.0833333333333 -13.9166666666667 1193 320 155 1
"455" 9 0 -46.0833333333333 -20.75 2111 283 292 18
"456" 4 0 -45.4166666666667 -22.25 2276 264 285 23
"457" 1 0 -42.5833333333333 -20.5833333333333 2073 288 235 17
"458" 5 0 -38.75 -11.75 1493 298 98 36
"459" 8 0 -40.75 -10.25 1435 311 81 1
"460" 9 0 -42.4166666666667 -14.5833333333333 1338 296 183 1
"461" 8 0 -38.9166666666667 -12.9166666666667 1304 299 215 71
"462" 8 0 -40.9166666666667 -10.75 1456 305 83 2
"463" 4 0 -41.25 -12.0833333333333 1416 283 117 21
"464" 3 0 -41.0833333333333 -12.4166666666667 1355 298 119 16
"465" 8 0 -40.4166666666667 -13.9166666666667 1381 282 118 15
"466" 4 0 -42.0833333333333 -14.75 1473 292 161 3
"467" 4 0 -39.75 -13.5833333333333 1272 269 118 64
"468" 3 0 -46.0833333333333 -22.0833333333333 2152 259 289 24
"469" 9 0 -39.9166666666667 -14.75 1265 284 143 38
"470" 3 0 -38.5833333333333 -12.0833333333333 1509 293 173 56
"471" 4 0 -40.5833333333333 -13.9166666666667 1385 295 117 6
"472" 10 0 -44.4166666666667 -22.4166666666667 2263 298 267 18
"473" 3 0 -40.0833333333333 -12.9166666666667 1393 279 101 15
"474" 9 0 -40.5833333333333 -13.75 1375 286 120 11
"475" 9 0 -43.25 -19.75 2055 286 307 10
"476" 8 0 -42.0833333333333 -12.5833333333333 1123 287 126 3
"477" 6 0 -41.75 -11.25 1129 300 109 1
"478" 2 0 -45.5833333333333 -20.75 2084 289 270 17
"479" 7 0 -41.4166666666667 -15.25 1531 283 180 7
"480" 10 0 -42.4166666666667 -12.25 1063 318 131 1
"481" 9 0 -45.75 -22.5833333333333 2237 254 292 27
"482" 4 0 -42.5833333333333 -10.25 930 349 126 0
"483" 10 0 -40.25 -13.0833333333333 1369 262 107 24
"484" 5 0 -40.9166666666667 -11.25 1450 289 100 11
"485" 5 0 -43.25 -10.5833333333333 730 332 150 0
"486" 5 0 -39.9166666666667 -9.91666666666666 1718 316 87 8
"487" 6 0 -39.0833333333333 -13.25 1239 292 213 104
"488" 7 0 -41.5833333333333 -9.75 977 341 116 0
"489" 4 0 -40.0833333333333 -9.41666666666666 1628 320 111 3
"490" 4 0 -45.5833333333333 -20.0833333333333 2083 300 263 14
"491" 4 0 -41.0833333333333 -11.75 1432 272 110 21
"492" 6 0 -45.4166666666667 -21.5833333333333 2289 286 270 19
"493" 3 0 -45.4166666666667 -22.5833333333333 2265 236 335 29
"494" 7 0 -42.0833333333333 -21.75 2326 314 217 19
"495" 1 0 -42.5833333333333 -9.75 857 342 121 1
"496" 3 0 -41.75 -14.5833333333333 1466 298 135 3
"497" 1 0 -43.25 -20.5833333333333 2132 287 235 12
"498" 2 0 -42.0833333333333 -12.75 1091 290 133 3
"499" 4 0 -44.9166666666667 -22.9166666666667 2229 252 245 23
"500" 10 0 -42.9166666666667 -11.0833333333333 763 336 109 0
"501" 10 0 -40.4166666666667 -15.4166666666667 1547 303 140 23
"502" 1 0 -41.0833333333333 -10.9166666666667 1402 302 85 1
"503" 5 0 -44.4166666666667 -21.9166666666667 2091 261 296 16
"504" 1 0 -42.25 -10.25 979 347 123 0
"505" 4 0 -40.4166666666667 -10.5833333333333 1521 292 101 19
"506" 3 0 -40.4166666666667 -12.9166666666667 1404 291 105 17
"507" 7 0 -41.5833333333333 -21.25 1972 311 211 22
"508" 8 0 -43.4166666666667 -12.0833333333333 1062 343 168 0
"509" 4 0 -42.75 -10.0833333333333 876 348 125 1
"510" 2 0 -42.9166666666667 -21.9166666666667 2308 297 282 20
"511" 5 0 -45.75 -23.25 2238 260 226 25
"512" 5 0 -43.75 -19.4166666666667 1787 291 319 7
"513" 1 0 -43.5833333333333 -22.5833333333333 2022 299 251 42
"514" 2 0 -41.25 -14.5833333333333 1442 296 131 5
"515" 4 0 -42.0833333333333 -11.0833333333333 1129 321 109 1
"516" 6 0 -40.4166666666667 -10.0833333333333 1523 295 84 6
"517" 3 0 -41.9166666666667 -20.4166666666667 1943 279 236 19
"518" 2 0 -43.0833333333333 -20.4166666666667 2158 296 226 11
"519" 10 0 -41.75 -15.25 1531 279 166 6
"520" 10 0 -42.9166666666667 -10.5833333333333 843 340 124 1
"521" 1 0 -39.9166666666667 -12.75 1431 291 89 11
"522" 5 0 -45.4166666666667 -23.25 2241 254 237 26
"523" 6 0 -45.0833333333333 -23.25 2211 235 273 38
"524" 4 0 -40.5833333333333 -11.4166666666667 1521 295 106 20
"525" 10 0 -45.4166666666667 -20.9166666666667 2050 287 264 16
"526" 3 0 -42.25 -12.75 1083 308 139 1
"527" 6 0 -43.0833333333333 -10.0833333333333 789 344 121 1
"528" 9 0 -39.25 -11.0833333333333 1700 319 79 14
"529" 7 0 -42.75 -22.9166666666667 2040 299 166 47
"530" 9 0 -41.4166666666667 -21.0833333333333 1894 308 201 27
"531" 2 0 -44.25 -22.0833333333333 2056 252 295 19
"532" 8 0 -41.25 -12.4166666666667 1307 300 140 20
"533" 6 0 -45.5833333333333 -20.5833333333333 2062 289 277 16
"534" 10 0 -42.4166666666667 -11.0833333333333 1123 331 119 0
"535" 5 0 -39.4166666666667 -14.5833333333333 1066 286 150 84
"536" 6 0 -45.25 -21.5833333333333 2239 282 278 16
"537" 7 0 -42.5833333333333 -12.0833333333333 1073 316 142 1
"538" 4 0 -44.0833333333333 -21.9166666666667 2002 257 292 18
"539" 6 0 -45.0833333333333 -22.9166666666667 2267 257 263 22
"540" 9 0 -45.9166666666667 -21.75 2155 285 279 26
"541" 2 0 -41.0833333333333 -11.25 1396 285 104 9
"542" 9 0 -42.75 -10.75 1010 346 117 0
"543" 9 0 -43.75 -22.9166666666667 1966 310 174 41
"544" 3 0 -41.9166666666667 -14.5833333333333 1438 301 139 2
"545" 6 0 -40.75 -13.9166666666667 1372 298 116 3
"546" 5 0 -39.9166666666667 -13.75 1279 265 112 59
"547" 9 0 -39.4166666666667 -11.9166666666667 1535 302 64 20
"548" 7 0 -43.9166666666667 -21.4166666666667 1887 267 290 18
"549" 4 0 -43.9166666666667 -19.5833333333333 1705 294 303 7
"550" 7 0 -45.25 -20.0833333333333 1932 288 288 14
"551" 2 0 -40.75 -9.58333333333333 1362 330 106 0
"552" 6 0 -40.9166666666667 -12.25 1465 284 98 21
"553" 2 0 -42.9166666666667 -21.75 2239 291 286 19
"554" 1 0 -45.9166666666667 -20.4166666666667 2121 288 297 16
"555" 5 0 -41.9166666666667 -13.25 1137 271 161 22
"556" 8 0 -42.9166666666667 -12.9166666666667 1013 324 157 1
"557" 4 0 -45.75 -21.5833333333333 2208 289 274 25
"558" 8 0 -40.0833333333333 -9.58333333333333 1654 321 103 3
"559" 5 0 -42.5833333333333 -11.4166666666667 1063 303 148 1
"560" 7 0 -44.0833333333333 -22.25 2197 280 265 15
"561" 5 0 -41.4166666666667 -15.5833333333333 1575 289 186 8
"562" 2 0 -45.75 -23.0833333333333 2250 271 231 25
"563" 3 0 -42.9166666666667 -22.5833333333333 2224 311 205 40
"564" 8 0 -43.75 -21.5833333333333 1979 274 288 16
"565" 6 0 -45.4166666666667 -22.75 2269 248 323 28
"566" 3 0 -44.5833333333333 -21.75 2103 267 299 15
"567" 5 0 -42.4166666666667 -12.5833333333333 1040 330 133 1
"568" 5 0 -43.25 -11.5833333333333 1012 346 143 0
"569" 1 0 -40.0833333333333 -12.75 1449 297 98 11
"570" 9 0 -39.5833333333333 -13.4166666666667 1268 266 126 66
"571" 2 0 -43.0833333333333 -19.9166666666667 2088 288 269 12
"572" 9 0 -38.75 -12.5833333333333 1414 305 265 76
"573" 6 0 -42.4166666666667 -9.58333333333333 851 341 121 1
"574" 10 0 -38.9166666666667 -11.5833333333333 1482 307 81 30
"575" 2 0 -41.5833333333333 -10.4166666666667 1143 298 130 2
"576" 8 0 -43.9166666666667 -21.75 1936 262 289 17
"577" 8 0 -39.75 -12.5833333333333 1474 293 80 22
"578" 4 0 -40.25 -12.5833333333333 1468 309 110 14
"579" 6 0 -44.75 -21.5833333333333 2033 269 310 14
"580" 6 0 -42.4166666666667 -11.25 1110 325 126 0
"581" 10 0 -38.9166666666667 -11.75 1481 302 94 35
"582" 9 0 -41.5833333333333 -10.5833333333333 1176 300 118 2
"583" 5 0 -42.25 -9.91666666666666 885 345 128 0
"584" 1 0 -40.9166666666667 -10.25 1376 308 92 2
"585" 6 0 -42.4166666666667 -11.5833333333333 1098 301 145 1
"586" 5 0 -45.0833333333333 -23.5833333333333 2297 304 312 85
"587" 7 0 -44.25 -23.25 2115 306 232 50
"588" 9 0 -44.0833333333333 -19.75 1710 290 296 9
"589" 10 0 -43.5833333333333 -21.5833333333333 2005 278 289 17
"590" 9 0 -39.4166666666667 -12.75 1433 284 87 30
"591" 1 0 -38.5833333333333 -11.0833333333333 1557 325 120 28
"592" 6 0 -45.0833333333333 -22.75 2265 280 241 21
"593" 10 0 -39.4166666666667 -11.5833333333333 1575 307 62 17
"594" 4 0 -39.25 -13.75 1139 284 188 111
"595" 2 0 -43.75 -20.0833333333333 1892 270 329 12
"596" 9 0 -45.0833333333333 -23.75 2274 292 268 77
"597" 6 0 -43.25 -14.4166666666667 1267 315 182 0
"598" 10 0 -42.5833333333333 -10.9166666666667 1115 340 119 0
"599" 7 0 -39.25 -11.75 1514 304 71 23
"600" 6 0 -39.4166666666667 -14.25 1076 289 148 82
"601" 10 0 -43.9166666666667 -20.9166666666667 1924 273 292 17
"602" 8 0 -39.4166666666667 -11.75 1538 306 61 18
"603" 8 0 -43.5833333333333 -11.4166666666667 988 340 150 0
"604" 9 0 -42.5833333333333 -22.9166666666667 1970 298 156 44
"605" 10 0 -43.0833333333333 -11.5833333333333 963 343 153 0
"606" 9 0 -40.9166666666667 -11.9166666666667 1526 282 96 26
"607" 2 0 -44.25 -20.5833333333333 1892 273 310 15
"608" 3 0 -43.0833333333333 -14.5833333333333 1239 313 193 0
"609" 9 0 -43.5833333333333 -12.75 1007 343 174 0
"610" 8 0 -40.25 -12.0833333333333 1565 302 102 20
"611" 9 0 -43.4166666666667 -10.9166666666667 712 330 147 0
"612" 6 0 -40.4166666666667 -9.91666666666666 1531 309 87 3
"613" 9 0 -40.0833333333333 -13.25 1375 268 99 28
"614" 9 0 -39.0833333333333 -12.25 1582 298 99 34
"615" 7 0 -41.5833333333333 -9.91666666666666 1025 329 113 0
"616" 10 0 -39.75 -12.25 1497 294 81 21
"617" 4 0 -40.75 -14.5833333333333 1462 273 113 7
"618" 4 0 -42.75 -13.0833333333333 1036 310 159 1
"619" 4 0 -39.75 -10.9166666666667 1715 323 99 11
"620" 7 0 -39.9166666666667 -11.0833333333333 1645 319 90 13
"621" 8 0 -42.25 -21.75 2248 314 240 19
"622" 1 0 -40.25 -12.4166666666667 1485 308 115 17
"623" 5 0 -42.25 -11.0833333333333 1140 334 111 0
"624" 2 0 -41.0833333333333 -10.5833333333333 1389 300 91 2
"625" 1 0 -45.9166666666667 -22.0833333333333 2173 275 266 22
"626" 9 0 -40.0833333333333 -14.0833333333333 1323 273 119 40
"627" 10 0 -41.9166666666667 -13.5833333333333 1226 291 148 12
"628" 6 0 -39.5833333333333 -14.25 1157 288 141 73
"629" 3 0 -41.0833333333333 -14.4166666666667 1415 300 117 11
"630" 8 0 -41.5833333333333 -20.9166666666667 1904 287 222 27
"631" 4 0 -42.0833333333333 -12.4166666666667 1126 288 125 4
"632" 3 0 -42.25 -12.5833333333333 1075 301 131 1
"633" 7 0 -40.4166666666667 -11.4166666666667 1527 303 108 23
"634" 3 0 -43.75 -13.25 995 336 267 0
"635" 8 0 -44.75 -19.9166666666667 1896 295 291 5
"636" 5 0 -43.0833333333333 -21.25 2259 310 275 16
"637" 3 0 -41.25 -21.9166666666667 1963 309 149 27
"638" 7 0 -42.75 -21.5833333333333 2198 310 269 17
"639" 5 0 -41.9166666666667 -12.25 1172 288 122 4
"640" 5 0 -44.9166666666667 -22.75 2279 265 259 23
"641" 8 0 -40.75 -10.9166666666667 1477 296 93 9
"642" 10 0 -43.25 -20.75 2146 289 247 14
"643" 6 0 -43.0833333333333 -14.75 1222 314 183 0
"644" 6 0 -45.5833333333333 -21.4166666666667 2264 289 262 23
"645" 8 0 -42.4166666666667 -11.9166666666667 1107 300 140 1
"646" 1 0 -41.5833333333333 -9.41666666666666 982 336 119 0
"647" 1 0 -44.75 -20.5833333333333 1896 279 303 10
"648" 6 0 -40.5833333333333 -14.4166666666667 1443 269 110 7
"649" 1 0 -45.75 -21.25 2162 286 270 23
"650" 10 0 -42.0833333333333 -21.25 2186 316 249 17
"651" 7 0 -40.75 -10.75 1478 297 93 7
"652" 8 0 -40.75 -15.25 1498 291 144 23
"653" 7 0 -42.25 -14.0833333333333 1293 303 155 2
"654" 1 0 -42.5833333333333 -12.5833333333333 1040 337 136 1
"655" 1 0 -44.4166666666667 -19.9166666666667 1814 293 306 8
"656" 9 0 -42.9166666666667 -14.75 1230 312 175 0
"657" 9 0 -42.5833333333333 -12.25 1067 329 134 0
"658" 1 0 -38.9166666666667 -10.9166666666667 1732 328 78 19
"659" 10 0 -43.4166666666667 -12.75 1001 344 172 1
"660" 5 0 -39.5833333333333 -14.4166666666667 1141 285 141 73
"661" 7 0 -41.4166666666667 -10.5833333333333 1236 292 120 3
"662" 8 0 -43.4166666666667 -10.5833333333333 759 328 161 0
"663" 2 0 -42.25 -12.0833333333333 1100 284 132 4
"664" 7 0 -39.9166666666667 -13.4166666666667 1339 267 90 35
"665" 4 0 -40.4166666666667 -12.5833333333333 1442 299 104 17
"666" 8 0 -42.25 -15.0833333333333 1433 281 167 4
"667" 5 0 -41.4166666666667 -13.25 1239 275 147 25
"668" 9 0 -38.75 -12.75 1348 302 257 70
"669" 10 0 -42.4166666666667 -9.41666666666666 862 341 127 0
"670" 5 0 -39.25 -12.0833333333333 1531 297 77 30
"671" 9 0 -44.75 -22.75 2193 237 290 27
"672" 2 0 -43.5833333333333 -12.4166666666667 1057 345 159 0
"673" 6 0 -42.25 -22.25 2024 262 247 29
"674" 4 0 -42.9166666666667 -22.75 2168 309 175 45
"675" 9 0 -42.9166666666667 -10.9166666666667 775 339 110 0
"676" 8 0 -45.0833333333333 -19.75 1895 298 281 6
"677" 10 0 -40.75 -12.5833333333333 1402 291 98 17
"678" 7 0 -46.0833333333333 -22.5833333333333 2176 252 276 27
"679" 7 0 -42.75 -11.9166666666667 1064 316 154 1
"680" 8 0 -41.75 -21.75 2132 286 215 28
"681" 3 0 -42.9166666666667 -21.4166666666667 2185 299 276 19
"682" 1 0 -38.9166666666667 -11.9166666666667 1489 296 102 39
"683" 3 0 -41.9166666666667 -11.75 1167 305 118 2
"684" 3 0 -44.0833333333333 -19.5833333333333 1671 292 298 7
"685" 3 0 -43.25 -20.4166666666667 2152 292 233 10
"686" 1 0 -43.5833333333333 -22.9166666666667 2019 310 176 42
"687" 9 0 -38.9166666666667 -12.75 1366 299 203 68
"688" 7 0 -45.5833333333333 -21.0833333333333 2154 288 263 19
"689" 8 0 -40.5833333333333 -11.5833333333333 1561 297 99 22
"690" 7 0 -42.25 -13.4166666666667 1155 312 156 2
"691" 1 0 -44.5833333333333 -20.5833333333333 1931 285 286 11
"692" 2 0 -45.9166666666667 -20.9166666666667 2067 277 285 20
"693" 6 0 -44.4166666666667 -21.25 1999 276 321 14
"694" 9 0 -46.0833333333333 -21.5833333333333 2129 280 283 25
"695" 3 0 -40.0833333333333 -12.5833333333333 1464 303 101 15
"696" 10 0 -41.4166666666667 -14.4166666666667 1433 295 124 5
"697" 7 0 -41.25 -13.75 1303 282 139 19
"698" 2 0 -44.4166666666667 -22.9166666666667 2146 278 256 38
"699" 4 0 -44.0833333333333 -22.0833333333333 2124 270 272 16
"700" 3 0 -45.9166666666667 -21.25 2169 288 270 23
"701" 7 0 -45.0833333333333 -22.0833333333333 2292 279 283 20
"702" 4 0 -44.75 -20.0833333333333 1896 294 299 6
"703" 9 0 -42.9166666666667 -20.4166666666667 2169 304 222 12
"704" 5 0 -44.4166666666667 -22.25 2180 256 288 19
"705" 6 0 -45.25 -20.25 1923 283 296 15
"706" 9 0 -43.0833333333333 -21.75 2241 293 284 19
"707" 10 0 -44.4166666666667 -20.9166666666667 1934 274 327 15
"708" 2 0 -41.4166666666667 -9.75 1052 339 124 0
"709" 3 0 -44.9166666666667 -20.4166666666667 1953 290 289 7
"710" 6 0 -42.0833333333333 -12.0833333333333 1136 292 121 2
"711" 5 0 -45.0833333333333 -21.25 1943 285 287 14
"712" 9 0 -41.4166666666667 -9.08333333333333 1082 335 119 1
"713" 7 0 -40.75 -13.75 1363 300 112 4
"714" 6 0 -41.75 -21.9166666666667 2160 306 193 28
"715" 1 0 -42.9166666666667 -11.25 784 338 118 0
"716" 8 0 -43.75 -12.75 1033 341 170 0
"717" 2 0 -46.25 -21.9166666666667 2160 263 295 25
"718" 3 0 -42.75 -20.75 2128 288 244 19
"719" 2 0 -42.4166666666667 -22.9166666666667 1869 297 141 42
"720" 9 0 -42.5833333333333 -22.25 2090 259 266 29
"721" 10 0 -38.75 -11.25 1582 306 92 29
"722" 2 0 -42.25 -11.4166666666667 1110 322 129 0
"723" 6 0 -41.0833333333333 -14.9166666666667 1472 289 159 8
"724" 5 0 -44.9166666666667 -23.25 2210 259 280 56
"725" 4 0 -41.75 -15.0833333333333 1528 279 159 5
"726" 1 0 -39.4166666666667 -14.75 1066 289 147 77
"727" 1 0 -44.25 -19.9166666666667 1835 294 291 10
"728" 6 0 -40.0833333333333 -10.5833333333333 1547 315 96 16
"729" 2 0 -42.5833333333333 -21.75 2215 316 267 17
"730" 5 0 -41.5833333333333 -15.4166666666667 1559 285 187 7
"731" 1 0 -39.0833333333333 -14.0833333333333 1059 293 223 132
"732" 6 0 -39.9166666666667 -14.9166666666667 1302 284 136 38
"733" 7 0 -39.25 -14.5833333333333 1000 290 178 92
"734" 1 0 -39.75 -11.0833333333333 1696 320 87 11
"735" 9 0 -46.0833333333333 -21.75 2122 269 287 25
"736" 9 0 -44.25 -21.0833333333333 2051 282 305 13
"737" 5 0 -43.9166666666667 -20.4166666666667 1901 269 320 14
"738" 7 0 -41.5833333333333 -13.5833333333333 1247 300 134 11
"739" 8 0 -43.5833333333333 -20.25 1879 256 333 14
"740" 9 0 -42.4166666666667 -14.75 1345 291 190 2
"741" 6 0 -42.5833333333333 -21.0833333333333 2128 296 261 21
"742" 3 0 -45.25 -22.9166666666667 2284 269 254 21
"743" 4 0 -46.25 -21.4166666666667 2132 278 272 21
"744" 4 0 -41.9166666666667 -9.41666666666666 871 338 119 0
"745" 9 0 -38.9166666666667 -12.25 1583 295 120 40
"746" 3 0 -44.0833333333333 -23.25 2036 311 213 49
"747" 6 0 -40.9166666666667 -14.4166666666667 1427 287 121 5
"748" 3 0 -39.4166666666667 -10.0833333333333 1680 310 89 14
"749" 7 0 -43.4166666666667 -12.4166666666667 1049 342 154 1
"750" 6 0 -43.0833333333333 -11.0833333333333 722 334 111 0
"751" 2 0 -41.75 -9.91666666666666 966 328 119 0
"752" 10 0 -44.5833333333333 -22.75 2174 235 286 28
"753" 4 0 -42.5833333333333 -20.0833333333333 2077 316 210 13
"754" 9 0 -42.25 -11.75 1127 303 133 1
"755" 4 0 -40.0833333333333 -11.5833333333333 1603 306 93 21
"756" 5 0 -43.0833333333333 -20.5833333333333 2168 293 233 13
"757" 2 0 -42.4166666666667 -14.25 1285 293 187 2
"758" 9 0 -43.9166666666667 -20.75 1953 276 293 16
"759" 2 0 -41.5833333333333 -13.4166666666667 1235 296 144 15
"760" 9 0 -40.0833333333333 -14.25 1323 264 122 39
"761" 5 0 -40.9166666666667 -15.5833333333333 1536 284 152 26
"762" 6 0 -45.0833333333333 -21.5833333333333 2157 279 284 15
"763" 6 0 -41.75 -12.0833333333333 1225 296 112 4
"764" 1 0 -46.0833333333333 -21.4166666666667 2144 285 274 23
"765" 8 0 -41.75 -9.58333333333333 913 341 118 0
"766" 10 0 -43.0833333333333 -14.25 1253 308 173 0
"767" 8 0 -43.25 -21.5833333333333 2141 297 292 19
"768" 7 0 -43.4166666666667 -11.0833333333333 712 330 136 0
"769" 3 0 -42.5833333333333 -11.5833333333333 1079 300 157 1
"770" 4 0 -42.9166666666667 -20.5833333333333 2154 294 234 15
"771" 9 0 -40.4166666666667 -11.9166666666667 1583 298 98 23
"772" 10 0 -43.0833333333333 -12.25 1028 334 155 1
"773" 8 0 -44.9166666666667 -20.75 1882 277 322 13
"774" 8 0 -43.25 -19.4166666666667 2048 292 340 10
"775" 1 0 -39.4166666666667 -10.75 1750 322 66 13
"776" 5 0 -41.0833333333333 -13.4166666666667 1251 294 152 15
"777" 9 0 -41.25 -14.25 1400 303 128 7
"778" 6 0 -39.0833333333333 -10.5833333333333 1720 321 68 17
"779" 2 0 -43.5833333333333 -11.9166666666667 1101 341 164 0
"780" 4 0 -41.75 -13.5833333333333 1241 298 140 10
"781" 2 0 -40.25 -11.25 1534 314 108 22
"782" 4 0 -42.0833333333333 -21.9166666666667 2178 298 230 23
"783" 3 0 -42.25 -21.4166666666667 2281 317 255 18
"784" 7 0 -41.75 -14.0833333333333 1333 311 128 3
"785" 4 0 -39.4166666666667 -12.0833333333333 1523 296 69 23
"786" 3 0 -39.25 -14.0833333333333 1083 285 186 113
"787" 4 0 -41.5833333333333 -14.75 1515 296 142 3
"788" 2 0 -43.4166666666667 -21.5833333333333 2030 284 296 17
"789" 6 0 -44.4166666666667 -21.5833333333333 2044 272 302 14
"790" 9 0 -40.4166666666667 -11.75 1587 298 96 27
"791" 2 0 -41.4166666666667 -14.0833333333333 1351 311 122 4
"792" 10 0 -43.25 -21.4166666666667 2191 304 281 18
"793" 4 0 -39.75 -11.9166666666667 1537 298 69 16
"794" 9 0 -45.4166666666667 -21.0833333333333 2114 288 261 18
"795" 10 0 -45.4166666666667 -20.75 2033 286 273 15
"796" 7 0 -39.5833333333333 -11.4166666666667 1625 311 70 13
"797" 3 0 -42.4166666666667 -21.4166666666667 2231 321 256 18
"798" 1 0 -44.25 -22.9166666666667 2161 285 250 37
"799" 4 0 -40.9166666666667 -10.4166666666667 1408 308 109 1
"800" 5 0 -44.5833333333333 -21.25 1947 275 333 14
"801" 3 0 -40.75 -11.4166666666667 1494 287 106 19
"802" 9 0 -43.75 -21.9166666666667 2011 269 269 17
"803" 2 0 -45.4166666666667 -22.0833333333333 2195 264 288 21
"804" 2 0 -43.25 -22.4166666666667 2048 256 297 43
"805" 9 0 -42.25 -20.5833333333333 1968 279 236 18
"806" 10 0 -40.25 -11.5833333333333 1586 306 97 22
"807" 2 0 -41.9166666666667 -9.75 867 339 124 0
"808" 6 0 -39.75 -9.91666666666666 1764 313 87 9
"809" 7 0 -40.75 -12.25 1463 290 90 20
"810" 4 0 -43.5833333333333 -22.75 1988 314 206 43
"811" 4 0 -41.5833333333333 -10.25 1137 314 112 1
"812" 10 0 -45.0833333333333 -19.9166666666667 1926 295 282 6
"813" 5 0 -42.9166666666667 -11.5833333333333 963 335 159 0
"814" 1 0 -42.4166666666667 -10.25 984 350 127 0
"815" 2 0 -43.9166666666667 -21.0833333333333 1908 273 287 17
"816" 4 0 -42.5833333333333 -20.75 2054 282 243 19
"817" 9 0 -44.0833333333333 -21.0833333333333 2009 278 295 15
"818" 5 0 -42.25 -10.75 1128 341 108 1
"819" 3 0 -39.0833333333333 -13.4166666666667 1202 295 240 121
"820" 10 0 -42.9166666666667 -21.0833333333333 2294 315 271 15
"821" 9 0 -39.9166666666667 -11.75 1580 305 79 19
"822" 4 0 -41.0833333333333 -13.9166666666667 1345 303 131 5
"823" 5 0 -43.25 -22.75 2156 308 186 45
"824" 1 0 -42.4166666666667 -20.75 1983 273 245 20
"825" 3 0 -40.4166666666667 -13.25 1373 264 117 23
"826" 6 0 -41.0833333333333 -14.25 1401 302 123 8
"827" 8 0 -41.9166666666667 -9.58333333333333 832 336 120 0
"828" 5 0 -42.9166666666667 -13.0833333333333 1019 321 163 0
"829" 1 0 -42.4166666666667 -20.0833333333333 2021 307 214 14
"830" 3 0 -40.5833333333333 -14.5833333333333 1457 265 104 13
"831" 2 0 -43.4166666666667 -13.9166666666667 1165 324 165 0
"832" 10 0 -42.0833333333333 -13.9166666666667 1301 312 138 2
"833" 5 0 -44.0833333333333 -20.0833333333333 1916 285 311 11
"834" 4 0 -41.9166666666667 -22.75 1743 289 123 39
"835" 8 0 -42.75 -14.9166666666667 1199 304 180 1
"836" 8 0 -40.0833333333333 -15.0833333333333 1383 288 129 36
"837" 1 0 -40.25 -14.4166666666667 1385 262 115 21
"838" 3 0 -39.9166666666667 -15.0833333333333 1326 293 140 35
"839" 10 0 -40.9166666666667 -14.75 1452 273 134 7
"840" 5 0 -41.9166666666667 -15.0833333333333 1527 283 159 3
"841" 2 0 -43.0833333333333 -14.4166666666667 1230 297 190 1
"842" 10 0 -40.25 -14.75 1385 266 116 35
"843" 7 0 -39.5833333333333 -12.75 1428 282 86 24
"844" 6 0 -44.9166666666667 -22.4166666666667 2214 242 323 24
"845" 9 0 -43.0833333333333 -19.4166666666667 2071 291 326 12
"846" 1 0 -40.0833333333333 -15.25 1443 296 130 31
"847" 8 0 -45.4166666666667 -23.5833333333333 2234 270 276 60
"848" 5 0 -44.5833333333333 -19.4166666666667 1717 300 275 10
"849" 3 0 -39.25 -9.91666666666666 1757 318 85 9
"850" 7 0 -45.75 -20.4166666666667 2112 291 281 16
"851" 3 0 -40.75 -13.5833333333333 1346 296 117 6
"852" 5 0 -43.4166666666667 -20.0833333333333 1994 273 298 13
"853" 10 0 -40.4166666666667 -14.9166666666667 1431 279 118 38
"854" 10 0 -40.9166666666667 -13.9166666666667 1352 303 124 3
"855" 6 0 -39.9166666666667 -12.25 1496 300 91 18
"856" 8 0 -44.4166666666667 -21.4166666666667 2020 275 310 14
"857" 3 0 -45.0833333333333 -20.4166666666667 1932 286 299 10
"858" 5 0 -44.75 -21.9166666666667 2130 260 300 16
"859" 7 0 -42.75 -20.5833333333333 2123 294 234 16
"860" 1 0 -40.25 -13.9166666666667 1371 280 112 23
"861" 10 0 -40.75 -15.0833333333333 1458 283 146 26
"862" 8 0 -43.4166666666667 -19.75 2003 292 303 9
"863" 10 0 -40.0833333333333 -13.4166666666667 1337 267 99 29
"864" 6 0 -39.25 -12.5833333333333 1472 292 94 41
"865" 7 0 -39.25 -14.4166666666667 1015 288 182 93
"866" 3 0 -43.25 -12.5833333333333 996 346 143 2
"867" 3 0 -42.5833333333333 -11.75 1087 316 148 1
"868" 7 0 -40.75 -15.5833333333333 1528 280 154 40
"869" 1 0 -43.5833333333333 -21.9166666666667 2022 278 261 17
"870" 2 0 -43.5833333333333 -20.75 2085 288 262 14
"871" 1 0 -40.25 -11.0833333333333 1542 313 112 25
"872" 6 0 -44.5833333333333 -20.4166666666667 1923 288 280 9
"873" 6 0 -39.25 -12.4166666666667 1537 295 86 34
"874" 8 0 -41.0833333333333 -13.0833333333333 1270 307 147 14
"875" 9 0 -40.9166666666667 -12.4166666666667 1420 287 100 18
"876" 5 0 -45.25 -22.5833333333333 2284 242 328 26
"877" 7 0 -43.0833333333333 -14.0833333333333 1234 317 155 1
"878" 2 0 -41.75 -12.4166666666667 1194 293 139 5
"879" 9 0 -44.4166666666667 -21.0833333333333 2014 280 323 14
"880" 1 0 -39.4166666666667 -13.0833333333333 1362 281 137 47
"881" 3 0 -45.0833333333333 -20.9166666666667 1917 282 300 14
"882" 4 0 -41.9166666666667 -10.5833333333333 1127 334 105 1
"883" 7 0 -42.4166666666667 -11.4166666666667 1096 312 137 1
"884" 8 0 -40.25 -11.75 1584 301 97 25
"885" 4 0 -43.0833333333333 -11.75 1023 345 167 0
"886" 9 0 -43.5833333333333 -21.0833333333333 1968 275 280 19
"887" 4 0 -41.25 -9.58333333333333 1116 342 129 0
"888" 5 0 -39.0833333333333 -11.9166666666667 1503 299 87 34
"889" 6 0 -42.5833333333333 -20.4166666666667 2090 296 227 15
"890" 9 0 -42.4166666666667 -20.4166666666667 1983 281 234 17
"891" 6 0 -40.75 -13.4166666666667 1346 294 116 9
"892" 10 0 -43.5833333333333 -19.75 1859 277 323 10
"893" 1 0 -41.4166666666667 -11.75 1326 282 112 9
"894" 6 0 -42.75 -10.4166666666667 920 344 123 1
"895" 10 0 -44.25 -21.9166666666667 2052 257 296 17
"896" 9 0 -42.25 -12.4166666666667 1087 297 128 2
"897" 5 0 -42.4166666666667 -21.25 2229 315 266 18
"898" 5 0 -44.25 -19.75 1744 291 291 9
"899" 2 0 -43.4166666666667 -22.5833333333333 2077 291 266 47
"900" 5 0 -44.9166666666667 -21.25 1900 281 313 13
"901" 4 0 -42.4166666666667 -19.9166666666667 2013 308 217 13
"902" 7 0 -43.5833333333333 -21.25 1914 272 286 19
"903" 9 0 -39.0833333333333 -11.4166666666667 1562 306 76 20
"904" 2 0 -42.25 -13.25 1104 313 160 2
"905" 6 0 -43.75 -22.4166666666667 2084 290 249 21
"906" 10 0 -41.5833333333333 -11.5833333333333 1234 297 107 1
"907" 4 0 -41.75 -20.5833333333333 1895 273 233 23
"908" 5 0 -40.0833333333333 -12.0833333333333 1542 303 96 18
"909" 2 0 -42.5833333333333 -19.75 2004 321 212 12
"910" 8 0 -41.9166666666667 -12.9166666666667 1150 276 139 10
"911" 5 0 -44.25 -20.9166666666667 1981 277 310 15
"912" 1 0 -43.4166666666667 -20.9166666666667 2114 287 264 16
"913" 5 0 -40.5833333333333 -9.25 1434 329 113 2
"914" 3 0 -44.4166666666667 -23.0833333333333 2017 309 259 62
"915" 10 0 -39.9166666666667 -11.5833333333333 1596 307 85 21
"916" 9 0 -45.4166666666667 -20.25 1989 287 283 16
"917" 1 0 -39.9166666666667 -11.9166666666667 1558 303 78 15
"918" 8 0 -42.4166666666667 -21.75 2204 316 255 18
"919" 8 0 -40.75 -11.5833333333333 1548 294 106 22
"920" 10 0 -46.25 -22.0833333333333 2150 255 298 26
"921" 3 0 -42.0833333333333 -9.58333333333333 813 339 120 0
"922" 8 0 -39.5833333333333 -11.0833333333333 1721 320 80 10
"923" 7 0 -41.9166666666667 -9.91666666666666 901 334 124 0
"924" 2 0 -41.0833333333333 -15.4166666666667 1532 287 161 14
"925" 10 0 -42.75 -12.75 1028 326 147 1
"926" 4 0 -41.75 -20.4166666666667 1820 246 248 28
"927" 1 0 -44.0833333333333 -20.25 1946 290 301 10
"928" 6 0 -45.9166666666667 -22.4166666666667 2196 269 261 22
"929" 5 0 -41.9166666666667 -10.25 1037 339 118 1
"930" 4 0 -43.5833333333333 -14.0833333333333 1197 327 153 0
"931" 9 0 -40.5833333333333 -15.0833333333333 1472 284 128 32
"932" 7 0 -39.0833333333333 -13.5833333333333 1166 295 236 120
"933" 8 0 -42.75 -10.25 882 347 125 1
"934" 1 0 -42.75 -12.9166666666667 1040 312 154 1
"935" 10 0 -43.5833333333333 -12.5833333333333 1036 345 164 0
"936" 5 0 -44.9166666666667 -19.75 1892 299 272 6
"937" 1 0 -40.9166666666667 -15.0833333333333 1462 278 164 22
"938" 8 0 -42.75 -10.5833333333333 948 344 120 1
"939" 2 0 -43.4166666666667 -13.5833333333333 1066 329 187 0
"940" 7 0 -43.0833333333333 -13.4166666666667 1013 324 181 0
"941" 7 0 -45.0833333333333 -21.9166666666667 2233 279 283 17
"942" 8 0 -41.5833333333333 -15.25 1520 282 172 6
"943" 8 0 -39.0833333333333 -12.75 1423 288 149 68
"944" 7 0 -42.0833333333333 -20.75 2010 290 233 20
"945" 10 0 -45.75 -20.9166666666667 2052 276 286 20
"946" 10 0 -41.5833333333333 -14.25 1386 311 129 4
"947" 5 0 -42.9166666666667 -20.9166666666667 2185 294 259 19
"948" 1 0 -41.5833333333333 -21.4166666666667 2056 315 204 21
"949" 7 0 -42.0833333333333 -13.4166666666667 1172 290 163 10
"950" 9 0 -41.4166666666667 -21.4166666666667 1952 312 192 24
"951" 5 0 -45.25 -19.75 1902 299 289 11
"952" 5 0 -44.25 -20.0833333333333 1895 292 293 10
"953" 10 0 -43.4166666666667 -21.25 2120 292 281 17
"954" 10 0 -44.5833333333333 -21.4166666666667 1998 272 320 14
"955" 8 0 -42.5833333333333 -13.9166666666667 1181 282 181 4
"956" 6 0 -42.5833333333333 -12.75 1037 335 139 1
"957" 8 0 -42.75 -12.5833333333333 1024 334 140 1
"958" 10 0 -38.9166666666667 -12.4166666666667 1600 299 152 45
"959" 9 0 -42.5833333333333 -14.9166666666667 1269 284 200 2
"960" 5 0 -41.9166666666667 -10.75 1156 330 102 1
"961" 2 0 -41.9166666666667 -11.5833333333333 1139 304 121 2
"962" 8 0 -40.0833333333333 -12.25 1516 302 104 17
"963" 3 0 -40.0833333333333 -14.4166666666667 1337 267 127 37
"964" 6 0 -40.25 -9.91666666666666 1621 315 92 4
"965" 4 0 -42.4166666666667 -14.4166666666667 1308 292 187 2
"966" 8 0 -45.9166666666667 -22.5833333333333 2207 250 286 27
"967" 1 0 -44.75 -21.4166666666667 1938 272 320 14
"968" 7 0 -39.75 -13.0833333333333 1344 262 100 43
"969" 10 0 -44.5833333333333 -20.75 1881 273 326 14
"970" 9 0 -45.4166666666667 -20.5833333333333 2016 287 281 15
"971" 7 0 -41.25 -21.75 1926 312 160 26
"972" 6 0 -45.25 -21.25 2084 286 270 17
"973" 4 0 -44.9166666666667 -20.5833333333333 1908 282 303 9
"974" 8 0 -39.5833333333333 -9.75 1774 315 90 6
"975" 8 0 -39.4166666666667 -9.75 1774 318 92 8
"976" 4 0 -42.9166666666667 -21.5833333333333 2239 303 277 18
"977" 3 0 -42.0833333333333 -13.5833333333333 1210 296 156 6
"978" 8 0 -41.25 -14.4166666666667 1417 294 125 7
"979" 3 0 -40.9166666666667 -9.91666666666666 1325 310 90 1
"980" 4 0 -43.25 -13.4166666666667 1000 330 185 0
"981" 4 0 -42.0833333333333 -9.91666666666666 868 339 128 0
"982" 10 0 -44.9166666666667 -21.4166666666667 1975 278 304 14
"983" 5 0 -39.0833333333333 -10.75 1758 325 63 15
"984" 7 0 -43.4166666666667 -11.75 1087 348 157 0
"985" 7 0 -41.9166666666667 -12.5833333333333 1137 286 123 4
"986" 4 0 -43.0833333333333 -21.4166666666667 2231 308 278 18
"987" 2 0 -42.4166666666667 -10.4166666666667 1027 348 124 0
"988" 5 0 -44.0833333333333 -21.25 1974 276 294 15
"989" 9 0 -40.5833333333333 -15.4166666666667 1515 290 148 26
"990" 4 0 -41.9166666666667 -22.0833333333333 2089 294 209 30
"991" 4 0 -44.0833333333333 -21.4166666666667 1951 269 297 16
"992" 2 0 -42.5833333333333 -14.5833333333333 1280 288 190 1
"993" 9 0 -40.4166666666667 -11.0833333333333 1500 303 123 30
"994" 8 0 -41.9166666666667 -21.9166666666667 2103 275 228 31
"995" 2 0 -41.4166666666667 -12.9166666666667 1223 274 150 20
"996" 5 0 -41.0833333333333 -14.75 1473 288 143 5
"997" 9 0 -42.5833333333333 -11.9166666666667 1078 312 146 1
"998" 3 0 -42.5833333333333 -12.4166666666667 1040 338 132 0
"999" 1 0 -43.0833333333333 -22.5833333333333 2191 293 246 46
"1000" 1 0 -42.9166666666667 -14.5833333333333 1243 301 190 0
