"group.all" "pa" "lon" "lat" "wc2.0_bio_10m_04" "wc2.0_bio_10m_05" "wc2.0_bio_10m_13" "wc2.0_bio_10m_14"
"1" 3 1 -46.3333333 -15.5 149.462194699328 31.9227504730225 273 4
"2" 1 1 -46.3333333 -13.6666667 89.2306823478023 30.0834999084473 270 2
"3" 2 1 -43.0405555 -16.8580556 168.700900614447 29.1100006103516 231 5
"5" 2 1 -46.25 -19.3333333 183.271556628684 28.1622505187988 301 14
"7" 1 1 -48.4269445 -14.3405555 106.017347695606 30.6882495880127 257 5
"8" 2 1 -55.03 -9.3636111 67.5054323767665 32.5584983825684 343 9
"9" 1 1 -42.2691667 -22.5005556 222.494579820247 31.6639995574951 172 29
"11" 3 1 -42.3461111 -22.5322223 224.37537142215 31.5580005645752 169 26
"12" 3 1 -42.0425 -22.9436111 211.491333226079 28.9952373504639 149 32
"13" 3 1 -41.0188889 -21.2072222 207.983517518674 31.8757495880127 166 30
"14" 1 1 -46.6172223 -8.5491666 77.2462769687086 32.568000793457 205 2
"17" 2 1 -42.4244445 -22.9205556 216.424240957944 30.7070827484131 164 28
"18" 2 1 -72.9625 -7.5980556 54.3667783107178 30.820499420166 290 60
"19" 1 1 -34.85 -7.1 95.2173629443287 30.952507019043 293 38
"21" 2 1 -43.59 -20.4633333 204.487935587301 26.0667495727539 304 15
"22" 3 1 -60.0005556 -13.1247223 93.4405436567737 31.6809997558594 318 11
"23" 1 1 -42.6019444 -22.9316667 214.593578164833 30.4172840118408 175 25
"24" 3 1 -42.0166667 -20.7166667 233.749530495031 29.4362506866455 229 20
"26" 3 1 -48.7805556 -2.2033333 39.4761958927851 31.8990001678467 423 64
"27" 3 1 -54.9313889 -2.5186111 65.6442810641894 31.9664993286133 328 34
"28" 1 1 -54.9577778 -2.4947222 63.8408072552119 31.4610004425049 333 28
"29" 3 1 -47.4930555 -15.9783334 143.027992921663 29.0540008544922 269 6
"30" 1 1 -47.98 -15.7575 115.678283182596 28.1842498779297 250 8
"31" 3 1 -34.9686111 -8.0786111 101.75680761429 29.998966217041 227 27
"32" 1 1 -42.7369444 -22.4011111 231.215315761927 28.1357498168945 233 30
"33" 1 1 -43.7352777 -22.3586111 237.516631944763 29.2872505187988 240 25
"36" 2 1 -46.6211111 -10.3672223 86.6389965701396 32.5027503967285 224 1
"37" 3 1 -42.5752778 -15.1127778 144.68904606691 28.24049949646 200 2
"38" 2 1 -47.3813889 -6.9325 56.7842476184793 32.6829986572266 284 12
"39" 3 1 -47.7713889 -12.9 102.314783932927 33.265998840332 251 1
"40" 1 1 -43.0288889 -16.3169445 175.058794754177 29.1350002288818 213 4
"44" 2 1 -41.0463889 -21.7980555 196.832804208436 32.2142066955566 150 28
"45" 2 1 -34.9925 -7.8122222 108.539441021279 30.4082660675049 282 37
"46" 2 1 -50.3666667 -22.5833333 268.945119992738 30.4104995727539 196 38
"47" 2 1 -35.1888889 -5.9291667 106.427789483111 30.9553852081299 230 17
"48" 3 1 -41.1166667 -12.0166667 155.216750106235 28.8675003051758 100 17
"49" 1 1 -47.6327778 -14.1647222 88.4352136365719 26.8017501831055 290 6
"51" 1 1 -40.0372222 -19.2761111 193.911606113284 31.28125 184 40
"1100" 1 0 -43.75 -5.41666666666666 110.550558099076 34.7335014343262 268 5
"2100" 2 0 -58.25 -17.4166666666667 205.30404821599 34.658748626709 220 25
"3100" 2 0 -74.4166666666667 -5.08333333333333 39.0226630037023 32.2519989013672 244 118
"4" 3 0 -57.0833333333333 -21.25 279.831001255825 33.3232498168945 176 37
"5100" 3 0 -41.9166666666667 -3.58333333333333 83.2953166657988 33.6472511291504 301 11
"6" 3 0 -76.9166666666667 -8.08333333333333 28.0696186483054 26.0247497558594 161 44
"7100" 2 0 -47.75 -3.25 40.9047899787297 31.7870006561279 379 42
"8100" 1 0 -75.5833333333333 -6.25 34.8321938432557 32.708251953125 277 95
"9100" 1 0 -54.5833333333333 -19.4166666666667 185.35883314084 30.7517509460449 249 34
"10" 1 0 -59.75 1.58333333333334 58.6174670788058 32.340747833252 347 49
"1110" 1 0 -50.9166666666667 -8.08333333333333 37.6857365173804 32.6887512207031 283 11
"1210" 3 0 -69.0833333333333 -13.0833333333333 108.618610157497 31.2185001373291 372 80
"1310" 2 0 -79.25 -5.75 31.4071709155838 20.6499996185303 166 41
"1410" 1 0 -42.4166666666667 -17.0833333333333 172.690053000248 30.9842491149902 204 5
"15" 3 0 -49.0833333333333 -26.75 318.494492879792 28.392749786377 209 91
"16" 2 0 -35.25 -8.91666666666666 102.606134871302 28.375452041626 270 44
"1710" 2 0 -56.4166666666667 -26.0833333333333 370.57975452253 31.980749130249 167 64
"1810" 1 0 -66.5833333333333 -8.08333333333333 52.2238293116157 31.5230007171631 299 33
"1910" 3 0 -59.5833333333333 4.58333333333334 50.8569343329448 29.7547492980957 363 89
"20" 2 0 -75.25 -7.58333333333333 30.8626429835848 32.6917495727539 232 77
"2110" 1 0 -62.0833333333333 -7.91666666666666 37.7179967213281 31.5764999389648 345 20
"2210" 1 0 -73.75 -7.91666666666666 50.422630676245 30.8920001983643 275 57
"2310" 2 0 -56.9166666666667 -17.0833333333333 199.919415267581 33.8282508850098 215 21
"2410" 3 0 -70.25 -5.58333333333333 41.7058947514131 31.1002502441406 305 95
"25" 1 0 -50.0833333333333 -28.9166666666667 294.265074474306 23.63450050354 171 124
"2610" 1 0 -50.25 -0.75 56.3586685759981 32.4965019226074 389 44
"2710" 1 0 -60.25 -4.08333333333333 42.1464601930797 32.2907485961914 274 74
"2810" 2 0 -51.5833333333333 -0.0833333333333286 65.7136069894139 32.9954986572266 337 42
"2910" 3 0 -73.4166666666667 -6.75 46.3232723972559 31.0599994659424 288 88
"3010" 2 0 -73.75 -2.58333333333333 50.7421742275347 31.49049949646 361 240
"3110" 1 0 -65.4166666666667 -8.08333333333333 44.0520107322639 31.810998916626 312 25
"3210" 1 0 -47.25 -0.75 50.292762571996 31.274730682373 495 11
"3310" 1 0 -58.5833333333333 -9.41666666666666 38.6659201031866 32.2962493896484 309 5
"34" 2 0 -56.0833333333333 -15.0833333333333 132.563618086343 32.2480010986328 202 16
"35" 3 0 -56.75 5.58333333333334 58.2184017016524 32.5957489013672 312 79
"3610" 3 0 -73.75 -10.0833333333333 51.0393466639541 32.0179977416992 222 50
"3710" 1 0 -73.25 -10.9166666666667 57.734107623216 31.7924995422363 223 48
"3810" 1 0 -62.9166666666667 -0.75 33.9134880168545 31.5815010070801 327 139
"3910" 1 0 -66.4166666666667 -7.25 43.3782932422638 31.419750213623 333 46
"4010" 3 0 -59.5833333333333 -28.4166666666667 441.498807426333 31.7534999847412 146 32
"41" 1 0 -52.0833333333333 -22.9166666666667 267.911587511001 30.5262508392334 170 47
"42" 1 0 -52.25 -26.25 325.621923000152 26.5904998779297 219 127
"43" 3 0 -72.4166666666667 2.41666666666667 107.117746117651 33.0074996948242 377 16
"4410" 1 0 -53.0833333333333 -25.75 348.700061715975 28.7954998016357 229 107
"4510" 3 0 -42.0833333333333 -12.0833333333333 121.976440807381 28.0540008544922 119 3
"4610" 1 0 -76.75 -9.91666666666666 76.3035726084542 16.2000007629395 147 14
"4710" 1 0 -47.75 -8.75 67.1928294314342 32.8935012817383 270 3
"4810" 2 0 -60.5833333333333 1.08333333333334 54.1234151536999 32.6692504882812 369 59
"4910" 1 0 -49.0833333333333 -20.5833333333333 198.440696415782 31.7434997558594 240 12
"50" 1 0 -72.0833333333333 3.25 110.027760303101 32.5862503051758 400 18
"5110" 2 0 -55.4166666666667 -6.25 43.0319461803938 31.3127498626709 380 26
"52" 1 0 -42.9166666666667 -16.25 178.499090416652 29.1574993133545 213 5
"53" 2 0 -58.25 -3.08333333333333 60.0834285481763 32.4452514648438 321 63
"54" 1 0 -77.9166666666667 -7.08333333333333 27.1143642008713 23.6262493133545 143 20
"55" 1 0 -58.5833333333333 -21.5833333333333 310.858481283101 34.7952499389648 122 20
"56" 2 0 -70.9166666666667 -17.0833333333333 85.8391724827927 23.6000003814697 16 0
"57" 3 0 -52.5833333333333 -14.25 137.67866925754 33.9044990539551 264 2
"58" 2 0 -57.4166666666667 -23.75 344.105655145938 33.9647521972656 168 37
"59" 1 0 -50.4166666666667 -28.4166666666667 304.757341947036 25.0212497711182 151 104
"60" 1 0 -78.25 1.91666666666667 22.9402771706734 30.2542495727539 592 276
"61" 3 0 -69.0833333333333 -11.9166666666667 107.322328426514 31.5009994506836 269 36
"62" 2 0 -54.9166666666667 -20.4166666666667 196.735677954737 31.90625 228 39
"63" 2 0 -45.9166666666667 -1.58333333333333 42.6828710970876 32.1564979553223 472 17
"64" 2 0 -62.4166666666667 -19.4166666666667 271.331464031937 34.0625 88 5
"65" 2 0 -74.9166666666667 -14.9166666666667 216.494995732846 28.2972507476807 3 0
"66" 3 0 -41.75 -17.0833333333333 177.420787063942 29.5279998779297 181 10
"67" 3 0 -52.0833333333333 -17.25 143.805717108196 30.2447509765625 309 15
"68" 3 0 -70.0833333333333 -15.4166666666667 135.862437133271 20.9002494812012 148 3
"69" 3 0 -60.25 2.75 71.4740786168069 33.411750793457 357 36
"70" 1 0 -38.5833333333333 -10.75 173.796532781133 31.4087505340576 93 24
"71" 3 0 -64.0833333333333 1.75 34.4783701999985 30.140251159668 353 124
"72" 2 0 -49.25 -28.25 317.279638712942 28.6744995117188 185 80
"73" 2 0 -75.75 -8.75 28.0340176297927 30.6865005493164 406 145
"74" 1 0 -45.25 -20.9166666666667 231.544850945425 29.84375 297 21
"75" 2 0 -68.25 -13.0833333333333 117.952511552834 31.6580009460449 296 52
"76" 1 0 -41.4166666666667 -16.9166666666667 179.487016299132 29.4537506103516 170 14
"77" 2 0 -57.9166666666667 -2.75 61.3039997948235 32.5122489929199 321 51
"78" 3 0 -75.4166666666667 -0.0833333333333286 65.9484267347927 30.8347492218018 343 136
"79" 2 0 -62.75 -12.0833333333333 65.9527295783238 32.0422515869141 264 8
"80" 2 0 -58.9166666666667 -17.0833333333333 196.951103209041 34.7172508239746 246 32
"81" 1 0 -74.0833333333333 -8.41666666666666 50.4667183885748 31.6545009613037 235 49
"82" 2 0 -68.0833333333333 -5.25 38.4499298272669 30.9890003204346 334 88
"83" 1 0 -55.75 -11.9166666666667 67.2188843762627 34.0492515563965 316 2
"84" 3 0 -39.75 -12.75 150.186414908457 27.8627490997314 85 20
"85" 3 0 -53.75 -7.58333333333333 38.0293812120534 32.471248626709 320 14
"86" 3 0 -36.0833333333333 -7.58333333333333 135.539317277785 29.7840003967285 99 5
"87" 2 0 -62.75 -6.41666666666666 33.2109693432327 31.7642498016357 302 41
"88" 1 0 -57.0833333333333 5.08333333333334 65.2762630506988 32.8764991760254 324 75
"89" 3 0 -76.25 -11.25 114.336178058192 14.6534996032715 155 13
"90" 3 0 -38.9166666666667 -6.75 111.748288893096 33.9457511901855 226 5
"91" 2 0 -55.0833333333333 5.58333333333334 63.8431436090562 32.4684982299805 315 95
"92" 2 0 -67.4166666666667 -5.75 39.1471810793429 31.1680011749268 330 71
"93" 3 0 -39.25 -11.0833333333333 173.857044144881 31.4307498931885 80 15
"94" 3 0 -62.5833333333333 5.41666666666667 46.2992380058633 30.7959995269775 385 58
"95" 2 0 -52.25 2.75 58.3616353711051 32.3505020141602 386 55
"96" 1 0 -59.75 -5.58333333333333 37.9720330413802 32.427001953125 312 56
"97" 1 0 -64.4166666666667 -22.75 408.629667733324 32.2992515563965 218 5
"98" 2 0 -55.75 -2.58333333333333 62.6780027244408 32.6430015563965 322 36
"99" 2 0 -62.5833333333333 -21.0833333333333 360.248646518366 34.851001739502 82 2
"100" 3 0 -70.4166666666667 -12.75 93.7761121751406 30.8094997406006 628 172
"101" 1 0 -53.75 -14.4166666666667 142.074164331601 32.798999786377 334 6
"102" 3 0 -57.0833333333333 -27.4166666666667 400.192168680284 31.8834991455078 172 61
"103" 3 0 -61.75 -19.4166666666667 275.14372904038 34.1209983825684 83 8
"104" 1 0 -57.25 -19.0833333333333 236.194500454243 34.117748260498 196 25
"105" 3 0 -46.25 -9.25 83.7148634340046 32.7200012207031 222 1
"106" 2 0 -64.75 -11.4166666666667 67.2641737515092 32.6767501831055 261 9
"107" 1 0 -58.25 -12.25 86.8769839763897 32.8757514953613 341 4
"108" 3 0 -43.25 -9.58333333333333 86.0608336438138 33.6684989929199 140 0
"109" 2 0 -49.4166666666667 -9.91666666666666 61.9912982586406 33.2369995117188 274 6
"110" 3 0 -64.25 -18.25 177.320311046686 26.9112491607666 110 6
"111" 1 0 -66.9166666666667 1.41666666666667 40.1387208866381 32.705249786377 393 191
"112" 1 0 -64.9166666666667 -1.08333333333333 30.8186435322519 31.7217502593994 317 159
"113" 1 0 -77.75 -10.0833333333333 94.9937621227755 23.9077491760254 66 0
"114" 3 0 -66.75 -6.91666666666666 42.3974066650183 31.3392486572266 335 52
"115" 3 0 -43.0833333333333 -11.9166666666667 103.849961632871 33.4809989929199 163 0
"116" 2 0 -72.5833333333333 -11.25 62.6686205905161 31.3859996795654 261 52
"117" 2 0 -51.9166666666667 -23.4166666666667 298.869952801794 28.6490001678467 159 45
"118" 2 0 -57.0833333333333 -15.0833333333333 147.098395502913 34.2319984436035 218 16
"119" 2 0 -78.9166666666667 -8.25 196.522062273216 27.4766464233398 13 0
"120" 2 0 -72.25 -12.0833333333333 65.5596607419581 28.6447505950928 274 55
"121" 2 0 -44.25 -19.5833333333333 191.727995996602 30.0849990844727 287 12
"122" 1 0 -53.0833333333333 -10.0833333333333 40.6860064071928 33.6712493896484 361 4
"123" 1 0 -59.5833333333333 -17.75 203.413664356098 33.3802490234375 222 38
"124" 2 0 -64.75 -15.4166666666667 165.316308280273 32.5012512207031 354 54
"125" 1 0 -47.75 -17.5833333333333 169.129524044408 30.0419998168945 310 9
"126" 2 0 -71.9166666666667 -5.58333333333333 44.4535992116802 31.0827503204346 300 109
"127" 2 0 -51.25 -29.0833333333333 332.538162988012 25.2737503051758 182 121
"128" 3 0 -70.9166666666667 -8.75 64.0648570376369 31.0960006713867 274 49
"129" 2 0 -74.25 0.75 75.220782572297 30.5485000610352 336 67
"130" 2 0 -75.9166666666667 -2.75 44.4648154621125 31.2269992828369 293 179
"131" 2 0 -60.75 -3.75 37.4078735326172 32.0462493896484 300 68
"132" 3 0 -57.0833333333333 -0.916666666666657 59.6825655829651 32.6334991455078 398 93
"133" 2 0 -52.75 -17.0833333333333 165.01291073294 32.0237503051758 311 13
"134" 1 0 -55.75 -12.0833333333333 70.7542585792856 34.0699996948242 326 2
"135" 3 0 -55.75 -26.75 374.205357401702 31.5214996337891 167 88
"136" 1 0 -52.4166666666667 -10.0833333333333 42.5392493114939 33.8544998168945 334 5
"137" 1 0 -49.9166666666667 -9.58333333333333 49.0916082252901 33.4124984741211 288 7
"138" 2 0 -51.4166666666667 -0.0833333333333286 66.5187425172574 32.9819984436035 347 38
"139" 2 0 -54.0833333333333 -17.75 186.663116795514 32.7747497558594 279 18
"140" 1 0 -64.9166666666667 -10.75 64.1922020412896 32.8409996032715 278 17
"141" 3 0 -50.75 -11.4166666666667 78.4763591841587 34.3084983825684 307 4
"142" 1 0 -53.5833333333333 -2.41666666666666 57.4290736000726 31.6649990081787 289 28
"143" 3 0 -52.0833333333333 -23.75 298.617889655087 29.6014995574951 183 61
"144" 3 0 -57.5833333333333 -0.25 56.657991671314 31.5725002288818 360 106
"145" 2 0 -54.75 -18.75 201.271608877806 33.1694984436035 250 27
"146" 3 0 -54.5833333333333 -31.9166666666667 449.776065071668 29.3877506256104 126 95
"147" 1 0 -50.4166666666667 -14.0833333333333 112.536046661594 34.1102485656738 281 4
"148" 1 0 -59.5833333333333 -7.75 33.9349294203128 31.9069995880127 300 15
"149" 2 0 -74.25 -6.25 40.4656463404864 32.2459983825684 266 91
"150" 3 0 -58.25 -21.75 312.409424824912 34.6964988708496 139 24
"151" 3 0 -48.4166666666667 -4.58333333333333 46.906335909485 32.3224983215332 340 24
"152" 3 0 -56.5833333333333 -14.9166666666667 137.125722225036 33.359748840332 194 18
"153" 1 0 -62.75 -4.08333333333333 29.5351069222028 31.3799991607666 311 99
"154" 2 0 -43.5833333333333 -7.08333333333333 121.710716293646 34.1629981994629 188 2
"155" 2 0 -45.9166666666667 -17.0833333333333 172.56061573809 32.7820014953613 237 5
"156" 2 0 -47.5833333333333 -19.4166666666667 167.707251131021 28.21875 314 14
"157" 1 0 -51.9166666666667 2.58333333333334 62.6385755926871 32.1702499389648 385 55
"158" 3 0 -52.75 -23.5833333333333 284.138737455709 29.5032501220703 161 59
"159" 1 0 -63.9166666666667 -19.9166666666667 279.897111079059 31.0429992675781 131 10
"160" 3 0 -67.75 -12.9166666666667 118.246519944266 32.2190017700195 278 44
"161" 1 0 -50.75 -7.75 38.6453128198655 32.2410011291504 281 13
"162" 2 0 -41.0833333333333 -5.91666666666666 91.2500117018229 31.3197498321533 213 1
"163" 1 0 -67.75 -3.08333333333333 34.4183070300849 30.9507503509521 302 153
"164" 3 0 -61.25 -20.4166666666667 318.557184115645 34.7662506103516 77 5
"165" 1 0 -49.0833333333333 -2.41666666666666 39.7185540150531 31.9392490386963 426 54
"166" 3 0 -59.9166666666667 -25.25 403.898648173994 33.8537521362305 146 20
"167" 3 0 -55.9166666666667 -21.25 260.786286963732 32.1762504577637 191 42
"168" 1 0 -57.9166666666667 -26.75 400.608854113449 32.3562507629395 161 51
"169" 3 0 -63.9166666666667 -16.0833333333333 177.784754164484 32.5154991149902 316 54
"170" 2 0 -57.75 -30.75 469.946041642002 31.3137493133545 156 64
"171" 3 0 -61.75 -11.0833333333333 58.2359157837152 32.1902503967285 379 12
"172" 3 0 -54.4166666666667 -14.0833333333333 121.162810166637 33.0694999694824 297 4
"173" 2 0 -56.5833333333333 -31.4166666666667 477.073700894419 30.5402507781982 140 81
"174" 2 0 -60.4166666666667 -12.4166666666667 79.4318809188274 32.1112480163574 305 8
"175" 1 0 -57.5833333333333 -4.25 54.7661929617085 32.5942497253418 328 79
"176" 1 0 -48.9166666666667 -26.25 299.096530848781 28.6897506713867 240 81
"177" 3 0 -35.25 -7.25 121.996650904962 31.4942493438721 157 22
"178" 3 0 -35.25 -6.91666666666666 117.626296793957 31.8910007476807 170 22
"179" 3 0 -69.0833333333333 -11.25 100.629314623358 31.6235008239746 235 23
"180" 3 0 -47.0833333333333 -17.4166666666667 169.914425301982 30.7040004730225 311 8
"181" 1 0 -68.75 -17.4166666666667 187.613455172527 20.9020004272461 117 2
"182" 2 0 -77.25 -8.25 44.8158487367807 18.3352508544922 146 14
"183" 1 0 -57.9166666666667 3.25 60.5495355768469 32.0419998168945 357 56
"184" 2 0 -57.0833333333333 -20.5833333333333 260.114503924053 33.1862487792969 176 35
"185" 1 0 -65.25 -18.5833333333333 220.023317198683 28.2577495574951 138 3
"186" 3 0 -52.75 -23.0833333333333 271.752081115283 30.7207508087158 158 48
"187" 2 0 -52.75 -5.91666666666666 33.4136432805904 31.5725002288818 310 29
"188" 2 0 -68.5833333333333 -0.75 43.7669990401762 30.5634994506836 336 227
"189" 2 0 -49.25 -7.91666666666666 53.0692020024548 33.653751373291 279 11
"190" 2 0 -41.5833333333333 -20.4166666666667 222.927932131373 29.150749206543 214 26
"191" 3 0 -61.5833333333333 -20.9166666666667 347.431418308614 34.7639999389648 81 5
"192" 1 0 -44.25 -14.75 131.776952769325 31.605749130249 215 1
"193" 3 0 -47.5833333333333 -0.75 51.2819034742559 31.2644557952881 516 19
"194" 3 0 -56.25 -31.9166666666667 480.650124071616 30.0270004272461 129 85
"195" 1 0 -60.0833333333333 -14.4166666666667 130.259049573367 33.4365005493164 287 12
"196" 1 0 -42.0833333333333 -20.5833333333333 232.517260414284 28.3595008850098 233 19
"197" 3 0 -72.25 2.91666666666667 109.030624835432 32.935001373291 368 29
"198" 2 0 -67.9166666666667 -12.75 114.904365080436 32.1807479858398 280 44
"199" 2 0 -50.0833333333333 -11.5833333333333 84.9913575422177 33.8110008239746 297 4
"200" 2 0 -68.25 2.25 55.9656860081457 31.6184997558594 437 150
"201" 2 0 -58.9166666666667 -19.5833333333333 244.004268829069 34.8414993286133 129 19
"202" 1 0 -50.25 0.416666666666671 75.9753013943681 32.6862487792969 375 20
"203" 1 0 -60.75 -19.5833333333333 275.486767030301 34.7922515869141 84 9
"204" 2 0 -48.0833333333333 -11.9166666666667 90.6754653616712 32.8792495727539 278 3
"205" 3 0 -50.4166666666667 -24.25 280.175400554818 27.6019992828369 170 68
"206" 3 0 -72.25 -15.75 101.257406624698 22.4220008850098 50 1
"207" 3 0 -57.25 -3.08333333333333 64.1266388227169 32.7734985351562 339 74
"208" 1 0 -40.75 -10.5833333333333 155.500375319721 30.3344993591309 84 5
"209" 1 0 -71.25 -15.9166666666667 197.188405682871 18.4424991607666 99 1
"210" 1 0 -61.5833333333333 -0.916666666666657 34.5807663189827 31.83424949646 355 143
"211" 1 0 -67.9166666666667 -0.25 45.7055976867453 30.7437496185303 339 217
"212" 3 0 -52.25 -1.91666666666666 54.8732425343149 31.8547496795654 337 47
"213" 2 0 -41.5833333333333 -3.25 76.0076482105481 33.351001739502 266 1
"214" 1 0 -44.5833333333333 -9.25 97.4104001848259 33.4824981689453 171 2
"215" 1 0 -47.0833333333333 -3.91666666666666 45.0354287910231 31.9972496032715 332 25
"216" 2 0 -55.9166666666667 -11.9166666666667 72.3291412058891 33.7369995117188 319 2
"217" 1 0 -57.4166666666667 -10.5833333333333 47.50034246429 32.4314994812012 380 2
"218" 3 0 -68.25 -13.9166666666667 128.092324828174 29.4780006408691 289 65
"219" 3 0 -41.25 -9.75 117.811268742683 33.7517509460449 106 0
"220" 2 0 -68.0833333333333 -6.75 46.8149722167114 31.1885013580322 331 51
"221" 3 0 -58.25 -22.75 337.295533267496 34.4472503662109 139 28
"222" 1 0 -63.75 4.25 42.6664919848819 30.9794998168945 409 90
"223" 1 0 -75.9166666666667 -0.25 58.5248216192495 30.6704998016357 354 174
"224" 3 0 -53.0833333333333 -18.9166666666667 175.469311006682 30.9447498321533 280 25
"225" 2 0 -47.25 -8.91666666666666 71.345594517429 32.8562507629395 257 2
"226" 3 0 -72.0833333333333 -1.58333333333333 51.8349382764287 31.2325000762939 313 187
"227" 1 0 -69.9166666666667 0.416666666666671 50.7351919257526 30.4500007629395 359 220
"228" 3 0 -57.0833333333333 -17.9166666666667 214.653031433319 33.9290008544922 212 22
"229" 2 0 -74.25 -12.5833333333333 67.7879060616786 18.232250213623 147 18
"230" 3 0 -54.25 -25.25 353.129485354314 30.3822498321533 232 104
"231" 1 0 -63.75 -16.5833333333333 199.628561960228 32.2070007324219 299 54
"232" 1 0 -68.4166666666667 -10.0833333333333 87.9848829828271 31.4375 245 37
"233" 1 0 -43.0833333333333 -10.5833333333333 77.7159958669194 33.7362518310547 140 1
"234" 2 0 -40.0833333333333 -10.9166666666667 166.160662235739 32.0222511291504 90 18
"235" 2 0 -45.0833333333333 -7.91666666666666 98.1998167763068 33.0512504577637 187 1
"236" 2 0 -59.4166666666667 0.916666666666671 55.2625629255068 32.4282493591309 326 68
"237" 1 0 -60.4166666666667 -24.5833333333333 401.754235355767 34.3380012512207 138 13
"238" 3 0 -49.9166666666667 -5.75 50.2813642144331 32.6495018005371 309 22
"239" 2 0 -37.4166666666667 -5.08333333333333 66.0315011319823 33.4194984436035 207 2
"240" 2 0 -41.4166666666667 -16.75 179.221765783238 29.8712501525879 170 11
"241" 2 0 -68.9166666666667 -16.9166666666667 207.558907195397 21.4475002288818 145 2
"242" 2 0 -51.9166666666667 -8.75 34.0269480129244 32.5934982299805 298 9
"243" 1 0 -63.4166666666667 -1.75 26.731206037223 31.3990001678467 311 153
"244" 3 0 -74.75 -4.58333333333333 39.3322269193381 32.0737495422363 245 115
"245" 1 0 -54.9166666666667 -30.0833333333333 422.396855443567 30.1867504119873 151 118
"246" 2 0 -59.9166666666667 -5.25 38.4747812155403 32.4362525939941 308 66
"247" 3 0 -48.75 -10.75 84.9979179827785 31.6774997711182 265 6
"248" 3 0 -72.0833333333333 -11.4166666666667 68.5206066393823 30.9209995269775 286 58
"249" 1 0 -53.4166666666667 -21.25 221.913890534445 31.4834995269775 195 30
"250" 3 0 -47.4166666666667 -2.41666666666666 44.5664573935812 31.8015003204346 406 52
"251" 1 0 -74.4166666666667 2.58333333333334 58.0679603384882 30.6137504577637 270 57
"252" 1 0 -43.4166666666667 -12.4166666666667 107.591370654473 33.0494995117188 162 1
"253" 2 0 -46.75 -1.25 45.9069854657347 32.2502517700195 443 12
"254" 1 0 -62.75 -13.0833333333333 83.0679798894483 32.2150001525879 253 8
"255" 3 0 -71.0833333333333 -10.0833333333333 72.1416601564021 31.4447498321533 248 30
"256" 3 0 -41.4166666666667 -9.25 109.424381889005 34.4775009155273 124 1
"257" 1 0 -57.4166666666667 -3.75 59.8714771919967 32.6692504882812 312 76
"258" 2 0 -60.4166666666667 -1.91666666666666 41.2402588941147 31.8274993896484 328 122
"259" 1 0 -59.4166666666667 -2.91666666666666 51.8672781201254 32.2249984741211 309 93
"260" 2 0 -74.5833333333333 -11.0833333333333 60.9019782625274 28.9357509613037 252 67
"261" 2 0 -53.4166666666667 -33.0833333333333 417.768025632298 26.5534992218018 126 85
"262" 1 0 -47.25 -1.58333333333333 45.2521150996703 32.0999984741211 442 27
"263" 1 0 -52.0833333333333 -18.4166666666667 159.95355162103 30.7534999847412 298 20
"264" 3 0 -44.0833333333333 -19.4166666666667 203.750388838543 31.0427494049072 269 10
"265" 1 0 -38.0833333333333 -10.75 171.255522030911 29.8242492675781 105 28
"266" 3 0 -65.9166666666667 -5.91666666666666 33.5811615073732 31.3727493286133 363 69
"267" 2 0 -67.75 -5.75 39.9037341122641 31.2880001068115 332 72
"268" 2 0 -69.25 -4.75 39.7485028018803 30.9995002746582 303 106
"269" 2 0 -79.9166666666667 -3.08333333333333 109.841193034075 30.7336139678955 116 13
"270" 1 0 -39.0833333333333 -14.5833333333333 133.376347960323 29.3431663513184 206 117
"271" 1 0 -51.9166666666667 -5.25 35.9626146688383 31.0960006713867 299 24
"272" 3 0 -45.75 -11.4166666666667 95.672588726489 31.2145004272461 209 1
"273" 1 0 -56.9166666666667 -7.91666666666666 42.2908470608299 32.1027488708496 344 14
"274" 1 0 -50.5833333333333 -25.5833333333333 313.630698464041 26.7159996032715 175 75
"275" 2 0 -52.4166666666667 1.91666666666667 62.4976428939686 32.109001159668 347 58
"276" 1 0 -80.75 -4.58333333333333 201.809883743281 31.6782493591309 69 1
"277" 1 0 -63.5833333333333 -22.5833333333333 395.298436513519 34.726749420166 221 6
"278" 2 0 -39.75 -13.75 146.803610855177 27.3320007324219 160 111
"279" 2 0 -75.0833333333333 -13.75 124.454681240515 13.7259998321533 151 1
"280" 2 0 -58.0833333333333 6.08333333333334 53.3021775910281 31.9737491607666 346 91
"281" 3 0 -63.25 -23.75 435.540883053707 34.9642486572266 157 5
"282" 3 0 -71.4166666666667 -8.08333333333333 57.0220769776807 30.6680011749268 268 53
"283" 1 0 -43.75 -10.9166666666667 97.0587867610286 33.150749206543 157 0
"284" 2 0 -45.4166666666667 -17.75 165.61643379389 30.1797504425049 242 6
"285" 3 0 -63.25 -13.5833333333333 92.3987288459268 32.2487487792969 237 12
"286" 3 0 -67.9166666666667 0.916666666666671 44.3325271324902 31.6165008544922 403 237
"287" 3 0 -78.25 -2.75 53.1766120760047 28.7917499542236 251 119
"288" 2 0 -76.9166666666667 -0.916666666666657 47.8116273639261 29.6102504730225 415 238
"289" 2 0 -56.25 -5.91666666666666 42.7023432262834 31.8227500915527 379 38
"290" 1 0 -50.25 -15.0833333333333 118.571357459654 32.8177490234375 277 6
"291" 1 0 -46.25 -6.58333333333333 66.2212541166442 31.6812496185303 230 9
"292" 3 0 -60.9166666666667 -23.75 404.294351101088 35.099250793457 98 7
"293" 3 0 -69.4166666666667 -1.25 42.9348238606064 30.7775001525879 336 197
"294" 1 0 -53.4166666666667 -18.4166666666667 171.478031337796 31.0387496948242 286 22
"295" 2 0 -56.5833333333333 -13.4166666666667 82.5871787247499 34.2345008850098 329 3
"296" 3 0 -73.75 2.75 78.709979679782 31.2392501831055 328 37
"297" 1 0 -54.0833333333333 -21.25 215.760802351602 31.1475009918213 207 35
"298" 1 0 -42.9166666666667 -3.08333333333333 66.940960677658 33.6922492980957 319 10
"299" 1 0 -67.4166666666667 -0.25 46.6552441921005 30.9340000152588 325 188
"300" 2 0 -74.75 -10.9166666666667 59.4444023797907 29.0830001831055 254 68
"301" 1 0 -42.4166666666667 -13.75 118.743421801048 28.1007499694824 174 2
"302" 3 0 -67.75 -0.583333333333329 44.6014251330626 30.7695007324219 332 205
"303" 3 0 -67.75 -12.75 115.098180307166 32.3252487182617 277 42
"304" 3 0 -63.25 -21.75 374.527090024339 34.7299995422363 153 2
"305" 2 0 -57.0833333333333 3.91666666666667 68.0297741228818 31.3985004425049 358 61
"306" 1 0 -49.25 -3.25 44.6616728449828 32.2820014953613 425 43
"307" 3 0 -58.0833333333333 -13.25 96.9972232270253 33.4290008544922 351 6
"308" 2 0 -46.25 -20.9166666666667 231.665651558546 29.2145004272461 279 18
"309" 1 0 -80.5833333333333 -2.41666666666666 157.649902377025 30.2446746826172 164 4
"310" 2 0 -44.25 -13.5833333333333 113.420091429381 31.3952503204346 210 0
"311" 3 0 -46.5833333333333 -2.91666666666666 40.2911196435214 31.5594997406006 382 42
"312" 1 0 -53.9166666666667 -23.0833333333333 282.552338198947 31.0122509002686 193 55
"313" 3 0 -61.75 -0.0833333333333286 40.4012233587919 32.0629997253418 348 105
"314" 1 0 -45.9166666666667 -13.9166666666667 96.5873030318872 30.0415000915527 266 1
"315" 1 0 -51.5833333333333 -23.25 270.298455079936 28.4815006256104 178 50
"316" 3 0 -50.0833333333333 -26.4166666666667 323.080629473286 26.2937507629395 166 81
"317" 2 0 -60.25 -12.0833333333333 74.2698177098513 31.9402503967285 317 6
"318" 1 0 -47.25 -19.0833333333333 178.380035785249 28.2977504730225 321 8
"319" 1 0 -63.4166666666667 1.58333333333334 44.221816472852 32.3105010986328 334 105
"320" 3 0 -64.5833333333333 -16.75 198.314040244118 32.6452484130859 504 107
"321" 2 0 -64.9166666666667 -6.08333333333333 30.7116126785615 31.4877490997314 377 81
"322" 2 0 -80.25 -3.08333333333333 135.406175770015 30.1702136993408 94 0
"323" 3 0 -72.75 1.91666666666667 92.483621197286 31.9737491607666 345 24
"324" 2 0 -55.75 -8.58333333333333 60.719631202198 31.9689998626709 347 10
"325" 3 0 -70.25 -8.08333333333333 59.4519197287546 31.2302494049072 289 52
"326" 2 0 -77.5833333333333 -4.25 27.428794277508 31.1942501068115 242 150
"327" 3 0 -34.75 -7.75 101.590485485221 29.6800003051758 283 38
"328" 3 0 -72.9166666666667 -11.75 61.4230228786654 31.2534999847412 257 54
"329" 3 0 -51.5833333333333 -20.9166666666667 250.393885928241 32.3727493286133 193 23
"330" 1 0 -72.75 -4.08333333333333 44.1665847114348 31.5457496643066 313 144
"331" 3 0 -54.9166666666667 -0.916666666666657 64.0927297152059 31.6542491912842 357 84
"332" 3 0 -45.0833333333333 -3.41666666666666 55.3539593056513 33.2794990539551 369 31
"333" 3 0 -51.0833333333333 -25.5833333333333 290.508545538921 25.0482501983643 182 94
"334" 2 0 -44.5833333333333 -22.0833333333333 234.537997031995 26.9979991912842 314 24
"335" 1 0 -53.4166666666667 5.58333333333334 54.1703364962745 31.2893619537354 370 64
"336" 2 0 -62.25 2.41666666666667 53.0602531181473 31.7607498168945 345 80
"337" 2 0 -69.25 -0.916666666666657 43.5100925346633 30.4869995117188 332 207
"338" 3 0 -54.4166666666667 -25.0833333333333 348.657036866559 30.3972492218018 210 95
"339" 2 0 -61.25 -23.0833333333333 399.05893821584 35.5062484741211 96 7
"340" 1 0 -51.0833333333333 -18.9166666666667 171.295763056441 32.0357513427734 281 17
"341" 2 0 -50.5833333333333 0.0833333333333428 71.3103128876438 32.6342506408691 365 27
"342" 1 0 -68.75 -17.5833333333333 200.777140707302 19.5485000610352 115 2
"343" 3 0 -58.5833333333333 -5.25 44.3079779232109 32.5019989013672 304 52
"344" 3 0 -48.25 -16.4166666666667 134.042371302744 28.9042491912842 289 8
"345" 2 0 -74.75 -9.08333333333333 28.0811357391733 31.8327503204346 301 73
"346" 1 0 -50.0833333333333 -23.5833333333333 286.397272751648 30.4629993438721 162 65
"347" 3 0 -80.75 -4.75 225.084464412065 32.3552513122559 44 1
"348" 2 0 -59.5833333333333 -7.25 34.7915913862197 32.0830001831055 277 20
"349" 1 0 -60.25 5.41666666666667 48.923703801564 28.6259994506836 337 55
"350" 1 0 -66.75 -15.0833333333333 157.264297735285 32.3404998779297 287 53
"351" 2 0 -53.75 -3.75 52.7630452428294 31.6082496643066 296 41
"352" 2 0 -78.4166666666667 1.08333333333334 29.1742891290137 27.816499710083 382 180
"353" 1 0 -51.9166666666667 -21.25 252.644317969183 32.2535018920898 179 24
"354" 3 0 -68.25 -11.0833333333333 90.7564719378924 31.525749206543 260 26
"355" 3 0 -43.5833333333333 -15.9166666666667 147.38188419196 32.0272483825684 201 1
"356" 1 0 -75.0833333333333 1.41666666666667 70.0393465721734 30.7604999542236 367 88
"357" 1 0 -71.4166666666667 -6.58333333333333 46.4217107400424 30.6037502288818 289 89
"358" 1 0 -60.0833333333333 -21.4166666666667 329.868737004633 35.5944976806641 91 11
"359" 1 0 -54.25 -12.9166666666667 99.7415599136001 34.1780014038086 295 1
"360" 2 0 -50.75 -25.5833333333333 315.399330922034 26.855749130249 173 81
"361" 2 0 -55.5833333333333 -2.58333333333333 63.1306895253359 32.6192512512207 317 35
"362" 1 0 -54.4166666666667 -30.4166666666667 421.597942259226 30.0127506256104 148 118
"363" 3 0 -50.4166666666667 -16.5833333333333 122.856656507426 31.8267498016357 291 10
"364" 1 0 -54.5833333333333 -31.4166666666667 440.510481115747 29.66575050354 133 104
"365" 1 0 -51.5833333333333 -28.5833333333333 339.655193318441 26.4267501831055 190 118
"366" 2 0 -46.4166666666667 -7.58333333333333 73.7731153645099 32.7615013122559 206 5
"367" 3 0 -46.5833333333333 -16.4166666666667 161.556721452026 31.4712505340576 250 7
"368" 2 0 -55.0833333333333 -3.58333333333333 56.4799167468581 31.6774997711182 304 43
"369" 2 0 -61.0833333333333 -23.25 400.412180769248 35.4677505493164 96 6
"370" 3 0 -68.4166666666667 -1.25 42.0023400995046 30.6205005645752 332 227
"371" 2 0 -69.0833333333333 1.91666666666667 57.0896419811424 31.0317497253418 399 145
"372" 2 0 -49.4166666666667 -15.9166666666667 116.35762231212 30.4487495422363 290 9
"373" 1 0 -37.0833333333333 -7.25 137.477520178712 28.9764995574951 152 3
"374" 1 0 -47.0833333333333 -4.25 46.5039996889018 31.6084995269775 313 18
"375" 2 0 -48.75 -23.75 271.753321609207 28.9722499847412 182 41
"376" 1 0 -53.9166666666667 0.583333333333343 60.1472515477312 30.9497509002686 337 63
"377" 2 0 -44.9166666666667 -12.9166666666667 106.902027503217 30.6652507781982 212 1
"378" 3 0 -48.0833333333333 -8.58333333333333 62.4176587003198 33.0872497558594 278 4
"379" 2 0 -62.0833333333333 -20.0833333333333 309.23814034411 34.3057518005371 77 3
"380" 1 0 -70.75 -12.9166666666667 87.0168192163808 30.4417495727539 701 205
"381" 1 0 -71.0833333333333 -6.91666666666666 47.2202908325446 30.9599990844727 295 70
"382" 3 0 -54.9166666666667 -8.41666666666666 56.1178136615554 33.1790008544922 333 9
"383" 2 0 -63.9166666666667 0.75 39.7393051094068 32.4029998779297 359 121
"384" 3 0 -66.9166666666667 -15.25 157.214552701352 32.1619987487793 284 55
"385" 2 0 -44.4166666666667 -5.08333333333333 102.336096373736 34.0800018310547 312 13
"386" 1 0 -54.5833333333333 -15.4166666666667 161.852788445278 31.6507511138916 301 8
"387" 2 0 -64.9166666666667 -3.75 26.9721717943279 31.38450050354 298 115
"388" 1 0 -73.4166666666667 -7.58333333333333 51.084078607841 30.8139991760254 302 65
"389" 3 0 -54.25 -23.5833333333333 301.161173432991 31.1224994659424 194 60
"390" 1 0 -63.25 -17.25 237.570607026013 32.0690002441406 214 39
"391" 1 0 -70.9166666666667 -3.41666666666666 41.2117084558071 31.3257503509521 331 162
"392" 3 0 -58.0833333333333 -0.75 55.8076538598378 32.2142486572266 352 99
"393" 3 0 -61.5833333333333 -15.0833333333333 140.928705838379 32.4420013427734 219 13
"394" 1 0 -52.0833333333333 -6.75 29.4310507717588 31.7862491607666 309 19
"395" 2 0 -43.4166666666667 -19.4166666666667 214.491356283988 28.5074996948242 324 15
"396" 1 0 -59.4166666666667 -9.75 43.2707192548377 32.4654998779297 321 7
"397" 3 0 -60.9166666666667 4.91666666666667 44.9494256638424 26.9387493133545 318 55
"398" 1 0 -53.9166666666667 -31.5833333333333 429.166649269926 29.3757495880127 136 97
"399" 2 0 -54.9166666666667 -3.91666666666666 53.5352773586712 31.7857494354248 301 51
"400" 1 0 -67.9166666666667 -4.58333333333333 36.3998937864246 30.9825000762939 327 104
"401" 1 0 -52.4166666666667 -27.9166666666667 352.673044845105 28.480749130249 197 122
"402" 1 0 -47.5833333333333 -15.5833333333333 122.415283646479 27.9759998321533 260 6
"403" 2 0 -58.4166666666667 -19.5833333333333 245.945808829679 34.671501159668 146 22
"404" 1 0 -76.4166666666667 -13.75 263.260454912373 26.4650001525879 0 0
"405" 1 0 -65.5833333333333 -5.08333333333333 29.8252530477736 31.2834987640381 328 85
"406" 2 0 -42.25 -9.75 92.5179818413838 34.3344993591309 127 1
"407" 2 0 -56.0833333333333 -6.41666666666666 42.5980756234215 31.7864990234375 363 27
"408" 2 0 -73.75 -8.08333333333333 51.5170390590602 31.0822505950928 265 52
"409" 2 0 -53.0833333333333 4.58333333333334 45.3942827939506 31.0265007019043 466 81
"410" 1 0 -75.0833333333333 -5.75 34.6349913753635 32.5514984130859 279 101
"411" 3 0 -71.75 -14.4166666666667 170.463792992716 16.0424995422363 205 4
"412" 3 0 -53.0833333333333 -24.9166666666667 310.755939916634 28.1532497406006 220 89
"413" 1 0 -46.5833333333333 -5.58333333333333 51.4474213032605 32.3689994812012 237 9
"414" 1 0 -78.75 1.25 32.1496075174427 30.0622177124023 327 102
"415" 2 0 -57.0833333333333 -2.58333333333333 67.1506849336277 32.8297500610352 357 69
"416" 1 0 -79.75 -3.91666666666666 17.5194731528085 27.5247497558594 252 2
"417" 1 0 -58.5833333333333 -17.9166666666667 206.172290925693 33.7014999389648 200 26
"418" 3 0 -41.0833333333333 -19.75 198.389277204655 31.351749420166 199 29
"419" 2 0 -59.4166666666667 -8.41666666666666 35.0907101790571 32.1497497558594 316 10
"420" 2 0 -68.9166666666667 -10.0833333333333 85.2738550299944 31.3854999542236 261 28
"421" 3 0 -58.9166666666667 -20.4166666666667 277.174199883285 35.135498046875 116 16
"422" 2 0 -35.25 -5.41666666666666 98.731235097571 30.687837600708 204 12
"423" 1 0 -47.75 -19.5833333333333 163.895992259633 28.4367504119873 302 18
"424" 3 0 -43.0833333333333 -5.75 111.660964877219 34.8940010070801 289 5
"425" 1 0 -61.75 4.58333333333334 42.4438302407627 28.8595008850098 359 61
"426" 3 0 -50.4166666666667 -13.75 109.154024014164 34.2620010375977 283 5
"427" 3 0 -50.4166666666667 -25.5833333333333 310.515412088745 26.5485000610352 182 74
"428" 2 0 -58.4166666666667 -18.9166666666667 228.760861662646 34.4785003662109 158 21
"429" 2 0 -45.25 -10.4166666666667 109.25342886987 33.007999420166 182 0
"430" 3 0 -54.75 -27.9166666666667 392.177707346408 31.0347499847412 182 131
"431" 3 0 -45.9166666666667 -13.0833333333333 89.482917829314 30.5445003509521 248 1
"432" 3 0 -56.25 -7.75 45.3448731343203 32.6327514648438 338 13
"433" 1 0 -70.0833333333333 -3.08333333333333 39.0869108911581 31.3272495269775 309 164
"434" 2 0 -64.0833333333333 2.91666666666667 29.1385399343902 27.1480007171631 393 101
"435" 2 0 -70.9166666666667 -16.5833333333333 171.436103556071 17.5604991912842 94 1
"436" 1 0 -50.75 -24.75 295.382170238928 27.3652496337891 162 78
"437" 1 0 -68.0833333333333 -2.25 37.0893730962187 30.7075004577637 329 207
"438" 2 0 -58.25 -4.08333333333333 53.3345470591191 32.6047477722168 325 82
"439" 2 0 -68.5833333333333 -5.75 41.0412190709735 31.0785007476807 341 81
"440" 3 0 -56.4166666666667 -3.08333333333333 64.2997399265578 32.6780014038086 325 46
"441" 3 0 -67.9166666666667 -6.58333333333333 45.3904409917426 31.2257499694824 330 54
"442" 2 0 -54.0833333333333 -20.0833333333333 184.989546700728 31.1935005187988 242 36
"443" 1 0 -64.5833333333333 -16.0833333333333 181.712481733918 32.619499206543 436 82
"444" 2 0 -47.0833333333333 -6.08333333333333 53.5921192815548 32.4505004882812 248 15
"445" 1 0 -65.9166666666667 -16.25 181.742660688221 32.7244987487793 476 86
"446" 3 0 -60.25 -0.25 45.1969982355784 32.1957511901855 318 112
"447" 1 0 -48.0833333333333 -21.75 227.681470758604 29.5575008392334 237 22
"448" 2 0 -68.75 -0.416666666666657 45.773348814274 30.5139999389648 345 226
"449" 1 0 -48.25 -17.75 178.83190978929 31.1817493438721 296 9
"450" 1 0 -41.25 -11.9166666666667 154.369886413206 26.6232490539551 103 31
"451" 3 0 -56.25 -0.75 61.027371669528 32.4490013122559 386 116
"452" 1 0 -47.25 -4.41666666666666 46.4120328043987 31.8167495727539 308 16
"453" 1 0 -70.0833333333333 -7.91666666666666 57.3625174109313 31.2032508850098 295 52
"454" 1 0 -72.0833333333333 -16.0833333333333 98.8258464353796 21.6652507781982 35 0
"455" 3 0 -51.0833333333333 -14.75 127.275369555989 33.9020004272461 285 4
"456" 1 0 -54.4166666666667 -29.0833333333333 390.780206645785 29.8374996185303 172 135
"457" 1 0 -60.25 5.08333333333334 45.9298472939286 26.007999420166 360 77
"458" 2 0 -69.5833333333333 -2.41666666666666 38.4755518603045 30.6785011291504 332 202
"459" 3 0 -53.0833333333333 -18.0833333333333 165.768910258674 29.6340007781982 305 21
"460" 3 0 -49.5833333333333 -15.0833333333333 117.128814324403 31.5827503204346 265 6
"461" 3 0 -68.25 -16.25 173.0116526868 15.7014999389648 154 10
"462" 3 0 -43.4166666666667 -8.75 84.5328724825651 32.8127517700195 151 1
"463" 1 0 -39.4166666666667 -7.41666666666666 120.165164400368 28.773250579834 230 12
"464" 1 0 -64.4166666666667 -17.75 182.62996201116 26.1802501678467 145 27
"465" 3 0 -52.9166666666667 -17.5833333333333 162.48029625419 30.1567497253418 318 18
"466" 2 0 -67.0833333333333 -0.25 47.0783933594024 31.0242500305176 312 173
"467" 2 0 -53.4166666666667 -23.5833333333333 290.888791034708 30.54075050354 166 63
"468" 1 0 -51.25 -9.08333333333333 38.7965704944134 32.9572486877441 302 8
"469" 3 0 -49.4166666666667 -1.25 50.8437903472515 32.3470001220703 451 36
"470" 1 0 -63.75 -11.75 64.6755631040416 31.8624992370605 255 12
"471" 2 0 -49.0833333333333 -9.75 62.6344415845965 33.0084991455078 271 6
"472" 3 0 -50.9166666666667 -8.25 36.844460514477 31.7502498626709 287 11
"473" 1 0 -47.5833333333333 -2.58333333333333 45.0601265824217 31.9652500152588 401 51
"474" 3 0 -62.75 -20.4166666666667 326.649739708727 34.023998260498 89 2
"475" 3 0 -50.4166666666667 -23.25 271.18682994747 30.5170001983643 164 55
"476" 3 0 -41.5833333333333 -4.25 90.9301976196753 33.7070007324219 322 6
"477" 2 0 -58.25 -13.4166666666667 103.302108830659 33.0139999389648 350 6
"478" 1 0 -67.25 -2.41666666666666 33.1203314671258 31.1630001068115 328 183
"479" 2 0 -51.25 -30.75 367.128103575176 27.6520004272461 133 89
"480" 3 0 -42.5833333333333 -8.25 99.6447575701262 35.064998626709 156 1
"481" 3 0 -63.9166666666667 -23.25 424.427771049129 34.663501739502 202 5
"482" 2 0 -60.9166666666667 -27.4166666666667 450.276989126017 32.9562492370605 155 18
"483" 3 0 -51.9166666666667 -27.25 341.492365250676 27.6429996490479 200 123
"484" 2 0 -36.4166666666667 -10.5833333333333 130.245041271837 30.3242416381836 231 34
"485" 2 0 -67.25 -11.75 88.4175320739433 32.0979995727539 264 28
"486" 2 0 -47.9166666666667 -15.25 117.149734114619 29.4015007019043 247 6
"487" 2 0 -47.5833333333333 -4.25 45.8389482906667 31.9982490539551 329 22
"488" 3 0 -50.25 -9.58333333333333 46.285244582026 33.2334976196289 292 7
"489" 1 0 -63.0833333333333 -17.25 230.951143359011 32.0507507324219 193 38
"490" 2 0 -41.0833333333333 -11.4166666666667 159.748819473902 27.081750869751 98 21
"491" 2 0 -35.9166666666667 -6.41666666666666 121.188168804811 30.8950004577637 127 4
"492" 2 0 -73.9166666666667 -8.41666666666666 50.7778824196706 31.4517498016357 243 48
"493" 1 0 -63.9166666666667 -6.41666666666666 32.3051436508865 31.5147495269775 318 42
"494" 2 0 -75.5833333333333 -2.41666666666666 50.6485466632106 31.2119998931885 316 186
"495" 1 0 -45.4166666666667 -6.25 84.4860869731919 32.1044998168945 227 7
"496" 1 0 -64.4166666666667 -12.25 74.4110202342383 32.5169982910156 251 12
"497" 1 0 -50.9166666666667 -10.75 66.1110419173517 34.1052513122559 306 4
"498" 1 0 -56.25 -8.25 53.2375192529108 31.69700050354 347 11
"499" 2 0 -64.25 -11.5833333333333 65.337903974802 32.3569984436035 254 11
"500" 3 0 -61.75 -13.75 103.75234258044 32.4952507019043 266 11
"501" 3 0 -54.4166666666667 -4.41666666666666 48.2349283154416 31.1437492370605 308 34
"502" 1 0 -51.5833333333333 0.916666666666671 70.8438176735383 32.5352516174316 337 42
"503" 2 0 -74.0833333333333 -6.75 41.9391110563513 31.3667507171631 275 87
"504" 1 0 -62.9166666666667 3.08333333333334 47.6956566703428 31.2574996948242 345 91
"505" 2 0 -43.5833333333333 -18.9166666666667 220.301010352358 28.8819999694824 284 15
"506" 1 0 -74.5833333333333 -5.08333333333333 37.75144049437 32.2557487487793 246 115
"507" 2 0 -59.5833333333333 -13.25 101.232002227143 32.2014999389648 330 9
"508" 3 0 -42.5833333333333 -4.08333333333333 90.9801070378467 34.2674980163574 365 13
"509" 2 0 -70.9166666666667 -5.58333333333333 42.4955665996106 31.1405010223389 293 101
"510" 1 0 -70.25 0.916666666666671 54.2948962670405 30.3419990539551 366 159
"511" 2 0 -57.0833333333333 -14.0833333333333 83.0303014172626 33.8600006103516 321 6
"512" 2 0 -58.25 -25.25 374.649089236326 33.1180000305176 147 27
"513" 1 0 -64.75 -15.5833333333333 169.572843578409 32.4787521362305 377 61
"514" 1 0 -48.0833333333333 -16.25 141.821298280974 29.1137504577637 297 7
"515" 2 0 -61.25 -21.5833333333333 357.781568120473 35.5610008239746 88 6
"516" 2 0 -57.75 -0.583333333333329 56.8583494751716 32.4477500915527 358 102
"517" 1 0 -66.9166666666667 -5.75 37.3654338091088 31.2437496185303 332 68
"518" 1 0 -55.25 2.25 54.0878770590762 31.160249710083 361 45
"519" 3 0 -62.4166666666667 -4.41666666666666 27.3439981850007 31.5419998168945 312 97
"520" 3 0 -50.9166666666667 -16.5833333333333 126.262252711891 31.7437496185303 288 10
"521" 1 0 -57.9166666666667 -9.25 39.8242616468898 32.6062507629395 315 6
"522" 2 0 -53.9166666666667 -24.75 317.391776172358 29.6030006408691 203 78
"523" 2 0 -66.75 0.25 39.4737571495156 31.5342502593994 344 174
"524" 1 0 -65.25 -6.91666666666666 34.7376030295101 31.6027507781982 361 53
"525" 3 0 -69.9166666666667 -5.25 41.193182145756 31.0347499847412 304 101
"526" 1 0 -55.9166666666667 -5.08333333333333 49.0046749594345 31.8942489624023 366 54
"527" 2 0 -59.75 -8.91666666666666 37.667128333304 32.0669975280762 324 9
"528" 3 0 -67.9166666666667 -7.91666666666666 61.0666841110787 31.1967506408691 305 38
"529" 2 0 -67.75 -13.25 124.160875776971 31.890998840332 281 48
"530" 3 0 -52.4166666666667 -6.91666666666666 29.7200692818234 32.3235015869141 299 20
"531" 1 0 -42.75 -9.91666666666666 89.1189946371964 34.3959999084473 133 0
"532" 3 0 -57.25 -4.75 51.5046642482839 32.164249420166 326 70
"533" 2 0 -63.0833333333333 -21.25 357.65177258794 34.5422515869141 124 1
"534" 3 0 -48.75 -5.08333333333333 56.4329136444208 33.2825012207031 325 24
"535" 2 0 -35.9166666666667 -9.58333333333333 129.154142956161 30.0634994506836 288 36
"536" 2 0 -36.4166666666667 -8.25 148.648496153411 27.1777496337891 138 14
"537" 2 0 -44.75 -2.58333333333333 37.3821026755322 32.3482513427734 323 7
"538" 2 0 -57.25 4.91666666666667 66.6385464580909 32.880500793457 325 69
"539" 2 0 -44.5833333333333 -4.58333333333333 94.0758322491801 34.3857498168945 354 9
"540" 3 0 -64.0833333333333 -12.25 73.4847268976323 32.3889999389648 250 11
"541" 1 0 -70.75 -3.75 40.892660246883 31.4902496337891 342 160
"542" 3 0 -49.75 -23.5833333333333 271.437887758619 29.7827491760254 167 42
"543" 3 0 -65.9166666666667 -10.75 63.196519383587 33.0097503662109 269 21
"544" 1 0 -73.9166666666667 -4.91666666666666 42.0482378483767 32.0997505187988 259 127
"545" 2 0 -77.75 -10.75 238.496732676325 26.5139789581299 5 2
"546" 2 0 -37.75 -11.5833333333333 150.774281442208 30.3269996643066 213 55
"547" 3 0 -45.4166666666667 -7.91666666666666 92.8478108558941 32.8300018310547 188 1
"548" 3 0 -62.0833333333333 0.416666666666671 44.0918303871201 32.3537483215332 322 89
"549" 2 0 -66.75 -0.416666666666657 42.3701835244134 31.0915012359619 293 154
"550" 2 0 -67.25 -20.4166666666667 395.636377023857 21.0482501983643 41 0
"551" 1 0 -77.25 -4.41666666666666 27.3624808709607 32.6705017089844 230 145
"552" 2 0 -74.0833333333333 -10.5833333333333 54.1637029035649 30.5284996032715 229 58
"553" 1 0 -67.0833333333333 -16.5833333333333 143.042602063949 24.5072498321533 198 18
"554" 1 0 -49.4166666666667 -13.4166666666667 98.5856594309925 32.9205017089844 279 4
"555" 2 0 -38.5833333333333 -11.25 164.738198030076 30.5370006561279 100 31
"556" 3 0 -73.4166666666667 0.416666666666671 75.4276729080535 30.9079990386963 333 81
"557" 2 0 -57.5833333333333 -5.25 47.0219142554661 32.2955017089844 318 51
"558" 3 0 -49.5833333333333 -24.5833333333333 288.415097074946 27.4559993743896 209 70
"559" 2 0 -46.9166666666667 -4.08333333333333 44.0402181536468 31.3754997253418 319 20
"560" 2 0 -58.4166666666667 -1.25 55.768104130583 32.2287483215332 354 90
"561" 2 0 -61.75 -18.0833333333333 232.25298155154 33.3160018920898 122 22
"562" 1 0 -40.9166666666667 -7.41666666666666 103.960082844973 33.4252510070801 165 1
"563" 1 0 -61.9166666666667 4.08333333333334 48.1073140996733 29.8225002288818 351 70
"564" 3 0 -60.4166666666667 1.08333333333334 55.11600161242 32.7680015563965 374 56
"565" 2 0 -56.9166666666667 -4.91666666666666 50.8241678886548 32.4122505187988 320 67
"566" 1 0 -45.4166666666667 -23.9166666666667 253.134091569881 28.072078704834 314 98
"567" 2 0 -67.4166666666667 -10.5833333333333 80.6138103145253 31.8354988098145 236 36
"568" 2 0 -43.5833333333333 -12.0833333333333 112.774175296569 33.7287483215332 163 0
"569" 1 0 -54.5833333333333 -14.4166666666667 130.568397910727 33.4787483215332 296 5
"570" 3 0 -79.9166666666667 -6.91666666666666 252.700091959058 29.3425369262695 10 0
"571" 1 0 -61.25 4.25 57.7244834750622 30.5235004425049 330 59
"572" 3 0 -50.0833333333333 -21.25 248.539266404704 31.7905006408691 217 16
"573" 2 0 -62.75 3.25 49.1366939539205 31.3754997253418 352 92
"574" 3 0 -49.25 -6.41666666666666 53.5916800087911 33.2432518005371 285 23
"575" 1 0 -67.75 -9.08333333333333 76.1604521998424 31.2472496032715 289 28
"576" 3 0 -48.0833333333333 -21.0833333333333 198.702897369943 30.6485004425049 261 16
"577" 3 0 -55.0833333333333 -23.4166666666667 306.351910698759 31.4559993743896 196 69
"578" 2 0 -63.75 -5.08333333333333 27.9373250866136 31.2872486114502 330 75
"579" 2 0 -60.0833333333333 -24.5833333333333 397.133493404105 34.2709999084473 130 19
"580" 2 0 -77.75 2.08333333333334 23.5172378564998 30.0429992675781 472 275
"581" 3 0 -36.5833333333333 -7.25 136.839463943532 29.6277503967285 123 3
"582" 3 0 -48.9166666666667 -12.9166666666667 96.6441136289232 33.4910011291504 280 3
"583" 2 0 -50.75 -0.416666666666657 63.0208642554532 32.398250579834 365 41
"584" 1 0 -58.0833333333333 3.25 60.6064914162805 32.0512504577637 358 57
"585" 2 0 -41.0833333333333 -16.9166666666667 182.345779627085 30.0307502746582 161 20
"586" 2 0 -48.0833333333333 -5.75 45.572522259024 32.9980010986328 294 16
"587" 2 0 -74.25 -0.25 74.196010039434 30.8602485656738 335 111
"588" 3 0 -62.4166666666667 -23.4166666666667 420.110469951517 35.4167518615723 128 6
"589" 3 0 -67.75 -7.25 51.1348942996385 31.1990013122559 327 46
"590" 3 0 -55.9166666666667 -17.75 210.198898569859 34.036750793457 236 21
"591" 1 0 -44.9166666666667 -2.25 37.6966958688673 32.1684989929199 332 4
"592" 2 0 -76.5833333333333 -11.9166666666667 146.13354154441 22.0172500610352 79 0
"593" 3 0 -70.5833333333333 -11.4166666666667 90.2390837200294 31.2222499847412 302 52
"594" 1 0 -74.0833333333333 2.91666666666667 65.9623581439289 29.8274993896484 345 48
"595" 1 0 -59.5833333333333 -22.0833333333333 342.636729396369 35.726749420166 89 9
"596" 3 0 -58.4166666666667 -26.25 397.394847356874 32.6139984130859 159 42
"597" 2 0 -76.75 2.25 28.3181584352929 24.880500793457 299 56
"598" 3 0 -49.75 -9.08333333333333 44.2470427243345 33.3467483520508 283 8
"599" 3 0 -71.25 -15.4166666666667 194.480543483771 16.8764991760254 160 2
"600" 2 0 -68.0833333333333 -18.75 301.743428183605 22.7737503051758 80 1
"601" 3 0 -79.4166666666667 -4.41666666666666 19.6412066532751 26.5534992218018 216 11
"602" 3 0 -73.25 0.25 73.9589167016034 30.9242496490479 330 88
"603" 3 0 -40.0833333333333 -13.0833333333333 152.781230548764 26.2437496185303 106 21
"604" 3 0 -54.0833333333333 -25.4166666666667 358.975615159164 30.2072505950928 228 115
"605" 3 0 -48.4166666666667 -7.75 60.4598354813845 33.1855010986328 295 10
"606" 3 0 -62.9166666666667 -20.5833333333333 334.427809133085 34.0164985656738 96 1
"607" 1 0 -75.25 -14.0833333333333 129.981029503231 20.3215007781982 86 0
"608" 1 0 -75.9166666666667 -7.41666666666666 35.903425048103 30.7912502288818 225 91
"609" 3 0 -59.5833333333333 -16.0833333333333 167.635075503525 33.0904998779297 264 24
"610" 3 0 -50.0833333333333 0.916666666666671 77.0861979000502 32.3523941040039 382 15
"611" 3 0 -35.0833333333333 -7.91666666666666 113.629067745637 30.2152500152588 232 25
"612" 2 0 -70.25 3.25 81.3871770476098 31.3325004577637 429 33
"613" 3 0 -50.5833333333333 -26.25 335.416359391177 26.9047508239746 162 84
"614" 3 0 -51.9166666666667 0.916666666666671 69.013925865895 32.1317481994629 336 59
"615" 3 0 -54.0833333333333 -30.25 416.011091221946 30.03125 149 118
"616" 3 0 -71.25 0.583333333333343 63.1975606308263 30.7819995880127 353 125
"617" 2 0 -45.75 -18.0833333333333 160.903395174075 30.3117504119873 259 7
"618" 2 0 -61.5833333333333 -19.4166666666667 273.858182460049 34.1447486877441 82 8
"619" 2 0 -52.75 3.58333333333334 49.8258121330092 31.847749710083 412 68
"620" 2 0 -39.25 -8.25 168.092946826113 32.0347480773926 151 3
"621" 3 0 -60.25 -9.08333333333333 39.2150397940081 32.0914993286133 334 9
"622" 1 0 -51.5833333333333 -25.75 293.369421692222 24.9497509002686 183 101
"623" 2 0 -66.25 -11.0833333333333 64.9844429601855 32.9145011901855 260 20
"624" 1 0 -59.5833333333333 -6.58333333333333 35.4661216237727 32.1344985961914 293 31
"625" 1 0 -51.25 -5.08333333333333 37.6635096050418 31.1662502288818 316 21
"626" 3 0 -57.75 -28.0833333333333 423.519910276963 31.8169994354248 161 60
"627" 3 0 -42.5833333333333 -18.0833333333333 212.573049114519 30.4610004425049 251 11
"628" 2 0 -58.4166666666667 -4.25 51.6849571745623 32.596248626709 332 74
"629" 1 0 -54.5833333333333 -3.91666666666666 53.6434611822839 31.9125003814697 296 41
"630" 3 0 -55.0833333333333 -10.4166666666667 49.870167160581 34.2210006713867 352 5
"631" 1 0 -54.4166666666667 -25.75 360.226596338269 30.2987499237061 199 108
"632" 1 0 -67.9166666666667 -1.58333333333333 38.5941310070566 30.7192497253418 329 216
"633" 3 0 -42.5833333333333 -20.5833333333333 236.268658786674 29.5844993591309 246 17
"634" 1 0 -74.4166666666667 -9.41666666666666 38.5155977602008 32.1902503967285 259 61
"635" 3 0 -68.9166666666667 -17.25 189.232093919273 20.6469993591309 125 2
"636" 2 0 -49.25 -8.91666666666666 48.8548051505399 33.3240013122559 276 7
"637" 1 0 -44.5833333333333 -5.25 105.040176525181 34.2012481689453 296 13
"638" 2 0 -60.4166666666667 -11.4166666666667 63.2161574789779 31.7807502746582 332 6
"639" 2 0 -59.25 -6.91666666666666 35.4306541775684 32.070499420166 293 23
"640" 2 0 -54.25 -7.08333333333333 39.0079349991209 32.2145004272461 334 15
"641" 3 0 -48.4166666666667 -1.91666666666666 38.9425944154034 31.5669994354248 423 77
"642" 3 0 -75.9166666666667 -1.25 57.1179915510272 30.6660003662109 351 181
"643" 2 0 -53.0833333333333 -3.25 51.9757709411889 31.6469993591309 321 35
"644" 2 0 -79.9166666666667 -3.25 111.257641039811 31.2204914093018 115 11
"645" 3 0 -58.25 -19.5833333333333 247.798316466978 34.8617515563965 151 24
"646" 1 0 -67.4166666666667 0.416666666666671 41.9146887111795 31.4057502746582 353 178
"647" 1 0 -62.5833333333333 -10.9166666666667 55.2153951506946 32.005500793457 298 9
"648" 2 0 -51.25 -21.4166666666667 265.227155428988 31.6437492370605 193 23
"649" 1 0 -48.5833333333333 -26.9166666666667 321.397351622613 29.0345668792725 214 83
"650" 3 0 -52.75 -22.5833333333333 259.455143030018 31.6579990386963 154 37
"651" 2 0 -63.0833333333333 -17.9166666666667 235.980361571575 32.0462493896484 171 39
"652" 3 0 -42.0833333333333 -16.0833333333333 177.911709817454 29.585750579834 183 4
"653" 3 0 -52.4166666666667 -16.0833333333333 160.518547841187 33.3402481079102 293 7
"654" 1 0 -44.75 -5.91666666666666 99.8120706622516 33.0434989929199 233 5
"655" 1 0 -59.75 -0.0833333333333286 48.6734246777538 32.1459999084473 328 102
"656" 3 0 -65.0833333333333 -1.75 27.7806037108244 31.5014991760254 335 169
"657" 3 0 -54.5833333333333 -33.0833333333333 452.366204609727 28.1962509155273 130 99
"658" 1 0 -61.25 -4.25 32.209662622613 32.0314979553223 300 95
"659" 3 0 -54.9166666666667 -16.9166666666667 183.76932929631 32.9744987487793 262 15
"660" 2 0 -59.25 -28.5833333333333 436.189472886891 31.7152500152588 137 36
"661" 2 0 -44.75 -9.25 94.7169164772097 32.9122505187988 168 1
"662" 3 0 -77.5833333333333 2.41666666666667 29.2952555207316 29.7477493286133 472 259
"663" 1 0 -37.4166666666667 -9.75 190.20564192406 32.0652503967285 88 13
"664" 3 0 -55.9166666666667 3.58333333333334 69.7344335711518 32.4734992980957 384 50
"665" 1 0 -71.25 -8.91666666666666 63.6387487282062 31.1242504119873 262 40
"666" 3 0 -48.75 -7.75 56.1450363890912 33.4177513122559 294 11
"667" 2 0 -60.75 2.91666666666667 74.2934406245136 33.3395004272461 344 38
"668" 3 0 -46.0833333333333 -17.4166666666667 161.178780801374 32.2307510375977 256 4
"669" 3 0 -80.4166666666667 -4.08333333333333 111.068421150563 30.3859996795654 183 0
"670" 2 0 -62.0833333333333 -14.5833333333333 124.622492943747 32.390998840332 227 14
"671" 3 0 -46.9166666666667 -7.91666666666666 74.8593840116157 32.7047500610352 219 2
"672" 1 0 -39.75 -11.9166666666667 165.983591571844 30.0162506103516 74 16
"673" 2 0 -58.75 1.58333333333334 56.9976560017706 32.1204986572266 325 57
"674" 1 0 -41.4166666666667 -12.5833333333333 132.25182481972 28.1040000915527 146 26
"675" 3 0 -73.75 -0.416666666666657 71.9855620484033 31.0400009155273 318 117
"676" 3 0 -68.5833333333333 0.916666666666671 48.4899735565533 31.0677509307861 404 227
"677" 3 0 -50.0833333333333 -15.0833333333333 115.197710561131 31.8392505645752 272 7
"678" 2 0 -59.9166666666667 -13.4166666666667 99.9405737456935 31.8267498016357 323 11
"679" 2 0 -61.4166666666667 -4.25 31.1167511493305 31.964750289917 304 95
"680" 3 0 -72.9166666666667 0.916666666666671 78.0337415311634 31.0799999237061 333 60
"681" 1 0 -56.5833333333333 1.75 52.9420982874303 31.7339992523193 364 43
"682" 1 0 -36.4166666666667 -8.58333333333333 160.068956266932 28.919750213623 106 16
"683" 1 0 -62.25 -4.58333333333333 27.3369441845088 31.7674999237061 312 92
"684" 1 0 -61.5833333333333 -5.08333333333333 30.4097015269578 32.2632484436035 309 79
"685" 1 0 -66.25 -6.58333333333333 38.0625794662089 31.4837493896484 347 58
"686" 1 0 -53.75 -10.4166666666667 43.2724657658785 33.8837509155273 397 3
"687" 3 0 -69.9166666666667 -14.4166666666667 166.517704921375 18.4915008544922 154 4
"688" 2 0 -55.5833333333333 -28.0833333333333 402.498362697153 31.8377494812012 187 104
"689" 3 0 -39.75 -9.91666666666666 181.632983638551 30.8414993286133 91 10
"690" 2 0 -69.4166666666667 0.583333333333343 50.368973766414 30.6534996032715 378 226
"691" 1 0 -63.4166666666667 -19.4166666666667 253.347497529242 31.2987499237061 122 7
"692" 1 0 -59.9166666666667 -10.9166666666667 56.3684283902782 31.804500579834 336 6
"693" 2 0 -47.75 -15.9166666666667 132.962973871512 28.6650009155273 271 7
"694" 3 0 -54.4166666666667 2.41666666666667 52.9070526448047 31.9677505493164 363 49
"695" 1 0 -52.25 -30.0833333333333 397.79842422075 29.2182502746582 147 93
"696" 3 0 -76.0833333333333 2.75 20.6953191046198 17.8077507019043 196 88
"697" 2 0 -52.4166666666667 -4.91666666666666 39.0408650684414 30.7867488861084 286 28
"698" 1 0 -77.9166666666667 2.41666666666667 24.9008306603815 30.4554996490479 594 310
"699" 2 0 -49.4166666666667 -7.75 52.5266046579861 33.5382499694824 275 13
"700" 1 0 -66.5833333333333 -11.25 71.7145633050713 32.607250213623 267 22
"701" 3 0 -75.0833333333333 2.25 32.5084035544211 25.3782501220703 202 89
"702" 1 0 -65.75 -21.5833333333333 336.183510928387 24.9352493286133 80 0
"703" 3 0 -56.75 -23.75 332.750586901412 33.3292503356934 176 50
"704" 2 0 -54.0833333333333 -11.75 73.8233403388848 34.4272499084473 328 1
"705" 2 0 -65.25 -8.75 49.4349271633556 32.0732498168945 282 21
"706" 3 0 -55.9166666666667 -18.4166666666667 218.922962092658 34.1047477722168 234 25
"707" 3 0 -51.5833333333333 -18.5833333333333 163.630044550644 31.4344997406006 288 18
"708" 1 0 -67.9166666666667 1.08333333333334 44.6518714973698 31.7110004425049 412 241
"709" 1 0 -46.5833333333333 -19.25 181.099298566104 27.9225006103516 320 13
"710" 2 0 -65.25 -16.75 189.836138687852 33.0125007629395 591 113
"711" 2 0 -51.25 -28.0833333333333 328.661343068707 25.8022499084473 185 111
"712" 3 0 -45.0833333333333 -4.75 86.194372033005 33.4297485351562 356 11
"713" 2 0 -56.9166666666667 -0.75 59.6893851563517 32.6287498474121 393 101
"714" 2 0 -43.25 -14.0833333333333 127.86607687089 32.3025016784668 143 2
"715" 1 0 -56.9166666666667 -8.58333333333333 45.0053008757836 32.7807502746582 336 10
"716" 3 0 -57.5833333333333 -14.9166666666667 134.68930487479 34.5747489929199 266 14
"717" 1 0 -52.75 5.25 43.4952605776131 30.7353839874268 387 68
"718" 1 0 -45.25 -6.75 91.118626566124 32.213249206543 204 10
"719" 1 0 -68.9166666666667 -7.75 59.4077215106871 31.1927509307861 325 45
"720" 3 0 -78.75 -4.91666666666666 31.9359024747822 26.7532501220703 156 73
"721" 3 0 -77.4166666666667 -5.75 37.4014886220632 29.3724994659424 149 76
"722" 1 0 -56.25 -3.25 62.5662224066972 32.5625 318 45
"723" 2 0 -66.0833333333333 -19.4166666666667 256.868852287881 20.5799999237061 72 1
"724" 2 0 -40.9166666666667 -4.75 83.7261621074672 29.8752498626709 253 7
"725" 2 0 -70.25 -9.41666666666666 73.9186852112782 31.2899990081787 276 33
"726" 1 0 -63.0833333333333 -16.4166666666667 193.363722209189 32.0415000915527 212 31
"727" 1 0 -75.9166666666667 -13.25 164.310579288574 23.7469997406006 48 0
"728" 2 0 -47.5833333333333 -24.25 274.330329477725 30.414249420166 247 62
"729" 1 0 -44.9166666666667 -23.0833333333333 252.762507816019 27.1875 247 27
"730" 2 0 -37.9166666666667 -6.41666666666666 99.7272795679078 32.7120018005371 228 5
"731" 1 0 -67.5833333333333 -16.0833333333333 111.323831549662 26.8037490844727 209 29
"732" 2 0 -48.0833333333333 -24.75 299.122563335166 30.3575000762939 257 58
"733" 2 0 -73.0833333333333 -13.5833333333333 71.5649109404571 22.2875003814697 205 17
"734" 1 0 -56.9166666666667 -1.75 63.8779015408769 32.5965003967285 402 65
"735" 3 0 -58.75 -1.25 53.4225764347608 32.3997497558594 347 94
"736" 3 0 -62.4166666666667 -20.4166666666667 328.884015068259 34.2755012512207 78 2
"737" 2 0 -66.4166666666667 -0.25 39.1951257984334 31.4487495422363 270 135
"738" 3 0 -52.5833333333333 -32.9166666666667 404.195399376575 26.3882350921631 117 73
"739" 3 0 -59.9166666666667 -18.25 220.848521634784 33.8030014038086 159 27
"740" 3 0 -46.25 -6.91666666666666 67.6181618143502 31.5189990997314 213 8
"741" 2 0 -55.25 -24.0833333333333 318.015784557814 31.2512493133545 192 78
"742" 1 0 -67.25 -6.41666666666666 41.7502893099017 31.2315006256104 334 57
"743" 1 0 -76.75 2.08333333333334 20.2840666516489 19.9517498016357 263 79
"744" 2 0 -55.9166666666667 -12.9166666666667 78.9942165347213 34.2089996337891 365 2
"745" 3 0 -62.25 -7.41666666666666 37.3372305193428 31.5985012054443 338 26
"746" 1 0 -50.5833333333333 -8.58333333333333 41.0925377051743 33.3747520446777 290 10
"747" 2 0 -43.4166666666667 -3.08333333333333 65.6408670344912 33.7374992370605 368 14
"748" 1 0 -60.25 1.25 56.7549307379123 32.8647499084473 368 55
"749" 3 0 -46.5833333333333 -21.75 225.509399667353 27.5869998931885 293 23
"750" 2 0 -41.9166666666667 -4.91666666666666 106.969946146859 34.2467498779297 318 6
"751" 1 0 -39.4166666666667 -4.91666666666666 71.2962291710809 32.5514984130859 175 2
"752" 3 0 -68.5833333333333 -19.25 302.975704512748 20.003999710083 67 0
"753" 2 0 -57.75 -4.91666666666666 48.7723854085818 32.3387489318848 325 56
"754" 3 0 -54.4166666666667 -20.75 191.086948904705 30.8384990692139 220 42
"755" 1 0 -55.9166666666667 0.583333333333343 56.6878416489285 31.7275009155273 362 77
"756" 2 0 -70.25 -1.25 45.0143112989227 30.9440002441406 331 187
"757" 1 0 -64.25 -5.75 28.0449826707081 31.4562492370605 321 69
"758" 3 0 -44.5833333333333 -21.25 222.897578355172 29.0387496948242 334 17
"759" 1 0 -60.5833333333333 3.75 70.6001851425065 32.6220016479492 329 38
"760" 3 0 -75.5833333333333 -10.75 68.1434694270216 22.8197498321533 148 20
"761" 2 0 -50.9166666666667 -15.4166666666667 127.876537517895 33.6160011291504 284 6
"762" 2 0 -79.5833333333333 -2.91666666666666 65.7684857487002 28.736499786377 201 11
"763" 2 0 -54.75 -16.4166666666667 184.20829771821 33.2239990234375 269 11
"764" 1 0 -59.0833333333333 -27.25 423.9867672033 32.3077507019043 174 38
"765" 3 0 -77.25 -8.41666666666666 45.1677738282809 18.1615009307861 143 15
"766" 3 0 -54.9166666666667 -5.08333333333333 46.3852123084906 31.4367504119873 342 34
"767" 3 0 -53.5833333333333 -27.4166666666667 393.695457320316 29.7544994354248 197 136
"768" 2 0 -58.75 -16.4166666666667 182.23039688325 34.7789993286133 257 27
"769" 1 0 -66.25 0.416666666666671 36.1718935243508 31.9942493438721 329 167
"770" 1 0 -51.25 -16.5833333333333 130.73397284466 32.1107482910156 287 10
"771" 3 0 -67.9166666666667 -14.5833333333333 142.323926943073 29.8724994659424 265 58
"772" 3 0 -48.9166666666667 -8.08333333333333 51.8303538459701 33.7807502746582 293 10
"773" 3 0 -55.25 -31.5833333333333 455.766410121154 29.7427501678467 126 98
"774" 3 0 -66.25 -4.91666666666666 31.9499962944029 31.2090015411377 327 82
"775" 1 0 -52.4166666666667 -18.4166666666667 162.952202360718 30.3742504119873 299 21
"776" 2 0 -63.75 2.41666666666667 33.6555640660152 28.9167499542236 370 109
"777" 3 0 -64.0833333333333 0.583333333333343 38.502184243921 32.3549995422363 367 127
"778" 2 0 -74.9166666666667 -8.58333333333333 26.9951886415533 32.5190010070801 273 81
"779" 1 0 -52.25 -22.4166666666667 254.713597023295 31.2299995422363 166 33
"780" 2 0 -58.5833333333333 -30.4166666666667 466.832971369464 31.8427486419678 152 53
"781" 1 0 -60.9166666666667 -5.08333333333333 34.5510676282533 32.451000213623 324 73
"782" 1 0 -59.5833333333333 6.08333333333334 56.1155219161641 30.9207496643066 306 87
"783" 1 0 -60.5833333333333 5.08333333333334 43.1834848111694 26.3055000305176 312 68
"784" 2 0 -62.0833333333333 -24.9166666666667 433.129539870398 34.7669982910156 109 6
"785" 2 0 -52.9166666666667 -31.4166666666667 407.913071732964 27.5642509460449 142 92
"786" 1 0 -49.75 -26.4166666666667 310.47149050138 25.5092506408691 172 83
"787" 1 0 -56.5833333333333 -3.08333333333333 66.0897317212111 32.9205017089844 328 52
"788" 1 0 -59.75 -9.41666666666666 40.9766095085779 32.1479988098145 323 8
"789" 2 0 -53.25 -23.25 283.100740732327 31.2417507171631 165 52
"790" 3 0 -62.5833333333333 -21.75 384.169099963451 35.3837509155273 102 2
"791" 1 0 -55.0833333333333 -16.0833333333333 166.299769349078 32.4835014343262 266 11
"792" 3 0 -40.4166666666667 -8.58333333333333 144.280951195108 32.3720016479492 130 2
"793" 2 0 -70.9166666666667 -2.25 43.492212957706 31.3452491760254 349 173
"794" 3 0 -48.9166666666667 -1.08333333333333 61.6397726190611 32.5654983520508 458 33
"795" 3 0 -46.4166666666667 -5.91666666666666 55.3643225473066 32.3014984130859 243 10
"796" 2 0 -60.0833333333333 -14.5833333333333 135.99650927422 33.5497512817383 280 11
"797" 1 0 -73.4166666666667 -11.25 58.0795844717775 31.2975006103516 227 46
"798" 1 0 -42.9166666666667 -13.4166666666667 109.153363373586 29.7800006866455 178 1
"799" 2 0 -55.25 1.08333333333334 54.8398901837093 31.4405002593994 354 59
"800" 2 0 -71.75 -3.41666666666666 43.3116926105578 31.5207500457764 323 164
"801" 1 0 -47.0833333333333 -0.916666666666657 49.327742194696 31.7509994506836 481 10
"802" 3 0 -66.5833333333333 -3.58333333333333 30.6880436779246 31.2097511291504 347 137
"803" 1 0 -71.0833333333333 -2.41666666666666 43.9418433045799 31.3137493133545 346 174
"804" 1 0 -50.4166666666667 -21.25 255.582956040777 31.5725002288818 220 18
"805" 3 0 -59.0833333333333 -0.0833333333333286 52.2481142778052 32.2637519836426 338 98
"806" 3 0 -59.75 3.25 70.607848268101 32.2637481689453 354 47
"807" 1 0 -64.5833333333333 -7.25 34.4149324186522 31.6370010375977 361 39
"808" 2 0 -74.75 2.41666666666667 48.8315480171357 29.3352508544922 254 75
"809" 3 0 -49.0833333333333 -18.9166666666667 192.919269362441 31.60325050354 276 14
"810" 2 0 -53.25 4.58333333333334 47.2794998863206 31.0342502593994 439 82
"811" 2 0 -79.5833333333333 -2.25 103.468039177662 30.7707500457764 334 3
"812" 3 0 -36.9166666666667 -6.75 108.580883663569 32.8675003051758 193 2
"813" 2 0 -42.75 -7.75 100.483883376029 34.2647514343262 170 2
"814" 1 0 -54.25 -3.58333333333333 52.5920004541228 31.2357501983643 309 38
"815" 1 0 -55.25 -9.41666666666666 66.9643739854537 32.9230003356934 340 9
"816" 1 0 -62.0833333333333 -8.08333333333333 38.1058654207194 31.5687503814697 344 19
"817" 3 0 -60.75 -26.0833333333333 418.028756632853 33.302001953125 151 17
"818" 2 0 -56.0833333333333 -24.9166666666667 342.037955794883 31.6102504730225 185 74
"819" 1 0 -59.4166666666667 1.58333333333334 57.352248384703 31.5112495422363 342 51
"820" 3 0 -68.0833333333333 -16.5833333333333 158.291791287456 19.6557502746582 129 5
"821" 3 0 -58.25 -20.9166666666667 286.911297759492 34.7104988098145 137 21
"822" 2 0 -37.25 -10.75 133.303737325717 30.3912506103516 257 45
"823" 2 0 -41.4166666666667 -17.25 187.09119767997 30.7024993896484 171 17
"824" 1 0 -60.9166666666667 -10.75 53.1335949832487 31.67799949646 353 8
"825" 1 0 -39.0833333333333 -7.41666666666666 122.247568119711 30.6197490692139 236 7
"826" 2 0 -42.4166666666667 -16.0833333333333 182.223657277403 29.5715007781982 196 6
"827" 3 0 -40.25 -10.9166666666667 160.952900736257 31.6614990234375 105 23
"828" 2 0 -72.4166666666667 -13.9166666666667 123.052491333713 17.2600002288818 196 7
"829" 1 0 -74.4166666666667 2.91666666666667 49.5943197420401 30.3377494812012 284 58
"830" 1 0 -53.0833333333333 -5.75 35.501018481317 31.3924999237061 315 27
"831" 1 0 -70.25 1.91666666666667 65.5644397168613 30.7132511138916 400 80
"832" 3 0 -60.75 -27.25 443.403377519043 32.9169998168945 157 20
"833" 2 0 -68.5833333333333 -18.4166666666667 264.179445483606 21.1977500915527 94 1
"834" 1 0 -61.75 -2.58333333333333 29.1177618294226 31.5182495117188 334 107
"835" 3 0 -53.0833333333333 2.41666666666667 56.1419026034416 31.842248916626 359 60
"836" 3 0 -64.4166666666667 -18.0833333333333 194.822837173566 30.0590000152588 95 6
"837" 1 0 -60.4166666666667 -17.4166666666667 201.373650648544 33.7292518615723 220 39
"838" 1 0 -46.9166666666667 -18.0833333333333 163.981936866904 30.4540004730225 331 6
"839" 3 0 -60.25 -27.0833333333333 431.720177109066 32.6822509765625 164 25
"840" 2 0 -50.5833333333333 -18.0833333333333 139.181378216335 31.1949996948242 281 13
"841" 1 0 -66.9166666666667 -14.9166666666667 156.433724282415 32.4162483215332 283 55
"842" 3 0 -44.25 -13.25 111.501605465554 31.3242492675781 229 0
"843" 2 0 -47.25 -16.9166666666667 164.485697530795 29.523250579834 305 7
"844" 2 0 -50.0833333333333 -19.4166666666667 185.795876669942 32.1469993591309 252 15
"845" 3 0 -71.0833333333333 -3.91666666666666 41.2975061953153 31.4817504882812 311 160
"846" 1 0 -45.9166666666667 -16.0833333333333 166.956332391972 32.6877517700195 245 5
"847" 3 0 -66.5833333333333 -15.75 161.66477810086 31.6947498321533 330 59
"848" 2 0 -72.4166666666667 -5.41666666666666 44.3492094377527 31.1147499084473 309 106
"849" 1 0 -64.25 -20.0833333333333 238.569556109596 27.3479995727539 131 7
"850" 2 0 -51.4166666666667 -19.5833333333333 202.103025558249 31.8299999237061 285 19
"851" 1 0 -48.0833333333333 -4.41666666666666 46.5385569715156 32.2022514343262 336 22
"852" 2 0 -51.75 -28.0833333333333 344.714800020505 27.4492492675781 197 118
"853" 3 0 -54.25 -6.75 38.2507610459371 32.0462493896484 332 17
"854" 3 0 -57.25 -30.25 463.125481657571 31.30299949646 167 70
"855" 2 0 -52.75 1.58333333333334 62.0209097552301 31.9479999542236 330 60
"856" 3 0 -57.5833333333333 -22.25 314.247173662565 33.5612487792969 174 33
"857" 1 0 -61.75 -16.4166666666667 176.894247158602 31.3757495880127 172 19
"858" 2 0 -72.4166666666667 -1.08333333333333 57.5256421200375 31.1792507171631 299 168
"859" 2 0 -63.25 -13.4166666666667 88.4682873003788 32.2957496643066 240 11
"860" 1 0 -63.0833333333333 -13.0833333333333 79.9071742900006 32.1302490234375 249 8
"861" 3 0 -80.9166666666667 -6.41666666666666 273.72458849287 28.1217403411865 12 0
"862" 3 0 -68.4166666666667 0.916666666666671 47.9473131251642 31.2197494506836 407 238
"863" 3 0 -61.4166666666667 -3.58333333333333 31.8605534333857 31.7712497711182 325 94
"864" 2 0 -63.5833333333333 -19.4166666666667 260.972331282011 31.6947498321533 127 8
"865" 2 0 -63.75 -6.08333333333333 31.2954561004831 31.5030002593994 317 52
"866" 1 0 -69.9166666666667 -6.58333333333333 43.1718082605766 31.3724994659424 330 64
"867" 1 0 -53.9166666666667 -22.25 250.618259196881 31.2084999084473 239 27
"868" 2 0 -45.5833333333333 -18.0833333333333 167.717842082586 30.9484996795654 253 7
"869" 1 0 -67.0833333333333 -15.9166666666667 132.907810160971 28.5499992370605 252 43
"870" 1 0 -57.5833333333333 -20.0833333333333 263.318797717094 34.2432518005371 173 29
"871" 1 0 -71.0833333333333 -15.75 198.936183488261 17.1907501220703 135 1
"872" 2 0 -77.0833333333333 2.58333333333334 32.3838312264625 28.0077495574951 323 94
"873" 2 0 -51.4166666666667 -25.5833333333333 282.318464586643 24.7402496337891 182 98
"874" 3 0 -71.5833333333333 -10.0833333333333 68.2606492474105 31.2697505950928 241 30
"875" 3 0 -44.75 -3.75 67.1536987812106 33.8730010986328 351 22
"876" 2 0 -41.5833333333333 -17.9166666666667 190.546383178227 30.816499710083 191 18
"877" 3 0 -52.0833333333333 -1.08333333333333 56.5218549708586 32.4352493286133 370 50
"878" 1 0 -71.4166666666667 -0.583333333333329 54.1394314415129 30.857250213623 316 183
"879" 3 0 -56.9166666666667 -24.5833333333333 361.218512925631 32.7412490844727 205 38
"880" 1 0 -48.25 -7.75 61.5289946220816 33.4132499694824 289 9
"881" 1 0 -56.25 -16.4166666666667 183.583243990721 34.0407485961914 217 19
"882" 1 0 -73.25 -7.41666666666666 51.0330963425013 30.7999992370605 300 68
"883" 3 0 -54.25 -18.25 191.101918418126 32.9777488708496 266 21
"884" 3 0 -64.5833333333333 -4.25 27.0835961558683 31.2789993286133 282 91
"885" 2 0 -57.4166666666667 1.58333333333334 55.1872170544314 31.964750289917 345 52
"886" 3 0 -52.5833333333333 -16.4166666666667 161.311179345342 31.7777500152588 303 9
"887" 2 0 -53.5833333333333 -20.9166666666667 211.36951731962 31.5287494659424 205 33
"888" 2 0 -64.0833333333333 -14.75 132.458800105984 32.2980003356934 260 28
"889" 2 0 -47.9166666666667 -14.25 103.392789706415 30.6847496032715 262 4
"890" 3 0 -60.75 -16.75 191.034628768763 32.5662498474121 200 23
"891" 2 0 -59.25 -23.0833333333333 358.869801009531 34.8807487487793 101 23
"892" 3 0 -52.4166666666667 -2.25 54.3239489719334 32.1629981994629 321 42
"893" 1 0 -59.75 -7.75 33.7619528936822 31.7684993743896 303 16
"894" 2 0 -60.75 -12.5833333333333 80.7210789889905 31.9827499389648 295 8
"895" 3 0 -76.4166666666667 -5.58333333333333 29.4161505620483 32.3422508239746 248 101
"896" 3 0 -44.9166666666667 -12.25 109.112053163259 31.9527492523193 203 2
"897" 2 0 -65.75 -11.9166666666667 76.9169928366934 32.8489990234375 264 18
"898" 2 0 -67.0833333333333 1.75 46.5029316804076 32.9125022888184 406 198
"899" 1 0 -60.75 -10.4166666666667 49.9236643893151 31.8465003967285 345 8
"900" 2 0 -67.0833333333333 -5.91666666666666 38.3790229079677 31.244499206543 333 67
"901" 2 0 -44.9166666666667 -4.75 89.9077936888487 33.9457511901855 378 13
"902" 3 0 -55.25 4.91666666666667 66.8790312053588 32.3647499084473 347 84
"903" 3 0 -59.25 -4.91666666666666 44.8218040250245 32.5692481994629 277 71
"904" 1 0 -58.0833333333333 -15.25 146.632855840156 33.9824981689453 269 17
"905" 2 0 -50.5833333333333 -21.0833333333333 250.896721104428 31.8152503967285 214 17
"906" 3 0 -43.25 -13.4166666666667 102.631537538933 32.6689987182617 184 1
"907" 1 0 -43.75 -17.25 169.548558205464 30.0822505950928 227 3
"908" 2 0 -58.9166666666667 -14.9166666666667 134.528774469399 32.484748840332 294 14
"909" 1 0 -53.75 -3.25 52.9517755812842 31.2385005950928 299 37
"910" 3 0 -41.5833333333333 -3.58333333333333 81.5106065240136 33.0750007629395 262 6
"911" 2 0 -43.0833333333333 -11.25 57.91235880428 33.1872482299805 140 1
"912" 1 0 -46.9166666666667 -4.91666666666666 49.9213623577455 32.2597503662109 269 11
"913" 2 0 -50.4166666666667 -20.0833333333333 217.590079839626 31.8072490692139 223 16
"914" 1 0 -50.9166666666667 -29.0833333333333 320.244195820566 24.6367492675781 190 128
"915" 3 0 -76.9166666666667 -5.08333333333333 29.5724976085017 32.4444999694824 225 125
"916" 3 0 -57.0833333333333 -1.08333333333333 60.6442968703394 32.7234992980957 401 89
"917" 1 0 -61.5833333333333 -10.75 54.2177665872027 31.8854999542236 369 12
"918" 3 0 -66.9166666666667 -11.5833333333333 81.9751982522333 32.4025001525879 266 26
"919" 3 0 -74.75 0.25 73.9807045214607 30.6610012054443 338 94
"920" 3 0 -68.9166666666667 -2.75 38.2623790268147 30.613000869751 359 236
"921" 1 0 -44.0833333333333 -7.08333333333333 115.8786355453 33.422248840332 180 3
"922" 3 0 -66.0833333333333 -19.25 254.951874365683 20.3209991455078 81 1
"923" 3 0 -61.75 -11.5833333333333 63.0591625579584 32.5719985961914 320 9
"924" 1 0 -48.25 -16.75 147.056959187804 29.644250869751 297 9
"925" 3 0 -65.0833333333333 -22.5833333333333 297.775120459962 22.3312492370605 82 0
"926" 1 0 -75.4166666666667 1.25 63.5038726334612 31.0389995574951 406 112
"927" 1 0 -45.4166666666667 -21.9166666666667 257.541864350439 29.6052494049072 302 20
"928" 2 0 -59.25 7.58333333333334 50.7865896457829 31.2654991149902 315 88
"929" 2 0 -42.75 -3.25 72.5530101962388 33.8889999389648 316 14
"930" 2 0 -75.75 -9.91666666666666 50.3917713743558 24.0795001983643 124 20
"931" 3 0 -49.5833333333333 -19.5833333333333 191.88779357891 32.2089996337891 258 14
"932" 2 0 -77.25 -5.25 30.322655799771 30.2395000457764 187 123
"933" 3 0 -66.0833333333333 -19.75 281.004440792049 20.8222503662109 55 0
"934" 1 0 -66.25 -12.4166666666667 90.1366851931379 32.6737480163574 263 23
"935" 3 0 -52.25 1.58333333333334 64.7714109220831 32.2449989318848 329 59
"936" 2 0 -59.75 -12.25 80.7058993192571 32.1107482910156 335 5
"937" 1 0 -46.0833333333333 -2.58333333333333 42.0521239451793 31.9717502593994 399 34
"938" 3 0 -57.25 -4.25 55.2474381375378 32.4905014038086 331 79
"939" 1 0 -53.5833333333333 3.25 48.8182509434213 31.919750213623 362 58
"940" 2 0 -64.75 1.08333333333334 37.4383621211809 32.2104988098145 337 126
"941" 3 0 -53.0833333333333 -24.75 314.843334099514 29.0370006561279 219 85
"942" 3 0 -51.9166666666667 -11.25 69.7576648378767 35.2157516479492 303 3
"943" 3 0 -58.75 -4.25 50.5297469346005 32.5627479553223 305 78
"944" 2 0 -35.75 -9.41666666666666 121.870365840974 29.7374992370605 308 37
"945" 3 0 -64.4166666666667 -11.4166666666667 65.3251056826772 32.4392509460449 257 11
"946" 3 0 -46.5833333333333 -6.41666666666666 55.8089591730143 32.1985015869141 244 10
"947" 2 0 -56.5833333333333 -5.25 47.695365621916 32.0830001831055 328 55
"948" 1 0 -47.75 -2.91666666666666 41.2184255562437 31.7297496795654 392 48
"949" 3 0 -73.9166666666667 -13.0833333333333 72.0145347176322 22.2695007324219 143 10
"950" 3 0 -55.25 -11.25 51.6041360012237 33.8880004882812 314 1
"951" 2 0 -60.4166666666667 5.58333333333334 47.4706771969061 29.613000869751 309 84
"952" 2 0 -51.75 -6.75 30.6290963953782 32.5457496643066 323 15
"953" 3 0 -49.0833333333333 -11.75 86.2154955252382 33.4690017700195 289 4
"954" 3 0 -47.0833333333333 -15.0833333333333 128.600576193445 31.8514995574951 237 4
"955" 3 0 -68.25 -10.4166666666667 87.3797711704078 31.3254985809326 247 35
"956" 2 0 -42.9166666666667 -7.75 100.16578328321 33.694751739502 170 1
"957" 3 0 -52.0833333333333 -8.75 34.6432324286638 32.5275001525879 303 9
"958" 3 0 -70.4166666666667 3.08333333333334 81.7021535005515 31.2089996337891 445 30
"959" 3 0 -55.25 -21.25 234.295444665214 30.8490009307861 198 42
"960" 2 0 -64.5833333333333 -5.08333333333333 27.609790852472 31.3152484893799 321 81
"961" 1 0 -50.9166666666667 -10.25 54.4409373670949 33.9297485351562 306 6
"962" 3 0 -57.75 4.58333333333334 65.7089379659249 32.5895004272461 336 69
"963" 1 0 -67.25 0.0833333333333428 45.0803211599636 30.9720001220703 331 174
"964" 2 0 -41.4166666666667 -3.41666666666666 84.6408302412434 32.1687507629395 259 3
"965" 2 0 -41.9166666666667 -16.4166666666667 180.865492133304 30.7310009002686 178 5
"966" 3 0 -69.75 -16.9166666666667 189.302180584368 18.33424949646 124 0
"967" 1 0 -53.5833333333333 -4.58333333333333 44.5804901624612 31.1830005645752 292 27
"968" 2 0 -39.5833333333333 -16.75 154.497859501367 30.0524997711182 143 63
"969" 3 0 -48.4166666666667 -13.4166666666667 100.464030374884 32.2747497558594 267 3
"970" 3 0 -79.4166666666667 -0.416666666666657 69.3469132801659 28.9682502746582 515 42
"971" 3 0 -49.0833333333333 -22.75 234.133166602592 30.10325050354 199 25
"972" 2 0 -56.75 -0.25 58.2074419719872 32.3732490539551 366 112
"973" 1 0 -49.5833333333333 -28.0833333333333 289.217957676925 21.6334991455078 184 110
"974" 3 0 -64.75 -17.0833333333333 203.71784039694 32.8672485351562 488 108
"975" 3 0 -49.5833333333333 0.25 75.1548248954067 32.3937492370605 445 22
"976" 2 0 -51.25 -0.416666666666657 61.863934069603 32.318000793457 336 41
"977" 1 0 -55.25 -26.4166666666667 375.675991100922 31.80299949646 173 95
"978" 3 0 -54.0833333333333 -0.416666666666657 61.0441850906264 31.5807495117188 339 60
"979" 1 0 -57.25 -7.58333333333333 35.6104169150034 32.1580009460449 349 17
"980" 2 0 -73.4166666666667 -8.75 52.8748844111802 31.3837490081787 247 42
"981" 2 0 -55.9166666666667 1.41666666666667 61.2396057751013 32.3932495117188 365 50
"982" 3 0 -38.9166666666667 -5.75 87.4089167377993 34.0597496032715 195 4
"983" 2 0 -50.9166666666667 -25.0833333333333 305.115005030394 27.8309993743896 170 80
"984" 2 0 -46.5833333333333 -9.41666666666666 80.597203474302 32.6230010986328 226 1
"985" 2 0 -51.0833333333333 -0.416666666666657 61.5622683603169 32.3267517089844 349 41
"986" 2 0 -49.4166666666667 -22.9166666666667 252.886403346759 30.1149997711182 200 33
"987" 1 0 -50.5833333333333 -29.0833333333333 314.786107639438 24.4549999237061 189 130
"988" 2 0 -58.9166666666667 -10.0833333333333 45.7703797997529 32.6222496032715 323 5
"989" 3 0 -60.4166666666667 -3.08333333333333 43.947300800033 31.8732490539551 301 51
"990" 2 0 -58.75 -8.41666666666666 34.4953258552637 32.400749206543 314 9
"991" 2 0 -75.5833333333333 -5.75 32.6176919320372 32.3842506408691 267 103
"992" 1 0 -66.9166666666667 -17.4166666666667 219.276906833978 20.6474990844727 147 8
"993" 3 0 -73.25 0.416666666666671 75.0250226158691 30.6582489013672 332 82
"994" 3 0 -76.5833333333333 -10.5833333333333 86.6117233326602 13.4855003356934 147 12
"995" 1 0 -64.25 -12.25 74.8361452472116 32.5192489624023 251 12
"996" 2 0 -53.4166666666667 -31.0833333333333 417.218569693807 28.7115001678467 143 100
"997" 3 0 -67.25 -11.0833333333333 81.1134138388266 32.138500213623 254 29
"998" 1 0 -61.9166666666667 -6.91666666666666 34.310204825037 31.8897495269775 334 36
"999" 1 0 -53.4166666666667 -6.25 35.2635679192892 31.7684993743896 316 23
"1000" 1 0 -46.5833333333333 -5.25 47.5205578181525 31.6149997711182 238 8
