"group.all" "pa" "lon" "lat" "wc2.0_bio_10m_04" "wc2.0_bio_10m_05" "wc2.0_bio_10m_13" "wc2.0_bio_10m_14"
"1" 2 1 -42.9991666 -22.4563889 230.480802557151 27.2337493896484 276 37
"2" 1 1 -48.8694445 -25.5977777 276.839049501783 26.3657493591309 243 88
"3" 2 1 -49.5002778 -26.9102778 319.106249191286 26.1927509307861 179 94
"4" 3 1 -49.4977777 -26.9097222 319.554274158392 27.1577491760254 188 98
"5" 1 1 -49.0477777 -26.1925 298.975770231652 25.8092498779297 211 84
"6" 1 1 -49.5016667 -27.36 327.936818601181 27.1457500457764 185 102
"8" 3 1 -50.1294445 -26.9994444 329.84290883905 26.3542499542236 168 95
"9" 3 1 -43.4213889 -22.5813889 224.895367340786 29.5942497253418 264 50
"10" 2 1 -40.5383333 -19.9747223 198.71825799419 28.324499130249 202 50
"11" 3 1 -48.9658333 -25.8683334 284.575062228894 25.7817497253418 235 87
"12" 2 1 -50.9980555 -29.7866666 342.918717482232 28.119499206543 148 101
"14" 1 1 -49.0108333 -25.3886111 274.469642280386 26.5662498474121 225 84
"15" 2 1 -49.1947222 -27.0927777 316.048123739337 26.7152500152588 195 96
"1100" 1 0 -52.25 -26.4166666666667 324.995132576762 26.625 232 132
"2100" 2 0 -47.5833333333333 -24.0833333333333 267.795209036923 28.195499420166 250 67
"3100" 2 0 -49.4166666666667 -27.0833333333333 326.489766214939 27.9492492675781 184 102
"4100" 3 0 -45.25 -19.25 203.458007897886 31.7517490386963 259 9
"5100" 3 0 -54.0833333333333 -30.9166666666667 415.781269157721 28.7992496490479 149 111
"6100" 3 0 -54.25 -31.5833333333333 433.992989259771 29.4277496337891 133 99
"7" 2 0 -53.0833333333333 -27.0833333333333 390.2334326152 30.1200008392334 206 137
"8100" 1 0 -43.75 -19.0833333333333 211.810560332797 28.9720001220703 282 7
"9100" 1 0 -52.25 -27.5833333333333 344.755842053124 27.7970008850098 198 126
"1010" 1 0 -51.0833333333333 -23.5833333333333 271.357721817688 29.6389999389648 199 61
"1110" 1 0 -40.0833333333333 -17.75 175.676424798272 31.41575050354 155 43
"1210" 3 0 -49.4166666666667 -26.25 310.857884799335 25.5467491149902 179 83
"13" 2 0 -50.0833333333333 -27.25 329.963350165269 26.4064998626709 171 103
"1410" 1 0 -44.75 -20.75 210.436822964215 28.3827495574951 340 17
"1510" 3 0 -39.4166666666667 -17.75 164.441728319392 30.4754390716553 173 79
"16" 2 0 -40.4166666666667 -17.25 179.69129372432 31.7007503509521 166 40
"17" 2 0 -50.5833333333333 -26.25 335.416359391177 26.9047508239746 162 84
"18" 1 0 -47.75 -22.9166666666667 246.257323352065 29.0995006561279 217 25
"19" 3 0 -47.25 -21.5833333333333 228.312024897699 30.2697505950928 252 20
"20" 2 0 -54.75 -30.9166666666667 432.853177101217 29.7189998626709 139 112
"21" 1 0 -45.5833333333333 -20.4166666666667 232.646144703402 30.3232498168945 281 17
"22" 1 0 -52.25 -26.5833333333333 329.516327201939 27.3924999237061 231 136
"23" 2 0 -40.75 -19.25 193.028413058054 31.419750213623 189 30
"24" 3 0 -41.75 -19.75 208.559458185376 30.9965000152588 212 20
"25" 1 0 -43.4166666666667 -19.4166666666667 214.491356283988 28.5074996948242 324 15
"26" 1 0 -53.9166666666667 -27.25 392.471477414817 30.255500793457 190 135
"27" 1 0 -52.0833333333333 -28.0833333333333 354.284560398829 28.16575050354 199 121
"28" 2 0 -43.0833333333333 -21.5833333333333 225.097621730146 30.2880001068115 261 14
"29" 3 0 -42.4166666666667 -20.25 227.652716696331 29.9249992370605 243 17
"30" 2 0 -44.25 -18.4166666666667 207.436584376412 32.0714988708496 218 5
"31" 1 0 -43.0833333333333 -18.4166666666667 228.689994756674 29.1714992523193 281 11
"32" 1 0 -50.25 -25.4166666666667 305.908960660801 27.113000869751 191 77
"33" 1 0 -46.4166666666667 -22.25 225.765445969274 28.789249420166 277 27
"34" 2 0 -53.5833333333333 -30.9166666666667 418.346038456453 29.0659999847412 145 105
"35" 3 0 -42.4166666666667 -20.0833333333333 221.136589463987 31.1119995117188 238 14
"36" 3 0 -50.25 -23.75 281.316069582622 29.6457500457764 177 63
"37" 1 0 -40.0833333333333 -19.4166666666667 196.379878606082 31.2950000762939 186 38
"38" 1 0 -48.75 -24.4166666666667 316.613057364459 27.2162494659424 189 55
"39" 1 0 -46.5833333333333 -23.25 230.091963586373 25.84375 239 29
"40" 3 0 -46.75 -21.0833333333333 220.590144045592 28.0832500457764 275 17
"41" 1 0 -54.9166666666667 -30.4166666666667 427.122720131149 29.9827499389648 146 113
"42" 1 0 -52.4166666666667 -23.5833333333333 290.763297764381 29.7657508850098 159 58
"43" 3 0 -48.75 -22.0833333333333 235.890926385946 30.8225002288818 225 21
"44" 1 0 -46.5833333333333 -21.9166666666667 226.843896127681 27.1219997406006 305 26
"45" 3 0 -50.0833333333333 -21.75 264.580650063074 31.2767505645752 199 25
"46" 1 0 -41.75 -17.5833333333333 187.059681642007 30.2417507171631 191 14
"47" 1 0 -47.75 -22.75 250.352143142394 29.3512496948242 231 25
"48" 2 0 -54.25 -31.0833333333333 419.806559547431 28.9064998626709 147 109
"49" 1 0 -43.4166666666667 -21.25 216.093618442881 29.7037506103516 266 18
"50" 1 0 -49.25 -21.5833333333333 241.473601986618 31.5244998931885 229 20
"51" 2 0 -46.5833333333333 -22.25 225.16243653672 28.36549949646 276 25
"52" 1 0 -43.4166666666667 -19.0833333333333 233.506164116296 29.9179992675781 293 12
"53" 2 0 -46.75 -22.75 233.478847841381 27.3649997711182 232 29
"54" 1 0 -49.5833333333333 -22.4166666666667 259.12148748873 30.6252498626709 210 31
"55" 1 0 -53.9166666666667 -32.5833333333333 444.592339709796 28.5912494659424 129 88
"56" 2 0 -48.5833333333333 -26.75 316.492474134945 28.9962272644043 223 84
"57" 3 0 -49.75 -26.0833333333333 308.975733134175 26.2767505645752 164 75
"58" 2 0 -52.0833333333333 -27.9166666666667 352.720125418742 28.07200050354 198 121
"59" 1 0 -54.5833333333333 -31.4166666666667 440.510481115747 29.66575050354 133 104
"60" 1 0 -52.0833333333333 -31.0833333333333 399.613847427789 28.2062492370605 135 89
"61" 3 0 -44.25 -19.75 188.797470229588 30.1800003051758 305 13
"62" 2 0 -46.75 -24.0833333333333 241.587312484803 30.3059139251709 302 91
"63" 2 0 -54.4166666666667 -28.75 392.489121209062 30.7239990234375 181 137
"64" 2 0 -52.25 -24.75 296.392012331046 28.1002502441406 211 81
"65" 2 0 -49.0833333333333 -22.0833333333333 232.362211317984 30.8994998931885 207 26
"66" 3 0 -51.0833333333333 -27.5833333333333 332.60788568509 25.8807506561279 179 111
"67" 3 0 -51.9166666666667 -27.9166666666667 349.530750124763 27.7250003814697 198 119
"68" 3 0 -41.9166666666667 -18.5833333333333 188.523607220402 32.6749992370605 209 17
"69" 3 0 -53.9166666666667 -26.9166666666667 379.469719237448 29.5109996795654 190 131
"70" 1 0 -42.75 -18.0833333333333 209.051533408917 28.6420001983643 266 11
"71" 3 0 -43.9166666666667 -22.75 234.976602449768 29.7872505187988 234 27
"72" 2 0 -49.0833333333333 -23.0833333333333 239.037035844556 29.4367504119873 185 32
"73" 2 0 -54.75 -30.0833333333333 419.81638488888 30.1364994049072 152 119
"74" 1 0 -41.75 -22.4166666666667 211.605578640642 31.1025981903076 198 42
"75" 2 0 -53.0833333333333 -29.9166666666667 404.163315816237 29.6340007781982 144 107
"76" 1 0 -44.4166666666667 -19.0833333333333 202.799345651416 30.5620002746582 275 10
"77" 2 0 -42.0833333333333 -19.25 191.208112473924 31.9745006561279 225 17
"78" 3 0 -53.5833333333333 -29.9166666666667 406.570808268888 29.8352489471436 145 120
"79" 2 0 -40.4166666666667 -16.75 171.584102652737 29.4064998626709 135 43
"80" 2 0 -53.25 -32.25 421.645287270299 28.3934993743896 131 85
"81" 1 0 -42.5833333333333 -19.75 206.723031425037 31.8537502288818 247 10
"82" 2 0 -41.4166666666667 -19.25 191.126759748572 30.8332500457764 202 23
"83" 1 0 -53.25 -26.0833333333333 319.430298320722 27.8059997558594 214 121
"84" 3 0 -54.4166666666667 -27.4166666666667 393.425286242135 31.2017498016357 176 123
"85" 3 0 -50.9166666666667 -23.9166666666667 283.316862380405 28.5472507476807 189 69
"86" 3 0 -50.75 -30.25 347.73393741646 28.0601787567139 145 90
"87" 2 0 -41.5833333333333 -20.0833333333333 215.025389827034 29.7177505493164 214 25
"88" 1 0 -52.25 -22.9166666666667 267.745933524203 30.53125 164 47
"89" 3 0 -51.25 -25.4166666666667 278.375070503898 24.8562507629395 183 100
"90" 3 0 -54.75 -29.75 414.38713377175 30.2517490386963 158 124
"91" 2 0 -50.4166666666667 -23.75 281.58699809747 29.7665004730225 183 65
"92" 2 0 -53.4166666666667 -26.0833333333333 337.569773240302 28.4937496185303 215 113
"93" 3 0 -44.0833333333333 -20.25 196.149510097763 29.5799999237061 307 13
"94" 3 0 -53.25 -25.0833333333333 306.492347349483 27.4337501525879 212 99
"95" 2 0 -53.0833333333333 -29.25 383.685490970056 28.7877502441406 158 99
"96" 1 0 -50.25 -26.75 321.672023090922 25.1887493133545 168 87
"97" 1 0 -48.9166666666667 -25.25 283.783522681247 26.2917499542236 237 80
"98" 2 0 -52.25 -28.5833333333333 359.443157950185 27.9969997406006 176 125
"99" 2 0 -53.9166666666667 -25.25 332.707606390933 29.173999786377 223 98
"100" 3 0 -53.5833333333333 -25.9166666666667 359.966228468384 29.2175006866455 221 102
"101" 1 0 -50.25 -28.75 296.272002614483 24.4302501678467 162 117
"102" 3 0 -45.0833333333333 -23.0833333333333 248.650110956443 28.1307506561279 243 25
"103" 3 0 -46.0833333333333 -21.9166666666667 226.338271967341 28.5310001373291 297 29
"104" 1 0 -49.5833333333333 -23.5833333333333 269.946415195967 30.1359996795654 176 37
"105" 3 0 -52.4166666666667 -26.5833333333333 334.662779349004 28.0587501525879 227 142
"106" 2 0 -52.75 -33.25 409.652966972887 26.1308822631836 149 81
"107" 1 0 -53.4166666666667 -27.75 377.029711815306 29.7707500457764 194 132
"108" 3 0 -43.5833333333333 -19.75 198.681238932183 28.8024997711182 325 15
"109" 2 0 -46.5833333333333 -20.9166666666667 223.639479332097 28.5305004119873 280 16
"110" 3 0 -49.9166666666667 -25.25 291.360721422669 26.7070007324219 217 81
"111" 1 0 -51.5833333333333 -29.25 343.490194921752 25.9605007171631 158 119
"112" 1 0 -52.4166666666667 -27.5833333333333 341.287641854044 27.7737503051758 194 126
"113" 1 0 -49.75 -29.4166666666667 331.829149527229 27.7694206237793 147 94
"114" 3 0 -50.75 -26.9166666666667 324.071024994353 25.0567493438721 164 88
"115" 3 0 -51.0833333333333 -25.0833333333333 302.846335668017 27.5820007324219 176 85
"116" 2 0 -52.25 -29.4166666666667 361.861344425197 27.2124996185303 187 54
"117" 2 0 -52.0833333333333 -30.25 391.576644503507 28.2509994506836 139 97
"118" 2 0 -49.0833333333333 -26.5833333333333 311.251625823061 28.3507499694824 214 86
"119" 2 0 -53.75 -26.4166666666667 349.371703919786 28.3530006408691 197 127
"120" 2 0 -51.25 -30.25 360.708115715578 28.4058399200439 135 95
"121" 2 0 -52.75 -28.25 364.193854293405 28.8402500152588 180 126
"122" 1 0 -50.4166666666667 -27.0833333333333 319.97182447693 24.4405002593994 167 95
"123" 1 0 -54.4166666666667 -31.75 442.747370920396 29.4899997711182 127 97
"124" 2 0 -49.75 -23.5833333333333 271.437887758619 29.7827491760254 167 42
"125" 1 0 -39.0833333333333 -16.5833333333333 155.919384097731 30.015344619751 162 95
"126" 2 0 -46.9166666666667 -22.5833333333333 237.958259601756 28.8735008239746 233 25
"127" 2 0 -52.4166666666667 -28.25 359.861505602144 28.080249786377 197 122
"128" 3 0 -50.9166666666667 -24.75 292.781644782351 27.1655006408691 170 80
"129" 2 0 -42.75 -17.4166666666667 181.575449163727 30.3059997558594 228 6
"130" 2 0 -43.9166666666667 -22.9166666666667 221.806490446597 29.7308750152588 229 35
"131" 2 0 -43.25 -19.4166666666667 227.842292312277 30.3889999389648 318 11
"132" 3 0 -52.9166666666667 -31.4166666666667 407.913071732964 27.5642509460449 142 92
"133" 2 0 -52.75 -24.0833333333333 285.763860359602 29.0152492523193 170 77
"134" 1 0 -51.75 -30.75 381.940167585614 27.8955001831055 132 96
"135" 3 0 -46.5833333333333 -23.9166666666667 246.640389543589 26.4114990234375 322 101
"136" 1 0 -44.9166666666667 -21.25 228.165096992246 29.4400005340576 315 21
"137" 1 0 -45.75 -22.75 269.994875955327 27.9029998779297 300 32
"138" 2 0 -43.4166666666667 -17.25 172.225130239337 29.9610004425049 236 3
"139" 2 0 -51.75 -30.4166666666667 372.831347066617 26.7865009307861 138 106
"140" 1 0 -51.5833333333333 -23.0833333333333 268.163576847294 29.3659992218018 178 47
"141" 3 0 -40.9166666666667 -21.25 203.035883900953 31.3127994537354 158 29
"142" 1 0 -50.25 -28.25 306.172604137363 24.4090003967285 149 100
"143" 3 0 -42.5833333333333 -22.25 242.955123828067 26.0037498474121 264 30
"144" 3 0 -52.5833333333333 -27.9166666666667 356.780852656309 28.7682495117188 191 123
"145" 2 0 -50.9166666666667 -28.5833333333333 315.536757484446 25.2352504730225 175 115
"146" 3 0 -42.5833333333333 -21.25 233.121704360694 31.4120006561279 242 17
"147" 1 0 -39.9166666666667 -16.4166666666667 164.26407652823 30.4204998016357 116 40
"148" 1 0 -43.0833333333333 -19.75 223.046336693022 29.8635005950928 315 11
"149" 2 0 -48.4166666666667 -26.25 293.128366447926 28.2999992370605 272 89
"150" 3 0 -53.25 -29.5833333333333 386.733736476527 28.6679992675781 150 109
"151" 3 0 -40.75 -16.4166666666667 175.241939066957 30.367000579834 154 26
"152" 3 0 -43.9166666666667 -22.4166666666667 240.779674914358 29.4549999237061 241 21
"153" 1 0 -53.9166666666667 -25.75 363.680471924886 29.7602500915527 206 111
"154" 2 0 -41.4166666666667 -18.0833333333333 188.20086473921 30.4405002593994 189 20
"155" 2 0 -41.9166666666667 -23.0833333333333 200.276665958176 28.0499992370605 148 34
"156" 2 0 -52.0833333333333 -29.75 382.789803375581 29.1822490692139 163 74
"157" 1 0 -51.25 -26.25 332.612223598858 26.3964996337891 168 112
"158" 3 0 -45.75 -20.0833333333333 246.361645699428 31.8262500762939 279 13
"159" 1 0 -48.5833333333333 -28.25 308.15702385369 28.9166679382324 171 90
"160" 3 0 -51.5833333333333 -26.25 319.919231678005 25.5160007476807 179 110
"161" 1 0 -44.25 -19.5833333333333 191.727995996602 30.0849990844727 287 12
"162" 2 0 -52.9166666666667 -32.4166666666667 415.080620520365 27.9685001373291 125 78
"163" 1 0 -48.4166666666667 -24.75 310.725101223787 28.3509998321533 224 61
"164" 3 0 -53.9166666666667 -30.5833333333333 411.341325244419 28.6622505187988 150 114
"165" 1 0 -39.75 -16.4166666666667 161.243644599059 30.1827507019043 134 46
"166" 3 0 -50.9166666666667 -27.5833333333333 336.038807919351 26.2064990997314 171 112
"167" 3 0 -54.4166666666667 -32.0833333333333 451.356726467624 29.161750793457 125 91
"168" 1 0 -40.9166666666667 -18.4166666666667 184.225241937831 30.2455005645752 184 28
"169" 3 0 -47.5833333333333 -23.5833333333333 249.394423566095 27.6707496643066 200 34
"170" 2 0 -55.25 -29.9166666666667 424.045320737501 30.1685009002686 160 121
"171" 3 0 -40.4166666666667 -18.5833333333333 185.281665155027 31.7627506256104 176 36
"172" 3 0 -54.0833333333333 -27.0833333333333 381.300219490389 29.8209991455078 185 127
"173" 2 0 -52.5833333333333 -28.25 361.915632296818 28.6770000457764 187 124
"174" 2 0 -51.4166666666667 -31.75 387.981095934667 27.2333335876465 129 72
"175" 1 0 -50.75 -28.9166666666667 315.926953186166 25.1052494049072 180 122
"176" 1 0 -50.25 -26.4166666666667 329.301922655667 26.6892490386963 164 83
"177" 3 0 -53.4166666666667 -26.4166666666667 332.658726990369 28.3894996643066 205 129
"178" 3 0 -51.0833333333333 -22.25 249.806893955359 30.9724998474121 213 35
"179" 3 0 -49.75 -22.4166666666667 262.673506253476 30.1690006256104 213 34
"180" 3 0 -55.25 -30.0833333333333 428.57625090936 30.0844993591309 154 117
"181" 1 0 -53.75 -27.4166666666667 390.899660615815 29.9417495727539 195 137
"182" 2 0 -50.0833333333333 -23.0833333333333 290.147111862113 30.7952499389648 170 48
"183" 1 0 -48.9166666666667 -24.25 304.919697346443 27.6362495422363 184 49
"184" 2 0 -48.25 -22.9166666666667 242.11182645545 29.3367500305176 219 28
"185" 1 0 -42.25 -22.25 240.698231003815 26.607250213623 234 30
"186" 3 0 -49.25 -26.9166666666667 325.93633711465 28.5687503814697 194 97
"187" 2 0 -39.75 -17.75 170.264610150743 31.0189990997314 153 65
"188" 2 0 -40.0833333333333 -18.9166666666667 188.922020091559 31.2089996337891 176 40
"189" 2 0 -49.25 -26.5833333333333 309.821067238585 27.0645008087158 201 86
"190" 2 0 -44.25 -18.5833333333333 213.153230290932 32.0550003051758 231 5
"191" 3 0 -50.9166666666667 -25.25 303.049943290102 27.1280002593994 173 82
"192" 1 0 -50.9166666666667 -24.5833333333333 292.601150641619 27.5337505340576 168 81
"193" 3 0 -47.75 -24.9166666666667 291.310206083708 30.2840900421143 281 75
"194" 3 0 -53.75 -32.75 438.227577069366 28.398250579834 130 88
"195" 1 0 -51.0833333333333 -24.0833333333333 280.515851098656 27.9787502288818 186 76
"196" 1 0 -51.4166666666667 -28.25 331.141677165175 26.1725006103516 190 115
"197" 3 0 -54.4166666666667 -26.75 370.515085328016 29.3842506408691 173 105
"198" 2 0 -49.25 -28.0833333333333 311.148216529047 27.693000793457 194 82
"199" 2 0 -50.5833333333333 -24.5833333333333 289.3733414735 27.482250213623 161 75
"200" 2 0 -44.75 -20.9166666666667 214.710687684546 28.5949993133545 363 18
"201" 2 0 -53.5833333333333 -26.75 366.98931682618 29.0884990692139 200 138
"202" 1 0 -44.5833333333333 -22.0833333333333 234.537997031995 26.9979991912842 314 24
"203" 1 0 -42.5833333333333 -18.9166666666667 223.099497660774 29.286750793457 284 16
"204" 2 0 -52.4166666666667 -28.5833333333333 360.585987368332 27.9857501983643 173 125
"205" 3 0 -53.75 -30.9166666666667 417.203317687974 29.1212501525879 147 107
"206" 3 0 -44.5833333333333 -23.4166666666667 225.329811580546 30.3095245361328 286 94
"207" 3 0 -49.75 -24.25 284.228871164754 28.5107498168945 206 60
"208" 1 0 -41.9166666666667 -20.75 231.868717260803 29.3707504272461 223 21
"209" 1 0 -48.25 -27.25 315.813945383884 28.2999992370605 198 106
"210" 1 0 -51.25 -27.4166666666667 332.861401949889 26.3642501831055 185 102
"211" 1 0 -50.4166666666667 -25.5833333333333 310.515412088745 26.5485000610352 182 74
"212" 3 0 -48.4166666666667 -22.5833333333333 244.431855444889 30.2854995727539 226 28
"213" 2 0 -52.5833333333333 -25.5833333333333 335.422633961997 28.3077507019043 202 103
"214" 1 0 -50.9166666666667 -25.75 305.393684885844 25.5027503967285 176 88
"215" 1 0 -48.9166666666667 -28.0833333333333 304.366488481311 27.4307498931885 203 84
"216" 2 0 -52.4166666666667 -32.75 406.75579711495 26.8592586517334 116 71
"217" 1 0 -51.25 -23.9166666666667 267.941412670875 26.9955005645752 192 73
"218" 3 0 -46.5833333333333 -21.5833333333333 227.196457173672 29.1152496337891 269 18
"219" 3 0 -45.9166666666667 -19.9166666666667 247.492592459351 31.7077503204346 280 12
"220" 2 0 -54.0833333333333 -30.25 416.011091221946 30.03125 149 118
"221" 3 0 -47.25 -24.5833333333333 274.652338196894 29.7560691833496 277 88
"222" 1 0 -50.4166666666667 -25.75 320.861741855744 26.8122501373291 184 75
"223" 1 0 -51.4166666666667 -25.75 290.445638393296 24.5485000610352 183 101
"224" 3 0 -51.0833333333333 -29.4166666666667 333.568720980884 26.3610000610352 165 116
"225" 2 0 -51.75 -28.75 346.25632775975 26.7964992523193 179 117
"226" 3 0 -53.75 -28.5833333333333 374.753199534705 29.7832508087158 184 128
"227" 1 0 -44.4166666666667 -21.25 221.892730486006 28.7397499084473 318 14
"228" 3 0 -49.25 -24.4166666666667 298.326862577249 27.8337497711182 191 58
"229" 2 0 -42.75 -19.5833333333333 211.833720147187 30.4147491455078 278 12
"230" 3 0 -49.25 -23.25 250.508416150413 29.742000579834 186 38
"231" 1 0 -48.5833333333333 -22.25 243.152849693272 30.222749710083 221 23
"232" 1 0 -48.9166666666667 -23.75 271.460157913422 28.8465003967285 177 43
"233" 1 0 -48.75 -24.25 309.880505480745 27.7157497406006 187 49
"234" 2 0 -44.9166666666667 -23.25 247.266330418422 27.4584999084473 290 59
"235" 2 0 -50.4166666666667 -26.5833333333333 322.822015827585 25.3169994354248 166 85
"236" 2 0 -51.5833333333333 -22.9166666666667 263.584864014161 30.0322494506836 177 45
"237" 1 0 -41.0833333333333 -19.9166666666667 202.374918754058 30.9384994506836 202 32
"238" 3 0 -44.9166666666667 -22.0833333333333 263.065801160641 29.3322505950928 294 19
"239" 2 0 -50.5833333333333 -24.4166666666667 294.884606729862 28.1722507476807 156 71
"240" 2 0 -52.4166666666667 -31.75 403.254944323703 28.6362495422363 138 78
"241" 2 0 -42.4166666666667 -21.0833333333333 237.652796813679 31.5405006408691 256 18
"242" 2 0 -47.75 -22.4166666666667 244.284961912682 28.7102508544922 251 23
"243" 1 0 -49.25 -27.25 316.945320402825 26.8662490844727 197 94
"244" 3 0 -42.0833333333333 -16.5833333333333 177.162599441652 30.8945007324219 182 5
"245" 1 0 -44.5833333333333 -22.9166666666667 237.495865944757 27.7224998474121 263 35
"246" 2 0 -46.9166666666667 -21.75 230.530665610755 29.5400009155273 249 19
"247" 3 0 -48.75 -28.0833333333333 306.508276214764 28.5648860931396 190 85
"248" 3 0 -44.75 -22.75 255.628472534439 26.4419994354248 275 28
"249" 1 0 -40.5833333333333 -16.75 171.91507275253 28.9650001525879 144 38
"250" 3 0 -43.5833333333333 -17.5833333333333 182.067731089451 30.3600006103516 229 8
"251" 1 0 -41.5833333333333 -17.4166666666667 186.18125717057 29.8784999847412 183 16
"252" 1 0 -41.25 -16.75 179.040873015986 29.1647491455078 165 15
"253" 2 0 -46.9166666666667 -20.9166666666667 218.552533469027 28.8050003051758 279 16
"254" 1 0 -51.75 -31.0833333333333 387.716065292538 27.955249786377 133 88
"255" 3 0 -52.5833333333333 -25.9166666666667 335.166751058081 27.7707500457764 201 114
"256" 3 0 -48.0833333333333 -22.75 244.92576628372 29.6832504272461 229 27
"257" 1 0 -39.25 -17.75 163.575702510965 30.2322044372559 183 75
"258" 2 0 -49.9166666666667 -22.75 276.784784616251 30.6767501831055 203 40
"259" 1 0 -51.75 -22.5833333333333 255.205445559512 31.4990005493164 177 42
"260" 2 0 -49.4166666666667 -21.5833333333333 245.871748015598 31.4252490997314 218 21
"261" 2 0 -49.4166666666667 -24.4166666666667 291.695364185956 27.7377490997314 203 62
"262" 1 0 -53.4166666666667 -27.0833333333333 401.861282798179 30.4260005950928 204 140
"263" 1 0 -53.75 -27.25 396.171832823797 30.2062492370605 195 138
"264" 3 0 -40.75 -19.0833333333333 190.643680619578 31.4107494354248 187 28
"265" 1 0 -52.0833333333333 -27.75 351.146645366679 28.1124992370605 199 123
"266" 3 0 -49.0833333333333 -26.0833333333333 298.292637767774 25.2162494659424 205 84
"267" 2 0 -51.25 -26.75 321.457522277785 24.982250213623 171 99
"268" 2 0 -52.0833333333333 -23.75 298.617889655087 29.6014995574951 183 61
"269" 2 0 -41.9166666666667 -22.25 220.315911770803 31.4207496643066 204 32
"270" 1 0 -44.4166666666667 -22.25 241.427651632247 27.2137508392334 285 21
"271" 1 0 -40.5833333333333 -19.25 191.959600487842 30.7887496948242 189 37
"272" 3 0 -52.5833333333333 -31.25 405.706092379423 27.2430000305176 143 91
"273" 1 0 -51.4166666666667 -26.5833333333333 319.630336084946 24.9734992980957 173 106
"274" 1 0 -45.5833333333333 -20.5833333333333 235.432375498784 30.1792507171631 283 18
"275" 2 0 -51.0833333333333 -24.5833333333333 293.447443473544 27.7814998626709 175 82
"276" 1 0 -40.9166666666667 -17.4166666666667 185.176375065395 31.746000289917 172 27
"277" 1 0 -46.0833333333333 -23.9166666666667 241.012538338348 30.8093757629395 360 127
"278" 2 0 -51.25 -22.9166666666667 265.863094366438 30.5935001373291 181 46
"279" 2 0 -54.4166666666667 -29.75 408.950749784358 30.11549949646 157 126
"280" 2 0 -43.75 -17.75 169.04776439984 27.4815006256104 243 8
"281" 3 0 -52.5833333333333 -32.0833333333333 406.259323679616 28.1005001068115 130 77
"282" 3 0 -54.25 -29.9166666666667 410.908466564492 30.0172500610352 156 125
"283" 1 0 -48.0833333333333 -24.5833333333333 299.356711916307 30.9682502746582 237 53
"284" 2 0 -43.25 -20.25 222.42859056949 29.951000213623 285 14
"285" 3 0 -53.4166666666667 -32.5833333333333 428.689608307143 28.3384990692139 129 84
"286" 3 0 -39.9166666666667 -19.4166666666667 194.394287488748 30.9852504730225 185 45
"287" 3 0 -46.25 -22.0833333333333 220.765844313065 28.0277500152588 297 29
"288" 2 0 -45.4166666666667 -20.25 224.723296977697 29.9624996185303 288 16
"289" 2 0 -54.75 -29.4166666666667 401.018650243891 29.7115001678467 163 131
"290" 1 0 -42.9166666666667 -22.5833333333333 224.785468985507 31.861499786377 197 32
"291" 1 0 -51.4166666666667 -26.4166666666667 320.653979816223 25.3400001525879 171 107
"292" 3 0 -50.75 -30.4166666666667 350.421136760982 27.8037967681885 145 88
"293" 3 0 -54.25 -30.5833333333333 419.957605800025 29.5685005187988 148 114
"294" 1 0 -44.25 -20.9166666666667 212.136215220575 28.2362499237061 308 15
"295" 2 0 -55.0833333333333 -30.75 437.66195248708 29.9462490081787 138 110
"296" 3 0 -47.5833333333333 -23.75 252.43656361622 26.5590000152588 220 44
"297" 1 0 -49.5833333333333 -24.9166666666667 302.855394397272 28.8627490997314 177 73
"298" 1 0 -54.5833333333333 -31.9166666666667 449.776065071668 29.3877506256104 126 95
"299" 1 0 -53.4166666666667 -25.0833333333333 315.827532586315 28.2159996032715 202 100
"300" 2 0 -47.25 -24.25 263.274087748032 29.5267505645752 271 69
"301" 1 0 -45.4166666666667 -19.5833333333333 217.841872450436 31.6542491912842 280 10
"302" 3 0 -47.9166666666667 -22.9166666666667 246.066868994476 29.64674949646 215 25
"303" 3 0 -52.5833333333333 -28.0833333333333 358.46968625149 28.6842498779297 193 124
"304" 3 0 -42.75 -21.4166666666667 228.409292547206 31.5709991455078 240 13
"305" 2 0 -49.75 -27.9166666666667 303.767847684023 23.673999786377 175 102
"306" 1 0 -40.25 -20.4166666666667 202.14049979266 31.2975006103516 198 54
"307" 3 0 -42.75 -17.25 177.525509391785 30.5319995880127 222 5
"308" 2 0 -43.25 -18.75 236.396126815754 29.6432495117188 284 13
"309" 1 0 -42.0833333333333 -20.25 228.979656503513 29.0949993133545 233 20
"310" 2 0 -50.75 -28.25 317.34394607779 25.3570003509521 161 107
"311" 3 0 -51.25 -30.5833333333333 368.768498544662 28.072940826416 130 91
"312" 1 0 -53.0833333333333 -25.9166666666667 337.126178194627 28.1917495727539 222 115
"313" 3 0 -53.25 -28.9166666666667 377.180193043937 28.8904991149902 157 113
"314" 1 0 -54.5833333333333 -27.75 395.249022183319 31.324499130249 180 128
"315" 1 0 -40.9166666666667 -20.0833333333333 205.703444910216 27.794750213623 206 45
"316" 3 0 -48.75 -23.9166666666667 288.911243468766 28.9780006408691 177 45
"317" 2 0 -52.5833333333333 -27.25 351.513251390312 28.394250869751 197 126
"318" 1 0 -54.75 -31.5833333333333 447.714275875523 29.9502506256104 128 102
"319" 1 0 -53.75 -29.75 402.959139123792 29.9072494506836 152 127
"320" 3 0 -54.0833333333333 -29.9166666666667 409.154111177694 30.0657501220703 154 126
"321" 2 0 -50.5833333333333 -24.25 289.57903841823 28.0249996185303 162 70
"322" 2 0 -51.0833333333333 -25.25 300.777984649127 27.0114994049072 177 90
"323" 3 0 -53.9166666666667 -28.4166666666667 384.01318854004 30.130500793457 186 132
"324" 2 0 -40.75 -17.5833333333333 182.602438647588 31.8582496643066 172 28
"325" 3 0 -42.25 -21.4166666666667 246.76343494957 31.8997497558594 248 20
"326" 2 0 -55.0833333333333 -30.25 427.453315615919 30.0587501525879 149 114
"327" 3 0 -49.9166666666667 -27.75 313.956651256737 24.4397506713867 166 100
"328" 3 0 -41.5833333333333 -21.25 222.053849313996 31.4977493286133 197 22
"329" 3 0 -41.25 -20.9166666666667 214.20839018743 30.8540000915527 190 29
"330" 1 0 -53.25 -27.0833333333333 399.618147923456 30.2665004730225 207 139
"331" 3 0 -51.4166666666667 -27.25 335.671769117022 26.6340007781982 191 101
"332" 3 0 -40.4166666666667 -17.4166666666667 179.203710848062 31.6280002593994 166 36
"333" 3 0 -51.75 -30.9166666666667 387.622063403064 28.173999786377 133 92
"334" 2 0 -48.9166666666667 -21.75 231.38640941519 31.205249786377 230 19
"335" 1 0 -52.5833333333333 -32.25 407.783755975132 27.8519992828369 126 75
"336" 2 0 -40.0833333333333 -19.9166666666667 196.080935212595 30.9874134063721 191 50
"337" 2 0 -53.4166666666667 -28.5833333333333 370.282098432732 29.289249420166 177 123
"338" 3 0 -51.0833333333333 -23.75 272.947512094525 28.3102493286133 198 67
"339" 2 0 -41.75 -21.5833333333333 229.116020904658 31.9230003356934 196 19
"340" 1 0 -52.25 -28.9166666666667 352.035101388267 26.576000213623 163 112
"341" 2 0 -41.75 -20.0833333333333 217.635494511083 30.2477493286133 215 21
"342" 1 0 -49.25 -23.75 271.20154761022 29.5984992980957 177 46
"343" 3 0 -41.75 -17.25 179.919440405238 29.1477508544922 187 12
"344" 3 0 -42.9166666666667 -18.4166666666667 236.417403698891 29.3075008392334 286 11
"345" 2 0 -42.25 -21.9166666666667 242.707343148639 30.9834995269775 238 20
"346" 1 0 -45.75 -19.5833333333333 224.297395812032 31.5717506408691 282 10
"347" 3 0 -53.75 -28.0833333333333 378.95809384113 30.1042499542236 190 131
"348" 2 0 -41.25 -21.25 210.772213430841 32.2005004882812 176 27
"349" 1 0 -43.25 -21.9166666666667 222.315387990146 28.9069995880127 251 21
"350" 1 0 -51.4166666666667 -27.75 337.550516136554 26.8064994812012 191 108
"351" 2 0 -47.9166666666667 -24.5833333333333 297.28469082588 30.9172496795654 240 55
"352" 2 0 -44.75 -20.0833333333333 209.589978753464 30.621000289917 310 13
"353" 1 0 -50.9166666666667 -25.9166666666667 317.09125062821 25.9130001068115 171 90
"354" 3 0 -50.4166666666667 -24.25 280.175400554818 27.6019992828369 170 68
"355" 3 0 -50.25 -22.75 277.097213993264 30.8567504882812 190 41
"356" 1 0 -55.0833333333333 -30.9166666666667 440.273193492205 29.8327503204346 137 108
"357" 1 0 -40.9166666666667 -22.0833333333333 194.776486742607 30.533332824707 149 27
"358" 1 0 -52.9166666666667 -29.75 396.027523098919 29.2954998016357 153 95
"359" 1 0 -53.0833333333333 -31.4166666666667 409.279064240985 27.6599998474121 142 93
"360" 2 0 -49.0833333333333 -28.25 314.014983295938 28.7222499847412 181 81
"361" 2 0 -54.5833333333333 -30.25 419.957140193693 29.9812507629395 150 119
"362" 1 0 -46.25 -19.9166666666667 214.930091722844 28.2877502441406 306 15
"363" 3 0 -46.0833333333333 -20.75 232.565944553359 29.1809997558594 284 17
"364" 1 0 -52.0833333333333 -31.9166666666667 402.892476483216 27.4358615875244 128 67
"365" 1 0 -43.5833333333333 -20.75 217.971069993097 29.472749710083 271 17
"366" 2 0 -47.25 -22.75 242.093949199827 28.9909992218018 235 25
"367" 3 0 -42.75 -17.9166666666667 199.868128657812 28.6707496643066 256 9
"368" 2 0 -53.75 -31.25 416.598549437695 28.6082496643066 146 102
"369" 2 0 -54.75 -31.75 448.905717207185 29.4377498626709 127 100
"370" 3 0 -52.9166666666667 -30.9166666666667 417.237826986801 28.3172492980957 142 97
"371" 2 0 -52.9166666666667 -30.4166666666667 415.234810349856 29.1872501373291 135 103
"372" 2 0 -52.5833333333333 -30.9166666666667 414.400280371646 28.5949993133545 143 94
"373" 1 0 -49.25 -27.9166666666667 297.240497905307 24.5372505187988 202 98
"374" 1 0 -54.0833333333333 -25.75 360.23325890997 29.6184997558594 206 112
"375" 2 0 -39.5833333333333 -16.5833333333333 157.864722329306 30.2367496490479 143 62
"376" 1 0 -49.0833333333333 -22.75 234.133166602592 30.10325050354 199 25
"377" 2 0 -45.5833333333333 -22.75 297.153299712722 26.5667495727539 314 34
"378" 3 0 -45.0833333333333 -23.4166666666667 244.080558542274 29.5547695159912 318 83
"379" 2 0 -52.75 -26.4166666666667 332.763838093319 27.7742500305176 205 133
"380" 1 0 -54.0833333333333 -29.5833333333333 397.19670978851 29.4874992370605 158 130
"381" 1 0 -52.9166666666667 -32.0833333333333 416.178379124223 28.513500213623 131 82
"382" 3 0 -54.0833333333333 -32.4166666666667 451.542899590686 28.7204990386963 126 86
"383" 2 0 -41.9166666666667 -17.4166666666667 180.025746419323 29.382999420166 197 11
"384" 3 0 -45.0833333333333 -19.0833333333333 198.022883805023 32.0834999084473 267 9
"385" 2 0 -41.0833333333333 -18.4166666666667 185.665810811508 30.1595001220703 188 26
"386" 1 0 -42.4166666666667 -19.75 207.674095187988 31.6840000152588 238 12
"387" 2 0 -41.4166666666667 -20.0833333333333 211.662856802138 29.6429996490479 211 29
"388" 1 0 -44.5833333333333 -22.4166666666667 242.997149261353 27.1714992523193 295 26
"389" 3 0 -47.4166666666667 -24.0833333333333 262.618194267674 27.5597496032715 262 70
"390" 1 0 -53.5833333333333 -26.25 333.634357105016 28.0297508239746 202 124
"391" 1 0 -41.25 -18.5833333333333 185.660035221488 30.8649997711182 191 22
"392" 3 0 -52.0833333333333 -27.0833333333333 335.600203755478 27.3920001983643 206 129
"393" 3 0 -41.0833333333333 -18.0833333333333 186.454997423017 31.7622489929199 180 24
"394" 1 0 -48.25 -23.75 268.516174729761 28.4252490997314 193 41
"395" 2 0 -44.0833333333333 -21.5833333333333 215.713107344545 27.8187503814697 290 17
"396" 1 0 -55.0833333333333 -28.9166666666667 404.363409274906 30.5354995727539 174 128
"397" 3 0 -43.25 -21.25 222.21151573737 30.224250793457 257 16
"398" 1 0 -41.4166666666667 -17.75 188.352903508422 30.9564990997314 180 20
"399" 2 0 -51.75 -25.4166666666667 294.761428856112 26.4484996795654 191 105
"400" 1 0 -50.5833333333333 -27.25 328.219024090906 25.0647506713867 166 98
"401" 1 0 -50.75 -25.4166666666667 305.037243319036 26.6455001831055 175 79
"402" 1 0 -44.4166666666667 -19.5833333333333 201.043152684014 30.8684997558594 281 11
"403" 2 0 -48.0833333333333 -24.9166666666667 295.83466520125 29.3899993896484 285 67
"404" 1 0 -52.75 -32.9166666666667 407.033077349989 26.6665000915527 120 76
"405" 1 0 -52.9166666666667 -29.5833333333333 377.883258267997 27.6359996795654 159 92
"406" 2 0 -53.4166666666667 -29.75 402.035798479923 29.8974990844727 147 119
"407" 2 0 -52.75 -28.0833333333333 361.68705991223 28.7862491607666 185 125
"408" 2 0 -41.75 -20.9166666666667 230.433713442357 29.769250869751 217 24
"409" 2 0 -45.5833333333333 -20.0833333333333 240.166431730097 31.826000213623 284 14
"410" 1 0 -52.75 -24.4166666666667 293.306797135778 28.9112491607666 227 78
"411" 3 0 -48.0833333333333 -24.0833333333333 286.805106102313 26.8102493286133 198 45
"412" 3 0 -52.75 -32.5833333333333 406.485210745923 26.8645000457764 121 75
"413" 1 0 -49.9166666666667 -25.5833333333333 303.518359409085 26.7727508544922 182 74
"414" 1 0 -42.0833333333333 -22.75 215.885073338957 30.9004993438721 158 33
"415" 2 0 -54.0833333333333 -26.0833333333333 363.523834720018 29.1192493438721 194 111
"416" 1 0 -49.0833333333333 -23.9166666666667 286.007899019602 29.3705005645752 173 46
"417" 1 0 -42.25 -16.75 174.588392046997 31.2474994659424 189 5
"418" 3 0 -48.5833333333333 -24.5833333333333 314.874734518886 29.8962497711182 202 57
"419" 2 0 -54.5833333333333 -29.9166666666667 414.843014578998 30.1317501068115 155 123
"420" 2 0 -43.25 -20.0833333333333 220.05560036707 29.7124996185303 300 14
"421" 3 0 -49.4166666666667 -29.0833333333333 337.395093619653 28.7577781677246 144 83
"422" 2 0 -53.75 -27.75 385.04331623232 30.3859996795654 193 134
"423" 1 0 -52.4166666666667 -26.75 335.882508428974 28.4559993743896 230 152
"424" 3 0 -54.4166666666667 -30.0833333333333 414.781548854865 29.9475002288818 154 122
"425" 1 0 -52.5833333333333 -29.5833333333333 380.885621399132 28.3447494506836 170 69
"426" 3 0 -50.5833333333333 -21.9166666666667 270.407159148962 31.0047492980957 208 27
"427" 3 0 -40.75 -19.75 196.896692509875 30.6509990692139 198 39
"428" 2 0 -53.5833333333333 -24.9166666666667 309.602215520394 28.2912502288818 204 86
"429" 2 0 -44.25 -22.25 240.308520085739 28.7169990539551 259 18
"430" 3 0 -41.9166666666667 -21.9166666666667 232.669399330876 28.4669990539551 220 28
"431" 3 0 -41.5833333333333 -22.0833333333333 212.001350115211 32.255500793457 178 33
"432" 3 0 -49.5833333333333 -21.75 259.535786712094 31.4027500152588 207 24
"433" 1 0 -42.25 -19.9166666666667 223.364140873512 30.2029991149902 234 14
"434" 2 0 -43.4166666666667 -19.5833333333333 219.696780209419 30.2945003509521 319 11
"435" 2 0 -41.0833333333333 -18.75 186.399824745365 30.956750869751 189 25
"436" 1 0 -40.5833333333333 -17.25 181.223797135413 31.5795001983643 170 34
"437" 1 0 -41.25 -19.0833333333333 188.904667681584 32.2369995117188 192 22
"438" 2 0 -45.25 -23.5833333333333 246.647062277562 29.8293743133545 303 82
"439" 2 0 -44.9166666666667 -21.5833333333333 225.162132400477 29.1135005950928 307 18
"440" 3 0 -50.0833333333333 -29.5833333333333 324.789130479978 27.1630001068115 153 100
"441" 3 0 -49.4166666666667 -27.4166666666667 316.798765180262 26.0384998321533 194 96
"442" 2 0 -49.4166666666667 -28.25 312.101220349311 27.6637496948242 187 84
"443" 1 0 -46.75 -20.9166666666667 220.010521055047 28.2674999237061 280 16
"444" 2 0 -45.5833333333333 -19.9166666666667 236.093716830077 31.9217491149902 288 12
"445" 1 0 -49.4166666666667 -26.5833333333333 308.093214771943 25.4729995727539 187 83
"446" 3 0 -46.75 -22.5833333333333 232.013807567003 27.605749130249 241 26
"447" 1 0 -50.4166666666667 -23.4166666666667 269.998093130193 29.8349990844727 168 62
"448" 2 0 -44.5833333333333 -19.4166666666667 206.742098781115 31.4217510223389 261 10
"449" 1 0 -52.5833333333333 -26.9166666666667 339.105307541934 28.080249786377 215 150
"450" 1 0 -41.0833333333333 -18.9166666666667 188.739784593683 30.0572490692139 194 27
"451" 3 0 -41.9166666666667 -17.5833333333333 184.995416924733 29.6025009155273 201 12
"452" 1 0 -40.25 -19.0833333333333 192.297496788418 31.3134994506836 182 38
"453" 1 0 -49.75 -24.5833333333333 288.567014097012 27.2637500762939 209 72
"454" 1 0 -53.5833333333333 -28.4166666666667 373.158918175627 29.597749710083 185 128
"455" 3 0 -43.4166666666667 -19.75 216.503413325226 30.3439998626709 318 13
"456" 1 0 -49.9166666666667 -29.4166666666667 325.747482673837 27.4620609283447 152 98
"457" 1 0 -43.5833333333333 -19.4166666666667 202.174383007683 27.4522495269775 318 9
"458" 2 0 -52.4166666666667 -29.4166666666667 362.900411862656 26.7975006103516 181 62
"459" 3 0 -54.25 -28.4166666666667 390.375183906009 30.6312503814697 186 136
"460" 3 0 -43.75 -22.5833333333333 235.789090323721 30.3657493591309 240 33
"461" 3 0 -52.75 -27.4166666666667 358.331877613203 29.1937503814697 194 125
"462" 3 0 -43.75 -20.9166666666667 207.01347498578 28.2285003662109 278 18
"463" 1 0 -48.5833333333333 -27.4166666666667 314.532036147378 28.6880741119385 188 99
"464" 1 0 -39.9166666666667 -19.25 193.807963092077 31.1907501220703 182 45
"465" 3 0 -41.25 -18.25 185.952284172365 31.6242504119873 184 21
"466" 2 0 -48.9166666666667 -26.0833333333333 290.311383476965 26.9267501831055 237 85
"467" 2 0 -51.5833333333333 -29.75 363.518289970471 28.5867500305176 153 99
"468" 1 0 -51.9166666666667 -22.9166666666667 267.039302596316 30.4169998168945 169 46
"469" 3 0 -49.9166666666667 -24.4166666666667 279.222445522636 26.918249130249 205 69
"470" 1 0 -42.5833333333333 -18.5833333333333 231.04574638 29.1502494812012 285 14
"471" 2 0 -39.9166666666667 -17.9166666666667 174.141608593882 31.1597499847412 160 60
"472" 3 0 -50.75 -31.25 371.465151363164 27.3999996185303 135 81
"473" 1 0 -50.75 -22.0833333333333 267.872643993429 31.3904991149902 202 32
"474" 3 0 -52.5833333333333 -23.4166666666667 285.12967092111 30.2182502746582 159 54
"475" 3 0 -54.9166666666667 -31.5833333333333 449.43048480248 29.726749420166 126 104
"476" 3 0 -49.75 -27.75 315.812351512571 24.9072494506836 175 99
"477" 2 0 -40.0833333333333 -16.75 165.206033709756 29.6377506256104 123 50
"478" 1 0 -49.5833333333333 -28.5833333333333 310.398965551805 26.6079998016357 174 94
"479" 2 0 -49.25 -23.9166666666667 282.671971064887 29.6765003204346 175 47
"480" 3 0 -41.0833333333333 -21.5833333333333 198.71391492755 32.1069221496582 151 26
"481" 3 0 -54.4166666666667 -27.25 380.618836787065 30.2520008087158 175 121
"482" 2 0 -51.75 -28.4166666666667 340.012605330417 26.5682506561279 195 120
"483" 3 0 -51.4166666666667 -29.75 359.219703460313 28.7759990692139 149 104
"484" 2 0 -40.0833333333333 -17.25 171.606461782357 31.1557502746582 149 48
"485" 2 0 -42.75 -20.0833333333333 220.910226649558 31.9009990692139 255 13
"486" 2 0 -44.0833333333333 -19.4166666666667 203.750388838543 31.0427494049072 269 10
"487" 2 0 -42.9166666666667 -20.75 239.16118590121 29.6389999389648 251 20
"488" 3 0 -47.0833333333333 -24.25 257.888311027193 29.5012493133545 284 71
"489" 1 0 -44.9166666666667 -22.25 271.431016637267 29.3857498168945 281 18
"490" 2 0 -45.9166666666667 -21.9166666666667 237.682221259225 29.338249206543 292 29
"491" 2 0 -50.0833333333333 -29.0833333333333 298.958783166419 23.5387496948242 178 128
"492" 2 0 -39.75 -17.5833333333333 169.235331178074 31.0997505187988 140 60
"493" 1 0 -45.9166666666667 -20.9166666666667 233.477867296248 29.1275005340576 286 20
"494" 2 0 -49.5833333333333 -24.0833333333333 284.407445858221 29.3137493133545 183 49
"495" 1 0 -49.0833333333333 -24.75 313.989081171059 28.8142490386963 169 60
"496" 1 0 -53.25 -31.5833333333333 411.001771501156 27.6472492218018 140 92
"497" 1 0 -45.5833333333333 -22.5833333333333 281.106211717953 27.6702499389648 299 30
"498" 1 0 -50.0833333333333 -24.0833333333333 280.317112017524 28.6644992828369 178 58
"499" 2 0 -41.25 -16.5833333333333 179.304507559697 29.8312492370605 167 13
"500" 3 0 -52.0833333333333 -26.9166666666667 324.893413831731 26.7532501220703 211 127
"501" 3 0 -53.0833333333333 -26.25 324.192130187244 28.2122497558594 210 129
"502" 1 0 -45.75 -19.9166666666667 241.917242817853 31.9032497406006 282 12
"503" 2 0 -44.9166666666667 -19.75 213.048221328163 31.2474994659424 296 10
"504" 1 0 -39.75 -18.9166666666667 187.284120805559 31.2260265350342 171 49
"505" 2 0 -44.0833333333333 -18.25 194.25165836434 30.6462497711182 220 4
"506" 1 0 -48.25 -23.4166666666667 249.452501797228 28.8882503509521 199 33
"507" 2 0 -49.4166666666667 -24.0833333333333 287.407844477746 29.257999420166 182 47
"508" 3 0 -43.9166666666667 -21.5833333333333 207.865088503621 27.1777496337891 287 18
"509" 2 0 -41.0833333333333 -21.0833333333333 211.660202581322 31.8007507324219 174 32
"510" 1 0 -39.9166666666667 -17.5833333333333 171.297826933265 31.2434997558594 141 51
"511" 2 0 -51.5833333333333 -30.25 368.411249251295 27.6947498321533 141 104
"512" 2 0 -49.5833333333333 -24.4166666666667 288.423471223972 27.7367496490479 207 65
"513" 1 0 -51.0833333333333 -22.75 267.744709396624 31.3770008087158 191 40
"514" 1 0 -40.0833333333333 -16.4166666666667 161.663565359552 28.3225002288818 117 49
"515" 2 0 -49.75 -22.5833333333333 269.308431454924 30.8662490844727 209 38
"516" 2 0 -48.5833333333333 -24.25 306.967061747676 27.3432502746582 197 48
"517" 1 0 -48.9166666666667 -23.0833333333333 233.353771977149 29.2029991149902 200 34
"518" 1 0 -44.5833333333333 -19.0833333333333 203.701515732591 31.2099990844727 272 9
"519" 3 0 -54.25 -29.4166666666667 392.812076370997 29.4072494506836 161 131
"520" 3 0 -50.25 -24.25 278.258807675335 27.8075008392334 179 66
"521" 1 0 -53.25 -24.75 312.265984037889 28.6235008239746 218 87
"522" 2 0 -42.5833333333333 -19.25 202.455484728581 30.9482498168945 266 14
"523" 2 0 -46.4166666666667 -23.5833333333333 242.41066424181 26.5354995727539 248 50
"524" 1 0 -52.9166666666667 -30.5833333333333 414.7820428298 28.6375007629395 136 103
"525" 3 0 -45.4166666666667 -22.0833333333333 258.296527676361 28.6877498626709 301 22
"526" 1 0 -51.0833333333333 -29.25 330.792592881279 25.8282508850098 174 120
"527" 2 0 -48.25 -23.5833333333333 258.364749284427 28.6307506561279 193 38
"528" 3 0 -54.0833333333333 -29.25 386.857535164656 29.3137493133545 165 132
"529" 2 0 -41.4166666666667 -21.25 215.18988189044 31.8850002288818 187 24
"530" 3 0 -52.4166666666667 -27.9166666666667 352.673044845105 28.480749130249 197 122
"531" 1 0 -42.0833333333333 -21.25 241.464018282497 31.9799995422363 236 18
"532" 3 0 -40.5833333333333 -18.5833333333333 185.615827576915 31.6975002288818 179 33
"533" 2 0 -48.9166666666667 -23.5833333333333 258.511811530805 29.1490001678467 184 38
"534" 3 0 -50.75 -30.75 352.494619920623 27.4288291931152 142 88
"535" 2 0 -49.9166666666667 -27.4166666666667 326.429613961231 26.2792491912842 173 99
"536" 2 0 -43.4166666666667 -18.25 189.987454229255 27.2077503204346 269 7
"537" 2 0 -40.9166666666667 -16.9166666666667 182.608569085611 30.5424995422363 161 23
"538" 2 0 -47.75 -24.75 293.634485707459 30.3641948699951 260 73
"539" 2 0 -51.9166666666667 -28.25 343.251701523905 26.835750579834 200 122
"540" 3 0 -51.5833333333333 -29.0833333333333 349.254937279306 27.0732498168945 155 114
"541" 1 0 -51.5833333333333 -30.4166666666667 369.358625772012 27.6402492523193 137 102
"542" 3 0 -51.5833333333333 -24.0833333333333 295.585200618997 29.5777492523193 201 72
"543" 3 0 -51.9166666666667 -25.9166666666667 310.059424587483 25.6215000152588 191 113
"544" 1 0 -45.5833333333333 -23.0833333333333 244.386531694172 28.5594997406006 218 23
"545" 2 0 -49.4166666666667 -25.25 289.507492904973 26.7432498931885 218 78
"546" 2 0 -42.5833333333333 -21.0833333333333 235.823302203127 29.6322498321533 248 18
"547" 3 0 -49.5833333333333 -25.9166666666667 309.337915574095 26.3034992218018 154 73
"548" 3 0 -42.25 -18.5833333333333 208.087272045797 30.1257495880127 248 17
"549" 2 0 -49.4166666666667 -23.9166666666667 279.409775369449 29.6574993133545 177 49
"550" 2 0 -41.75 -21.75 227.282827633688 29.3972492218018 206 26
"551" 1 0 -48.4166666666667 -22.75 243.023717515301 29.7797508239746 227 28
"552" 2 0 -49.4166666666667 -22.75 252.173294931969 30.5592498779297 204 32
"553" 1 0 -54.9166666666667 -31.25 444.175678878865 29.6844997406006 133 105
"554" 1 0 -45.75 -22.25 255.142870963263 29.9270000457764 272 26
"555" 2 0 -49.25 -28.9166666666667 329.11437224161 29.0262298583984 150 81
"556" 3 0 -48.75 -22.25 235.139663250347 30.6497497558594 214 24
"557" 2 0 -50.25 -29.9166666666667 336.833249771438 27.7387504577637 149 94
"558" 3 0 -53.9166666666667 -29.5833333333333 392.315765573014 29.1527500152588 156 131
"559" 2 0 -42.9166666666667 -17.4166666666667 181.845869041714 30.2317504882812 231 5
"560" 2 0 -52.0833333333333 -26.4166666666667 323.114671370609 26.1302509307861 208 114
"561" 2 0 -52.5833333333333 -24.4166666666667 285.373693152818 28.2877502441406 228 81
"562" 1 0 -54.25 -26.75 369.243882751193 29.2835006713867 180 114
"563" 1 0 -48.4166666666667 -23.75 269.918684412572 28.8067493438721 190 39
"564" 3 0 -43.5833333333333 -20.0833333333333 196.39187342766 26.6782493591309 321 18
"565" 2 0 -54.75 -29.5833333333333 409.579376116064 30.328498840332 160 127
"566" 1 0 -54.0833333333333 -30.4166666666667 416.005798280991 29.5685005187988 148 114
"567" 2 0 -46.75 -20.4166666666667 217.384390165517 28.8577499389648 290 13
"568" 2 0 -43.9166666666667 -18.25 180.676270169232 27.7742500305176 265 4
"569" 1 0 -49.75 -24.4166666666667 285.698756726527 27.4820003509521 208 68
"570" 3 0 -42.25 -20.9166666666667 236.307758549382 29.4340000152588 239 22
"571" 1 0 -50.25 -23.4166666666667 279.483968986263 30.2647495269775 165 66
"572" 3 0 -53.75 -26.0833333333333 350.475858664312 28.3764991760254 205 115
"573" 2 0 -41.4166666666667 -21.5833333333333 207.045985865796 32.3675003051758 183 26
"574" 3 0 -45.75 -23.5833333333333 258.725177251656 25.3290004730225 287 58
"575" 1 0 -48.4166666666667 -23.5833333333333 258.381890606251 29.0939998626709 194 38
"576" 3 0 -53.25 -32.5833333333333 423.149981717309 28.0725002288818 127 82
"577" 3 0 -41.4166666666667 -19.0833333333333 186.446072000801 31.4330005645752 199 22
"578" 2 0 -52.75 -26.75 356.299836369454 28.9052505493164 210 148
"579" 2 0 -49.25 -27.4166666666667 311.487177483498 25.988000869751 203 93
"580" 2 0 -40.4166666666667 -18.4166666666667 183.386977999938 31.644250869751 174 36
"581" 3 0 -48.4166666666667 -24.4166666666667 307.465916722988 28.074499130249 206 54
"582" 3 0 -45.25 -20.5833333333333 221.426803292951 29.0877494812012 298 18
"583" 2 0 -51.25 -27.25 330.483756068841 25.9732494354248 183 100
"584" 1 0 -46.4166666666667 -23.25 235.205242660763 25.7072505950928 239 30
"585" 2 0 -41.4166666666667 -18.5833333333333 186.325022195583 30.6247501373291 197 21
"586" 2 0 -50.9166666666667 -22.9166666666667 270.314670532548 31.1560001373291 182 41
"587" 2 0 -55.4166666666667 -30.0833333333333 431.504579305011 30.1844997406006 156 116
"588" 3 0 -46.5833333333333 -23.0833333333333 236.613043891437 26.9685001373291 234 29
"589" 3 0 -41.4166666666667 -20.9166666666667 220.706813863948 30.076000213623 200 29
"590" 3 0 -47.0833333333333 -21.25 218.420375420883 28.7639999389648 268 19
"591" 1 0 -50.75 -28.5833333333333 309.188028686738 25.0372505187988 168 114
"592" 2 0 -50.4166666666667 -26.9166666666667 315.785846056472 24.3012504577637 167 90
"593" 3 0 -42.9166666666667 -21.9166666666667 231.370250566083 29.6207504272461 271 21
"594" 1 0 -48.0833333333333 -25.0833333333333 291.211212657123 29.9822883605957 320 75
"595" 1 0 -45.4166666666667 -20.9166666666667 235.596750081236 29.9777507781982 287 21
"596" 3 0 -45.4166666666667 -22.4166666666667 267.606435559854 28.9605007171631 275 23
"597" 2 0 -45.4166666666667 -20.0833333333333 225.539471617442 30.5224990844727 292 15
"598" 3 0 -47.0833333333333 -23.25 230.394065519862 26.8387508392334 230 33
"599" 3 0 -48.0833333333333 -22.0833333333333 231.365806071586 29.0197505950928 243 23
"600" 2 0 -49.9166666666667 -28.75 299.791979091342 24.5362491607666 169 111
"601" 3 0 -52.4166666666667 -23.9166666666667 280.396677322619 28.5825004577637 174 73
"602" 3 0 -53.4166666666667 -28.9166666666667 376.803090535973 29.2402496337891 164 119
"603" 3 0 -43.75 -21.75 216.986476267916 28.39674949646 262 18
"604" 3 0 -41.9166666666667 -17.75 189.205341792499 30.0380001068115 205 14
"605" 3 0 -52.9166666666667 -31.0833333333333 417.296528514844 28.4857501983643 142 95
"606" 3 0 -41.25 -21.5833333333333 203.496048558977 32.5974998474121 170 26
"607" 1 0 -40.4166666666667 -20.5833333333333 200.877755101403 31.2018260955811 187 49
"608" 1 0 -53.5833333333333 -25.4166666666667 350.745206437411 29.7292499542236 200 110
"609" 3 0 -52.9166666666667 -27.4166666666667 363.016764558958 29.0069999694824 197 127
"610" 3 0 -51.4166666666667 -22.25 235.362969101492 31.2512493133545 196 37
"611" 3 0 -47.9166666666667 -23.5833333333333 256.173136715941 28.2152500152588 191 37
"612" 2 0 -52.5833333333333 -26.0833333333333 344.839384692624 28.0972499847412 203 116
"613" 3 0 -54.75 -30.5833333333333 429.219781212794 29.9757499694824 144 113
"614" 3 0 -51.0833333333333 -24.9166666666667 311.611958697363 28.5952491760254 176 80
"615" 3 0 -49.5833333333333 -27.9166666666667 302.199589502868 23.6180000305176 183 103
"616" 3 0 -51.75 -27.75 344.507218827757 27.5302505493164 198 113
"617" 2 0 -39.9166666666667 -18.75 183.999383526575 31.1049995422363 170 45
"618" 2 0 -53.25 -32.4166666666667 424.61500081383 28.4237499237061 129 83
"619" 2 0 -51.4166666666667 -29.5833333333333 357.523597676143 28.7247505187988 152 105
"620" 2 0 -44.9166666666667 -22.9166666666667 251.705028194751 28.0424995422363 237 22
"621" 3 0 -52.9166666666667 -28.0833333333333 367.665468332508 29.1860008239746 179 126
"622" 1 0 -51.0833333333333 -31.0833333333333 368.736474459445 27.4156684875488 135 85
"623" 2 0 -53.5833333333333 -26.4166666666667 339.869619142971 28.4537506103516 201 129
"624" 1 0 -46.9166666666667 -23.25 229.104756832127 26.1609992980957 232 33
"625" 1 0 -41.9166666666667 -18.75 184.21869547279 32.7442512512207 208 18
"626" 3 0 -46.9166666666667 -20.75 219.949985431397 29.6687507629395 282 15
"627" 3 0 -45.0833333333333 -20.75 219.243126513949 28.888500213623 315 19
"628" 2 0 -43.5833333333333 -19.0833333333333 208.350703884442 27.5279998779297 303 17
"629" 1 0 -53.5833333333333 -27.0833333333333 390.62863622141 30.019250869751 200 140
"630" 3 0 -44.0833333333333 -22.25 238.460306081967 29.0692501068115 248 18
"631" 1 0 -42.5833333333333 -20.25 226.506460370319 31.0974998474121 246 15
"632" 1 0 -52.9166666666667 -28.5833333333333 373.795628938585 29.4257507324219 159 117
"633" 3 0 -51.75 -23.75 287.013087122071 28.8147506713867 187 62
"634" 1 0 -49.0833333333333 -23.4166666666667 251.723286057653 29.5464992523193 180 33
"635" 3 0 -46.25 -22.5833333333333 252.372352579576 26.6854991912842 305 30
"636" 2 0 -54.0833333333333 -28.5833333333333 385.274591439248 30.2779998779297 184 133
"637" 1 0 -41.25 -16.9166666666667 181.227068750326 29.1439990997314 166 18
"638" 2 0 -46.0833333333333 -19.75 218.747338096152 29.076000213623 296 14
"639" 2 0 -52.75 -29.0833333333333 365.467785641172 27.3202495574951 163 96
"640" 2 0 -45.25 -21.25 240.787533105276 29.8392505645752 283 22
"641" 3 0 -39.9166666666667 -18.5833333333333 180.347506231831 30.9407501220703 169 50
"642" 3 0 -43.5833333333333 -22.9166666666667 214.175787836214 32.243968963623 195 45
"643" 2 0 -52.9166666666667 -32.9166666666667 411.500251165766 26.8559989929199 125 78
"644" 2 0 -42.0833333333333 -20.0833333333333 224.310029863452 28.0734996795654 239 21
"645" 3 0 -51.0833333333333 -23.9166666666667 268.90439250607 27.1135005950928 193 72
"646" 1 0 -54.5833333333333 -27.9166666666667 392.327186359493 30.9707508087158 184 133
"647" 1 0 -49.25 -22.9166666666667 244.573892138817 30.0602493286133 193 27
"648" 2 0 -45.75 -19.75 233.238430599829 31.7727508544922 283 11
"649" 1 0 -45.4166666666667 -20.4166666666667 225.069223284879 29.6464996337891 288 18
"650" 3 0 -44.0833333333333 -22.4166666666667 241.548505969985 29.9957504272461 241 19
"651" 2 0 -44.0833333333333 -20.75 209.293837522023 28.6224994659424 290 15
"652" 3 0 -49.75 -23.9166666666667 277.239677152145 29.3409996032715 172 43
"653" 3 0 -49.25 -25.0833333333333 293.475824834303 27.5282497406006 204 69
"654" 1 0 -49.75 -25.0833333333333 296.413463640031 27.9090003967285 200 82
"655" 1 0 -52.4166666666667 -31.5833333333333 400.439935728624 28.2775001525879 140 83
"656" 3 0 -50.5833333333333 -29.0833333333333 314.786107639438 24.4549999237061 189 130
"657" 3 0 -47.25 -23.5833333333333 240.329390335031 25.7882499694824 241 43
"658" 1 0 -50.75 -28.75 314.657090855683 25.480749130249 170 116
"659" 3 0 -40.75 -20.0833333333333 203.823666449682 28.4985008239746 203 48
"660" 2 0 -46.4166666666667 -20.5833333333333 226.414003793412 28.6842498779297 294 15
"661" 2 0 -50.25 -27.5833333333333 324.955899074584 24.9977493286133 156 98
"662" 3 0 -51.5833333333333 -27.75 338.762584846429 26.875 197 110
"663" 1 0 -39.0833333333333 -16.75 156.734321584449 30.1468086242676 152 87
"664" 3 0 -49.25 -26.25 302.051878623162 24.9309997558594 193 84
"665" 1 0 -42.75 -21.9166666666667 236.29387620354 30.8334999084473 263 19
"666" 3 0 -53.25 -32.75 419.191581243998 27.3117504119873 127 82
"667" 2 0 -54.4166666666667 -32.25 453.538114080335 28.9479999542236 123 90
"668" 3 0 -54.75 -27.9166666666667 392.177707346408 31.0347499847412 182 131
"669" 3 0 -52.4166666666667 -27.25 357.22111829557 28.8157501220703 198 129
"670" 2 0 -44.75 -19.0833333333333 202.928671251218 31.6382503509521 272 9
"671" 3 0 -53.9166666666667 -29.75 404.838519630106 30.0349998474121 154 129
"672" 1 0 -45.75 -22.4166666666667 256.655491460902 29.6569995880127 269 26
"673" 2 0 -44.9166666666667 -20.5833333333333 213.631963241723 29.1124992370605 304 16
"674" 1 0 -43.75 -18.4166666666667 184.615661351971 26.628999710083 287 7
"675" 3 0 -51.9166666666667 -24.25 291.138218035903 29.4869995117188 197 75
"676" 3 0 -52.25 -26.75 329.74179285902 27.5900001525879 229 141
"677" 3 0 -42.75 -22.25 235.745007584374 25.8352508544922 281 30
"678" 2 0 -45.9166666666667 -22.25 249.112316316517 30.1247501373291 268 28
"679" 2 0 -49.9166666666667 -22.4166666666667 268.348123113149 30.4417495727539 212 37
"680" 3 0 -41.75 -18.0833333333333 191.542837460155 31.1324996948242 201 16
"681" 1 0 -53.4166666666667 -25.4166666666667 347.518275218581 29.2719993591309 198 110
"682" 1 0 -52.9166666666667 -30.25 414.765447923378 29.8372497558594 138 103
"683" 1 0 -52.0833333333333 -28.9166666666667 352.370616806068 26.7474994659424 161 120
"684" 1 0 -48.75 -22.75 232.44415810535 29.3315010070801 222 29
"685" 1 0 -53.0833333333333 -28.9166666666667 373.173820857254 28.4032497406006 155 108
"686" 1 0 -53.75 -30.5833333333333 411.393644056789 28.5007495880127 148 114
"687" 3 0 -50.5833333333333 -25.25 303.35377907111 27.0647506713867 165 75
"688" 2 0 -43.75 -20.4166666666667 200.226845075462 27.2565002441406 301 12
"689" 3 0 -51.4166666666667 -26.0833333333333 328.549966556773 26.4845008850098 177 118
"690" 2 0 -52.4166666666667 -28.75 357.612298753287 27.2849998474121 163 120
"691" 1 0 -49.25 -24.25 290.861730516276 27.4659996032715 195 51
"692" 1 0 -50.25 -27.0833333333333 325.142751689656 25.2657508850098 170 100
"693" 2 0 -46.9166666666667 -24.4166666666667 259.081628254106 30.8999996185303 285 73
"694" 3 0 -54.25 -29.25 389.048391428604 29.4077491760254 167 133
"695" 1 0 -49.5833333333333 -28.4166666666667 290.893334631712 23.0287494659424 181 108
"696" 3 0 -42.9166666666667 -20.0833333333333 224.118396010804 29.9032497406006 283 16
"697" 2 0 -49.4166666666667 -28.9166666666667 335.959727330966 29.0263004302979 149 81
"698" 1 0 -43.75 -21.4166666666667 200.359932822718 26.933500289917 286 19
"699" 2 0 -43.75 -19.4166666666667 209.565789134461 30.411750793457 295 7
"700" 1 0 -40.4166666666667 -16.9166666666667 173.815744243095 29.849250793457 148 44
"701" 3 0 -52.5833333333333 -23.75 282.278319538484 28.919750213623 163 64
"702" 1 0 -47.4166666666667 -22.5833333333333 249.885329564022 29.1027507781982 235 22
"703" 3 0 -40.75 -18.75 185.950352958212 31.5669994354248 183 30
"704" 2 0 -46.9166666666667 -21.5833333333333 230.140878991084 29.5920009613037 257 18
"705" 2 0 -43.4166666666667 -17.75 181.137376180248 29.0027503967285 244 8
"706" 3 0 -43.0833333333333 -20.9166666666667 230.862298600419 29.4382495880127 257 19
"707" 3 0 -51.0833333333333 -25.9166666666667 306.999332409012 25.2072505950928 176 91
"708" 1 0 -51.25 -27.75 334.281201250894 26.3444995880127 184 107
"709" 1 0 -48.9166666666667 -26.5833333333333 309.010216292161 28.9409999847412 226 83
"710" 2 0 -50.4166666666667 -22.9166666666667 276.05294802218 31.1200008392334 175 45
"711" 2 0 -50.5833333333333 -25.75 323.960169545638 26.963249206543 176 79
"712" 3 0 -39.4166666666667 -16.75 155.925846811085 30.2294998168945 147 73
"713" 2 0 -39.4166666666667 -17.25 160.265625346016 30.628999710083 150 69
"714" 2 0 -52.75 -29.5833333333333 381.5995343928 28.2294998168945 164 79
"715" 1 0 -53.0833333333333 -31.75 412.225255231342 28.2837505340576 136 88
"716" 3 0 -41.25 -17.9166666666667 186.526047868289 31.0769996643066 180 23
"717" 1 0 -51.0833333333333 -22.5833333333333 262.881056003644 31.0957508087158 205 37
"718" 1 0 -41.0833333333333 -18.5833333333333 186.84535569261 30.7049999237061 188 24
"719" 1 0 -41.75 -18.25 191.621341955365 31.956750869751 201 16
"720" 3 0 -52.5833333333333 -29.25 366.219185577811 27.1207504272461 172 79
"721" 3 0 -53.75 -30.0833333333333 410.958840113387 29.9077491760254 146 119
"722" 1 0 -50.9166666666667 -29.4166666666667 323.494565377384 25.0292491912842 181 124
"723" 2 0 -51.5833333333333 -30.0833333333333 369.689630239012 28.4712505340576 144 104
"724" 2 0 -50.4166666666667 -27.75 323.380774850349 24.9097499847412 147 97
"725" 2 0 -45.4166666666667 -21.5833333333333 255.2386890172 30.0982494354248 278 20
"726" 1 0 -51.75 -27.4166666666667 347.044475284103 27.7604999542236 198 109
"727" 1 0 -51.9166666666667 -24.5833333333333 285.565186654548 27.830249786377 189 82
"728" 2 0 -46.4166666666667 -21.9166666666667 214.090602386476 27.9787502288818 299 27
"729" 1 0 -47.75 -22.5833333333333 251.82049822797 29.3810005187988 244 24
"730" 2 0 -40.4166666666667 -19.25 192.423880013295 30.7280006408691 188 38
"731" 1 0 -51.0833333333333 -28.4166666666667 321.459524282524 25.4722499847412 180 114
"732" 2 0 -41.9166666666667 -18.0833333333333 193.898056707445 31.5979995727539 208 14
"733" 2 0 -48.9166666666667 -24.0833333333333 296.84988357265 28.0062503814697 177 47
"734" 1 0 -51.9166666666667 -26.25 319.448186617811 25.6752490997314 193 111
"735" 3 0 -41.0833333333333 -21.25 207.983517518674 31.8757495880127 166 30
"736" 3 0 -40.75 -17.4166666666667 183.053111211847 31.8287506103516 172 29
"737" 2 0 -47.25 -21.75 226.543778838594 30.1742496490479 249 18
"738" 3 0 -53.0833333333333 -33.0833333333333 412.816369923388 26.9372501373291 125 82
"739" 3 0 -53.25 -28.0833333333333 370.655378752712 29.3882503509521 185 128
"740" 3 0 -43.4166666666667 -23.0833333333333 203.515458622326 32.1304359436035 165 46
"741" 2 0 -39.75 -18.4166666666667 176.776132908161 30.8052139282227 172 63
"742" 1 0 -48.4166666666667 -27.4166666666667 313.485618632278 29.0029201507568 186 105
"743" 1 0 -53.4166666666667 -26.9166666666667 388.931615489377 29.9132499694824 205 142
"744" 2 0 -50.4166666666667 -29.75 328.203308760906 26.7350006103516 161 104
"745" 3 0 -46.0833333333333 -22.5833333333333 250.210196961936 28.2632503509521 282 30
"746" 1 0 -52.75 -30.9166666666667 415.401536623226 28.2487506866455 142 96
"747" 2 0 -51.0833333333333 -30.0833333333333 355.780943055641 28.4564990997314 143 97
"748" 1 0 -41.75 -17.9166666666667 189.789317406335 29.8680000305176 202 18
"749" 3 0 -53.4166666666667 -28.0833333333333 372.639325395521 29.6647491455078 188 129
"750" 2 0 -41.0833333333333 -18.25 183.720908594636 31.6187496185303 182 24
"751" 1 0 -43.5833333333333 -19.9166666666667 195.590173090417 27.8062496185303 327 18
"752" 3 0 -43.9166666666667 -21.25 205.545891719192 27.7362499237061 281 16
"753" 2 0 -48.5833333333333 -27.75 308.038315306751 28.4044437408447 195 96
"754" 3 0 -53.5833333333333 -25.5833333333333 360.524592419848 29.8815002441406 213 104
"755" 1 0 -41.25 -20.25 211.260090282797 27.8067493438721 212 36
"756" 2 0 -49.75 -28.25 288.59698337989 21.6042499542236 174 109
"757" 1 0 -50.0833333333333 -26.4166666666667 323.080629473286 26.2937507629395 166 81
"758" 3 0 -46.9166666666667 -23.4166666666667 232.078482383892 26.2600002288818 235 37
"759" 1 0 -46.25 -22.25 229.578887667101 28.8632507324219 277 28
"760" 3 0 -50.5833333333333 -23.4166666666667 263.616397615082 29.7047500610352 172 60
"761" 2 0 -39.4166666666667 -16.4166666666667 157.104149392578 29.8117504119873 149 71
"762" 2 0 -51.4166666666667 -23.4166666666667 266.625177641092 28.2695007324219 193 56
"763" 2 0 -52.9166666666667 -27.25 377.621596312465 29.556999206543 201 130
"764" 1 0 -40.4166666666667 -20.4166666666667 202.729269883659 31.3872451782227 194 53
"765" 3 0 -46.0833333333333 -21.5833333333333 234.707751336881 29.8780002593994 287 25
"766" 3 0 -42.4166666666667 -21.5833333333333 242.486024472337 31.6607494354248 248 20
"767" 3 0 -49.4166666666667 -25.4166666666667 289.590609759039 26.2935009002686 209 77
"768" 2 0 -51.75 -27.9166666666667 345.42420448376 27.5774993896484 197 116
"769" 1 0 -50.25 -21.75 268.180734909916 31.4720001220703 199 25
"770" 1 0 -44.25 -20.25 197.365071929056 29.4839992523193 317 15
"771" 3 0 -54.25 -26.5833333333333 371.725808070012 29.3132495880127 179 106
"772" 3 0 -44.4166666666667 -21.9166666666667 232.101274747443 28.1702499389648 295 20
"773" 3 0 -41.0833333333333 -19.0833333333333 189.113698261741 31.3369998931885 192 26
"774" 3 0 -40.4166666666667 -18.0833333333333 181.998370628112 31.8367500305176 170 36
"775" 1 0 -44.75 -22.0833333333333 238.84469965281 26.9314994812012 320 23
"776" 2 0 -49.9166666666667 -28.5833333333333 294.294876962461 23.0572490692139 166 113
"777" 3 0 -41.4166666666667 -19.9166666666667 206.610701122539 31.0214996337891 206 25
"778" 2 0 -50.9166666666667 -28.0833333333333 323.722069949816 25.5114994049072 169 109
"779" 1 0 -45.0833333333333 -21.0833333333333 229.388686062684 29.5060005187988 308 22
"780" 2 0 -54.25 -27.4166666666667 396.800993346673 31.1634998321533 181 126
"781" 1 0 -45.4166666666667 -22.25 265.913392645 28.8487491607666 288 24
"782" 1 0 -45.75 -21.5833333333333 250.892785138133 30.4029998779297 282 25
"783" 1 0 -43.0833333333333 -22.9166666666667 205.996435823287 30.5669612884521 183 26
"784" 2 0 -42.5833333333333 -17.25 176.920102134395 30.7562503814697 217 5
"785" 2 0 -42.9166666666667 -22.25 232.256873750647 27.039249420166 290 31
"786" 1 0 -50.0833333333333 -23.4166666666667 288.777222437275 30.7462501525879 165 66
"787" 1 0 -52.75 -25.4166666666667 326.773526502943 28.2312507629395 211 98
"788" 1 0 -46.0833333333333 -23.25 241.655773450947 27.4010009765625 229 32
"789" 2 0 -52.75 -27.75 359.705182703117 28.5022506713867 186 125
"790" 3 0 -52.5833333333333 -24.0833333333333 277.586997683588 28.4064998626709 174 79
"791" 1 0 -53.5833333333333 -32.4166666666667 435.398909683113 28.8177490234375 129 86
"792" 3 0 -44.5833333333333 -23.0833333333333 223.327600536719 31.2055034637451 285 64
"793" 2 0 -54.5833333333333 -30.5833333333333 425.31929047741 29.9099998474121 145 115
"794" 3 0 -54.25 -28.75 387.49616636946 30.2250003814697 181 135
"795" 3 0 -53.0833333333333 -28.0833333333333 373.120441637611 29.4305000305176 182 127
"796" 2 0 -51.75 -26.25 322.764657811885 25.7882499694824 186 109
"797" 1 0 -47.75 -24.4166666666667 289.553867154306 30.8425006866455 244 61
"798" 1 0 -40.25 -17.4166666666667 177.263921972551 31.7427501678467 159 37
"799" 2 0 -51.9166666666667 -26.4166666666667 322.661680101546 25.8385009765625 191 102
"800" 2 0 -43.9166666666667 -21.4166666666667 205.227947929581 27.4432506561279 285 17
"801" 1 0 -48.25 -24.4166666666667 300.522446895058 29.3939990997314 216 52
"802" 3 0 -46.0833333333333 -22.4166666666667 245.864789168245 28.1714992523193 289 30
"803" 1 0 -41.5833333333333 -18.4166666666667 188.846144696122 31.8334999084473 197 19
"804" 1 0 -53.9166666666667 -27.0833333333333 391.396123341691 30.2334995269775 189 133
"805" 3 0 -45.75 -20.4166666666667 238.709048475624 30.869499206543 283 17
"806" 3 0 -40.9166666666667 -20.5833333333333 208.992199310744 28.244499206543 195 43
"807" 1 0 -49.25 -24.75 315.649640704244 29.880500793457 147 58
"808" 2 0 -41.25 -21.75 197.109814043183 32.4355010986328 162 26
"809" 3 0 -51.5833333333333 -28.9166666666667 341.543133064762 26.2172508239746 177 117
"810" 2 0 -51.0833333333333 -23.0833333333333 268.363995698229 30.4475002288818 186 47
"811" 2 0 -46.75 -21.9166666666667 228.259117371004 28.263500213623 272 22
"812" 3 0 -52.0833333333333 -30.4166666666667 390.767506975901 27.3209991455078 138 103
"813" 2 0 -49.9166666666667 -26.25 311.97994353033 25.9512500762939 169 80
"814" 1 0 -47.75 -21.9166666666667 221.751547914044 28.9909992218018 247 24
"815" 1 0 -53.75 -30.4166666666667 411.467456154633 28.89674949646 147 115
"816" 1 0 -44.9166666666667 -19.4166666666667 207.547051019039 31.9177494049072 267 9
"817" 3 0 -40.4166666666667 -18.9166666666667 188.533699452758 31.2490005493164 181 37
"818" 2 0 -40.75 -20.25 206.260326281008 28.6725006103516 200 47
"819" 1 0 -52.75 -26.0833333333333 343.132846559688 28.3819999694824 203 116
"820" 3 0 -51.4166666666667 -26.75 315.603598260138 24.4487495422363 176 104
"821" 3 0 -42.9166666666667 -22.0833333333333 232.556249102492 28.599250793457 276 24
"822" 2 0 -48.75 -22.5833333333333 236.437761612152 29.8747501373291 223 26
"823" 2 0 -49.5833333333333 -21.9166666666667 260.237211622419 31.1172504425049 204 25
"824" 1 0 -48.9166666666667 -28.25 306.641947666966 28.2979545593262 179 85
"825" 1 0 -52.25 -26.0833333333333 322.343118110374 26.5052509307861 207 125
"826" 2 0 -42.5833333333333 -19.4166666666667 198.955433898811 31.0235004425049 264 13
"827" 3 0 -40.75 -21.0833333333333 203.361905054893 31.5799999237061 165 34
"828" 2 0 -40.4166666666667 -17.5833333333333 179.382493425614 31.5647506713867 166 35
"829" 1 0 -48.5833333333333 -26.9166666666667 321.397351622613 29.0345668792725 214 83
"830" 1 0 -45.0833333333333 -19.75 212.529723743609 31.1525001525879 293 11
"831" 1 0 -53.75 -26.5833333333333 364.824023936767 29.1587505340576 196 131
"832" 3 0 -51.4166666666667 -22.75 262.686195708771 31.0362491607666 174 43
"833" 2 0 -53.4166666666667 -25.25 329.921760284121 28.824499130249 193 109
"834" 1 0 -42.75 -18.4166666666667 240.827414760315 29.8637504577637 285 11
"835" 3 0 -49.75 -27.0833333333333 330.362501359908 27.2002506256104 175 104
"836" 3 0 -41.5833333333333 -20.4166666666667 222.927932131373 29.150749206543 214 26
"837" 1 0 -47.4166666666667 -24.25 268.893666456879 29.7117500305176 259 69
"838" 1 0 -40.25 -16.75 169.025511648636 29.3667507171631 126 48
"839" 3 0 -51.4166666666667 -22.4166666666667 247.141439574788 31.5187492370605 195 37
"840" 2 0 -53.9166666666667 -30.4166666666667 410.501382060432 28.7522506713867 149 115
"841" 1 0 -50.5833333333333 -30.9166666666667 358.330942179324 27.4197673797607 155 86
"842" 3 0 -46.4166666666667 -20.4166666666667 222.095422926804 28.4042491912842 302 16
"843" 2 0 -44.4166666666667 -22.9166666666667 230.380510663641 28.79909324646 266 40
"844" 2 0 -53.75 -25.9166666666667 360.434425429938 29.1655006408691 211 111
"845" 3 0 -43.4166666666667 -22.0833333333333 225.669865556549 29.0480003356934 230 24
"846" 1 0 -54.0833333333333 -31.9166666666667 440.761341163947 29.205249786377 127 91
"847" 3 0 -51.4166666666667 -27.4166666666667 335.326475100723 26.8840007781982 193 104
"848" 2 0 -54.9166666666667 -31.4166666666667 446.405932755245 29.6292495727539 130 104
"849" 1 0 -50.5833333333333 -27.0833333333333 328.175894640015 25.2679996490479 166 93
"850" 2 0 -44.75 -21.5833333333333 224.162631487583 29.0197505950928 311 18
"851" 1 0 -49.25 -28.25 317.279638712942 28.6744995117188 185 80
"852" 2 0 -50.5833333333333 -22.9166666666667 272.13077071327 31.0725002288818 177 43
"853" 3 0 -45.4166666666667 -23.75 250.987559515526 29.7684421539307 297 92
"854" 3 0 -49.4166666666667 -25.5833333333333 293.791100116509 26.367000579834 183 70
"855" 2 0 -43.25 -17.9166666666667 195.872924739193 29.3379993438721 250 8
"856" 3 0 -53.9166666666667 -29.4166666666667 387.378314335218 28.9277496337891 158 131
"857" 1 0 -41.0833333333333 -16.5833333333333 182.207132887024 30.6075000762939 167 15
"858" 2 0 -43.0833333333333 -21.9166666666667 228.828734835427 29.5785007476807 265 20
"859" 2 0 -51.4166666666667 -24.75 300.433519488494 28.0459995269775 189 85
"860" 1 0 -53.4166666666667 -31.25 416.962814237116 28.5072498321533 142 98
"861" 3 0 -54.75 -31.4166666666667 443.943892718065 29.6569995880127 131 106
"862" 3 0 -54.4166666666667 -28.0833333333333 388.087968259721 30.7002506256104 188 136
"863" 3 0 -53.0833333333333 -31.0833333333333 417.141121166845 28.6322498321533 141 97
"864" 2 0 -53.9166666666667 -31.4166666666667 423.612751773669 29.2035007476807 142 100
"865" 2 0 -55.25 -30.9166666666667 443.10294216471 30.0122509002686 141 104
"866" 1 0 -44.5833333333333 -20.5833333333333 209.092433798608 29.2102508544922 317 15
"867" 1 0 -54.25 -26.4166666666667 372.450623264676 29.4587497711182 181 102
"868" 2 0 -42.5833333333333 -22.9166666666667 214.593578164833 30.4172840118408 175 25
"869" 1 0 -44.9166666666667 -22.4166666666667 259.155025064528 26.9147491455078 299 24
"870" 1 0 -43.9166666666667 -19.4166666666667 208.43823039123 31.1585006713867 278 9
"871" 1 0 -51.9166666666667 -30.4166666666667 380.603263641744 26.5244998931885 139 105
"872" 2 0 -47.4166666666667 -22.4166666666667 246.111808611319 29.0237503051758 242 21
"873" 2 0 -50.25 -23.5833333333333 280.450130440175 30.1294994354248 168 66
"874" 3 0 -52.25 -31.5833333333333 399.698681987516 28.244499206543 137 80
"875" 3 0 -45.9166666666667 -21.75 241.402594408079 30.0302505493164 291 28
"876" 2 0 -43.5833333333333 -20.5833333333333 208.748745700572 26.9527492523193 291 15
"877" 3 0 -52.0833333333333 -23.0833333333333 276.098504395632 29.5852508544922 160 47
"878" 1 0 -54.4166666666667 -30.9166666666667 423.203414607616 29.3344993591309 145 110
"879" 3 0 -43.75 -22.4166666666667 237.516631944763 29.2872505187988 240 25
"880" 1 0 -50.4166666666667 -23.25 271.18682994747 30.5170001983643 164 55
"881" 1 0 -52.0833333333333 -27.25 346.941177011888 28.0879993438721 196 131
"882" 1 0 -49.9166666666667 -28.9166666666667 308.432484781246 25.8799991607666 168 108
"883" 3 0 -53.4166666666667 -31.9166666666667 420.665876204233 27.9705009460449 133 89
"884" 3 0 -43.75 -22.0833333333333 230.588058586308 29.2549991607666 230 17
"885" 2 0 -50.9166666666667 -23.5833333333333 271.002945190139 29.4522495269775 193 60
"886" 3 0 -49.75 -25.25 293.48077955167 27.0209999084473 212 83
"887" 2 0 -48.5833333333333 -25.9166666666667 299.349410913523 28.8419895172119 266 86
"888" 2 0 -45.25 -20.75 222.883975416575 29.0865001678467 304 19
"889" 2 0 -47.5833333333333 -22.0833333333333 226.184397113379 28.992000579834 249 22
"890" 3 0 -49.75 -27.25 333.006268959982 27.5827503204346 177 105
"891" 2 0 -50.0833333333333 -27.4166666666667 325.365542873482 25.232250213623 167 100
"892" 3 0 -52.25 -30.5833333333333 401.546942225521 27.7385005950928 137 102
"893" 1 0 -50.9166666666667 -31.0833333333333 364.563420970173 27.4637794494629 136 85
"894" 2 0 -43.9166666666667 -21.9166666666667 218.797143339167 27.193000793457 272 19
"895" 3 0 -51.0833333333333 -27.75 330.09189740069 25.726749420166 177 111
"896" 3 0 -47.9166666666667 -23.25 247.534458464269 28.6730003356934 205 31
"897" 2 0 -51.75 -24.0833333333333 290.713180884156 29.472749710083 201 74
"898" 2 0 -51.5833333333333 -30.9166666666667 382.16104063099 27.9759998321533 132 90
"899" 1 0 -41.75 -19.5833333333333 204.125872978887 30.9409999847412 212 19
"900" 2 0 -55.0833333333333 -29.4166666666667 405.238283756786 29.6747493743896 168 125
"901" 2 0 -46.9166666666667 -23.75 240.622996916936 25.3797492980957 262 53
"902" 3 0 -45.9166666666667 -19.5833333333333 214.481896891526 29.6892490386963 289 13
"903" 3 0 -40.5833333333333 -17.5833333333333 180.172821080439 31.6895008087158 169 31
"904" 1 0 -47.0833333333333 -21.75 232.10777504045 30.4890003204346 235 17
"905" 2 0 -46.75 -21.75 224.841496622316 27.7207508087158 280 21
"906" 3 0 -51.4166666666667 -23.25 264.253391003629 28.7684993743896 189 52
"907" 1 0 -52.75 -27.5833333333333 359.166994770954 28.5537490844727 190 125
"908" 2 0 -42.0833333333333 -16.9166666666667 170.311932175222 33.2205009460449 171 4
"909" 1 0 -46.0833333333333 -20.0833333333333 244.694850996808 30.8619995117188 287 13
"910" 3 0 -46.9166666666667 -21.0833333333333 217.50410712166 28.161750793457 275 18
"911" 2 0 -48.25 -25.4166666666667 297.743009207664 29.396032333374 306 84
"912" 1 0 -50.0833333333333 -26.0833333333333 317.976186455962 26.451000213623 170 77
"913" 2 0 -39.4166666666667 -17.0833333333333 157.694778142196 30.3850002288818 149 70
"914" 1 0 -50.9166666666667 -30.0833333333333 351.028611055616 28.4169998168945 144 93
"915" 3 0 -51.5833333333333 -23.9166666666667 291.795351510171 29.3150005340576 197 68
"916" 3 0 -44.5833333333333 -19.25 205.901262445009 31.3834991455078 265 9
"917" 1 0 -50.75 -29.25 318.742093007431 24.5114994049072 193 131
"918" 3 0 -49.9166666666667 -22.0833333333333 267.335237187264 30.9697494506836 200 32
"919" 3 0 -42.25 -17.25 173.163366027536 31.1277503967285 198 6
"920" 3 0 -40.75 -19.5833333333333 195.177865370836 31.5954990386963 193 33
"921" 1 0 -47.25 -22.25 238.13835742008 30.1184997558594 244 20
"922" 3 0 -49.25 -28.75 327.290029320547 29.3792114257812 159 80
"923" 3 0 -52.25 -27.4166666666667 348.794208408506 28.0562496185303 191 127
"924" 1 0 -50.25 -23.25 279.922473221472 30.4737491607666 162 58
"925" 3 0 -43.5833333333333 -19.25 204.75001535497 27.1979999542236 313 12
"926" 1 0 -50.25 -28.5833333333333 298.343124230683 24.4249992370605 156 109
"927" 1 0 -48.9166666666667 -26.75 312.962594749983 28.183500289917 220 87
"928" 2 0 -45.75 -19.4166666666667 214.498795082998 31.1935005187988 282 11
"929" 2 0 -41.0833333333333 -16.75 181.435448638782 30.4549999237061 163 18
"930" 2 0 -45.0833333333333 -19.9166666666667 215.412452437584 30.847749710083 297 13
"931" 3 0 -41.25 -18.75 185.172283698176 31.4860000610352 191 22
"932" 2 0 -52.0833333333333 -31.4166666666667 398.413907929988 28.1078491210938 135 81
"933" 3 0 -45.0833333333333 -22.25 277.505827920314 29.7862491607666 283 21
"934" 1 0 -45.0833333333333 -19.4166666666667 207.708093136092 31.8819999694824 260 9
"935" 3 0 -49.4166666666667 -26.4166666666667 307.355403366784 25.4274997711182 185 82
"936" 2 0 -52.5833333333333 -32.5833333333333 404.366338622245 26.9977493286133 120 73
"937" 1 0 -51.4166666666667 -25.9166666666667 317.373604179881 26.097749710083 180 113
"938" 3 0 -43.0833333333333 -17.0833333333333 171.816597564709 29.7722492218018 232 5
"939" 1 0 -45.25 -20.25 218.307605281435 29.5330009460449 296 17
"940" 2 0 -53.0833333333333 -30.0833333333333 409.607859256579 29.6295013427734 141 107
"941" 3 0 -48.0833333333333 -22.5833333333333 244.942081027634 29.4340000152588 239 28
"942" 3 0 -47.9166666666667 -24.75 295.953713844551 30.3707504272461 263 63
"943" 3 0 -51.75 -29.75 369.674293007128 28.7814998626709 156 89
"944" 2 0 -48.4166666666667 -21.9166666666667 232.882587036021 30.3162498474121 244 20
"945" 3 0 -52.9166666666667 -27.5833333333333 367.175397640923 28.8262500762939 193 127
"946" 3 0 -47.0833333333333 -24.4166666666667 262.16320853391 29.197473526001 292 82
"947" 2 0 -50.25 -28.0833333333333 308.147486165562 23.9422492980957 149 101
"948" 1 0 -44.75 -21.0833333333333 222.399252642235 29.1182498931885 364 19
"949" 3 0 -42.5833333333333 -18.4166666666667 230.820780600652 30.3632507324219 272 11
"950" 3 0 -48.5833333333333 -23.5833333333333 258.848582477088 29.525749206543 196 35
"951" 2 0 -53.25 -26.5833333333333 345.335579408383 28.7399997711182 207 136
"952" 2 0 -46.0833333333333 -22.25 238.71770791964 29.4064998626709 272 29
"953" 3 0 -54.0833333333333 -31.5833333333333 431.643716360523 29.5254993438721 135 98
"954" 3 0 -54.25 -29.5833333333333 401.765261021729 29.871000289917 158 129
"955" 3 0 -39.5833333333333 -17.0833333333333 161.014091779068 30.7320003509521 145 62
"956" 2 0 -53.75 -26.9166666666667 383.178941367657 29.7385005950928 195 134
"957" 3 0 -55.25 -30.25 428.297278344161 29.7302494049072 148 114
"958" 3 0 -55.0833333333333 -29.0833333333333 402.448403342319 29.9827499389648 172 127
"959" 3 0 -53.5833333333333 -29.4166666666667 385.898180037567 28.7360000610352 151 124
"960" 2 0 -47.0833333333333 -23.75 242.129960594088 25.5997505187988 258 52
"961" 1 0 -47.4166666666667 -21.9166666666667 228.439590917438 31.1749992370605 253 19
"962" 3 0 -51.5833333333333 -25.75 293.369421692222 24.9497509002686 183 101
"963" 1 0 -43.75 -21.0833333333333 199.800031944084 26.9362506866455 279 19
"964" 2 0 -48.75 -25.75 297.177777986991 28.1262493133545 256 80
"965" 2 0 -49.75 -26.75 324.06957784029 26.597749710083 171 91
"966" 3 0 -52.25 -23.0833333333333 271.990162904406 29.7059993743896 157 47
"967" 1 0 -50.5833333333333 -23.25 263.494096964831 30.0457496643066 170 53
"968" 2 0 -52.75 -24.9166666666667 315.451164197946 28.6722507476807 220 84
"969" 3 0 -42.25 -16.9166666666667 170.968626720442 32.9412498474121 181 4
"970" 3 0 -52.75 -27.0833333333333 347.883488621648 28.5340003967285 203 132
"971" 3 0 -53.5833333333333 -27.5833333333333 388.445145297824 30.0494995117188 196 134
"972" 2 0 -41.75 -20.75 230.096827412981 29.394250869751 218 25
"973" 1 0 -43.5833333333333 -22.25 230.948538897244 29.1504993438721 232 27
"974" 3 0 -43.4166666666667 -22.9166666666667 210.869890256667 31.5764999389648 187 48
"975" 3 0 -46.5833333333333 -23.75 242.352273797309 26.1119995117188 263 62
"976" 2 0 -52.75 -31.0833333333333 414.693659045036 28.2080001831055 143 94
"977" 1 0 -51.9166666666667 -25.25 295.103518219714 26.6112499237061 200 100
"978" 3 0 -52.5833333333333 -30.25 412.132271905977 29.7462501525879 138 98
"979" 1 0 -40.9166666666667 -16.75 179.27980698939 30.6967506408691 159 22
"980" 2 0 -41.5833333333333 -20.5833333333333 223.6558419361 29.9047508239746 210 25
"981" 2 0 -42.4166666666667 -17.0833333333333 172.690053000248 30.9842491149902 204 5
"982" 3 0 -50.4166666666667 -28.75 299.42286355384 24.9882507324219 160 115
"983" 2 0 -49.25 -22.75 241.240563231627 30.181999206543 196 27
"984" 2 0 -41.75 -16.9166666666667 174.884508631216 29.7115001678467 178 9
"985" 2 0 -41.25 -18.4166666666667 185.873056881499 30.91575050354 188 23
"986" 2 0 -49.4166666666667 -27.75 307.002835487661 24.8924999237061 195 99
"987" 1 0 -52.9166666666667 -33.25 407.757020520622 26.1564998626709 123 79
"988" 2 0 -52.9166666666667 -24.5833333333333 310.493145343295 29.418249130249 228 81
"989" 3 0 -49.0833333333333 -21.75 238.810038400476 31.4912490844727 225 20
"990" 2 0 -49.9166666666667 -24.5833333333333 284.433786536282 26.9707508087158 205 75
"991" 2 0 -49.9166666666667 -23.4166666666667 279.636775446116 29.9787502288818 173 60
"992" 1 0 -51.25 -30.75 367.128103575176 27.6520004272461 133 89
"993" 3 0 -52.0833333333333 -31.25 397.119738012671 27.8647499084473 137 86
"994" 3 0 -48.4166666666667 -25.75 305.204995850635 28.7933330535889 269 84
"995" 1 0 -39.5833333333333 -17.25 162.330024377564 30.7497501373291 143 63
"996" 2 0 -54.25 -28.9166666666667 385.261855249375 29.7369995117188 177 135
"997" 3 0 -51.0833333333333 -25.4166666666667 295.315874765111 26.1404991149902 180 95
"998" 1 0 -42.4166666666667 -22.4166666666667 238.465462305837 27.4512500762939 222 27
"999" 1 0 -52.25 -31.4166666666667 399.444773971869 28.0682506561279 138 84
"1000" 1 0 -45.75 -20.9166666666667 230.849301375609 28.74049949646 289 21
