"group.all" "pa" "lon" "lat" "wc2.0_bio_10m_01" "wc2.0_bio_10m_04" "wc2.0_bio_10m_05" "wc2.0_bio_10m_13" "wc2.0_bio_10m_14"
"1" 2 1 -48.887631 -25.995931 17.4005103508631 284.575062228894 25.7817497253418 235 87
"2" 3 1 -46.614167 -23.641944 18.876989642779 238.662329133921 27.6049995422363 246 42
"3" 1 1 -49.503056 -27.360833 17.5479791164398 327.936818601181 27.1457500457764 185 102
"4" 1 1 -49.051944 -27.268611 18.2303541103999 316.691125861155 27.4174995422363 201 90
"5" 2 1 -48.705 -24.852222 17.970062494278 302.735662382513 26.7802505493164 206 68
"9" 3 1 -48.3025 -25.1716 21.2874200344086 295.803856233987 29.349588394165 310 79
"10" 3 1 -49.41 -27.27 16.8957396149635 315.687671037783 26.2145004272461 192 97
"11" 1 1 -49.1947222 -27.0927777 17.5542812744776 316.048123739337 26.7152500152588 195 96
"12" 3 1 -49.0108333 -25.3886111 17.6315729220708 274.469642280386 26.5662498474121 225 84
"13" 1 1 -43.4794445 -22.5725 20.6390730142593 224.895367340786 29.5942497253418 264 50
"14" 2 1 -50.9980555 -29.7866666 19.1004999081294 342.918717482232 28.119499206543 148 101
"16" 2 1 -40.5383333 -19.9747223 19.6885832150777 198.71825799419 28.324499130249 202 50
"18" 1 1 -50.1294445 -26.9994444 16.8422916531563 329.84290883905 26.3542499542236 168 95
"21" 2 1 -49.0477777 -26.1925 17.1328751643499 298.975770231652 25.8092498779297 211 84
"22" 3 1 -49.4977777 -26.9097222 17.8733540773392 319.554274158392 27.1577491760254 188 98
"23" 2 1 -49.5002778 -26.9102778 16.9691458741824 319.106249191286 26.1927509307861 179 94
"24" 3 1 -48.8694445 -25.5977777 17.9207708438237 276.839049501783 26.3657493591309 243 88
"25" 3 1 -42.9991666 -22.4563889 18.4410520394643 230.480802557151 27.2337493896484 276 37
"26" 1 1 -44.7068644539062 -23.10561920639 18.1138237714767 240.523107731965 27.6232051849365 276 49
"27" 1 1 -46.329345703125 -23.7048945023249 17.6579790910085 244.557768619309 25.683500289917 320 96
"1100" 1 0 -50.25 -25.9166666666667 16.8732291261355 321.419516450166 26.6867504119873 181 73
"2100" 2 0 -49.75 -25.75 16.7327187259992 303.316633605132 26.2232494354248 156 71
"3100" 2 0 -50.25 -27.25 15.0284479856491 317.094081652894 24.1865005493164 169 102
"4100" 3 0 -49.0833333333333 -21.25 22.3741354147593 216.895260883953 31.4330005645752 229 20
"5100" 3 0 -48.5833333333333 -24.75 20.115052262942 314.033062632395 28.9724998474121 210 62
"6" 3 0 -51.9166666666667 -26.9166666666667 15.8255104621251 320.351512551813 25.880500793457 199 117
"7" 2 0 -47.4166666666667 -24.5833333333333 21.9863554636637 283.63339843226 30.2591991424561 261 86
"8" 1 0 -45.25 -23.9166666666667 20.4060343901316 250.919964799936 29.1146545410156 308 91
"9100" 1 0 -50.75 -27.4166666666667 16.0358854730924 334.27852507118 25.8390007019043 167 105
"1010" 1 0 -52.0833333333333 -23.5833333333333 19.5924479564031 299.304689176767 29.2565002441406 168 54
"1110" 1 0 -45.4166666666667 -23.5833333333333 19.5129644870758 251.956698386159 28.221700668335 286 64
"1210" 3 0 -53.4166666666667 -25.4166666666667 19.0351979136467 347.518275218581 29.2719993591309 198 110
"1310" 2 0 -53.25 -26.9166666666667 18.8309373656909 376.071387618929 29.3495006561279 207 142
"1410" 1 0 -44.5833333333333 -20.5833333333333 19.9686250289281 209.092433798608 29.2102508544922 317 15
"15" 3 0 -43.75 -22.5833333333333 21.1833334366481 235.789090323721 30.3657493591309 240 33
"1610" 2 0 -39.9166666666667 -18.25 24.1277083555857 178.473552604404 31.2822494506836 171 60
"17" 2 0 -43.5833333333333 -18.0833333333333 20.0369270642598 186.323284002662 28.455249786377 251 9
"1810" 1 0 -45.4166666666667 -22.75 17.1971666018168 261.252239283588 27.7604999542236 283 29
"19" 3 0 -49.75 -28.4166666666667 14.2472604314486 294.410969285144 22.9055004119873 170 107
"20" 2 0 -42.9166666666667 -22.75 23.1577293872833 219.323056325203 32.0065002441406 189 28
"2110" 1 0 -50.9166666666667 -27.0833333333333 15.3676351904869 327.259945601933 25.2180004119873 170 96
"2210" 1 0 -49.4166666666667 -26.4166666666667 16.3270831108093 307.355403366784 25.4274997711182 185 82
"2310" 2 0 -41.4166666666667 -20.4166666666667 19.325187643369 216.945568870988 28.7935009002686 210 29
"2410" 3 0 -40.9166666666667 -19.9166666666667 21.3832291762034 199.63571570416 30.2687492370605 201 39
"2510" 1 0 -47.9166666666667 -25.0833333333333 21.7269992033641 288.3381810127 29.6848487854004 323 80
"2610" 1 0 -41.75 -17.4166666666667 20.434520761172 182.24167092073 28.9557495117188 192 14
"2710" 1 0 -50.25 -27.9166666666667 15.2623436848323 315.126501209662 24.3355007171631 147 100
"28" 2 0 -48.5833333333333 -21.4166666666667 21.9746666749318 209.548482429804 30.7479991912842 245 17
"29" 3 0 -45.75 -20.4166666666667 20.3313854535421 238.709048475624 30.869499206543 283 17
"30" 2 0 -48.75 -26.0833333333333 20.5333652496338 294.843674136714 28.7905368804932 259 82
"31" 1 0 -48.75 -22.5833333333333 20.6840206782023 236.437761612152 29.8747501373291 223 26
"32" 1 0 -43.9166666666667 -20.9166666666667 18.9536770582199 205.093223071478 27.7497501373291 284 15
"33" 1 0 -46.0833333333333 -22.0833333333333 18.2548644940058 231.399446228166 28.5739994049072 290 30
"34" 2 0 -52.9166666666667 -26.4166666666667 17.4135623176893 325.197188525453 27.6520004272461 207 135
"35" 3 0 -53.0833333333333 -29.4166666666667 18.3141978780429 379.887179224809 27.9120006561279 156 100
"36" 3 0 -42.25 -19.9166666666667 20.1129270792007 223.364140873512 30.2029991149902 234 14
"37" 1 0 -44.9166666666667 -19.75 21.198614637057 213.048221328163 31.2474994659424 296 10
"38" 1 0 -41.4166666666667 -22.0833333333333 23.5557812054952 204.184910153448 31.3102493286133 155 31
"39" 1 0 -49.9166666666667 -26.25 16.2045207818349 311.97994353033 25.9512500762939 169 80
"40" 3 0 -47.4166666666667 -21.0833333333333 20.974906206131 210.664390131431 29.2490005493164 267 20
"41" 1 0 -53.5833333333333 -29.9166666666667 19.9779478311539 406.570808268888 29.8352489471436 145 120
"42" 1 0 -49.0833333333333 -23.4166666666667 20.0290102958679 251.723286057653 29.5464992523193 180 33
"43" 3 0 -49.75 -21.9166666666667 21.2437291145325 261.234484293439 31.1292495727539 205 28
"44" 1 0 -43.0833333333333 -21.4166666666667 21.1396458546321 226.000181560914 30.6702499389648 255 13
"45" 3 0 -44.75 -19.5833333333333 21.0127290487289 203.702037303296 30.8374996185303 292 9
"46" 1 0 -51.9166666666667 -24.4166666666667 19.3786146640778 289.087636386189 28.9432506561279 192 76
"47" 1 0 -40.5833333333333 -19.5833333333333 23.232041478157 194.531633866486 31.46875 193 37
"48" 2 0 -53.0833333333333 -30.9166666666667 19.0441875855128 418.250214387335 28.7557506561279 143 99
"49" 1 0 -48.0833333333333 -23.0833333333333 20.4999375343323 244.72641775304 29.7299995422363 209 25
"50" 1 0 -41.9166666666667 -21.4166666666667 21.977083325386 239.489631898988 31.4745006561279 217 19
"51" 2 0 -49.25 -22.0833333333333 21.535583337148 242.528221242973 31.1280002593994 203 27
"52" 1 0 -47.5833333333333 -20.5833333333333 20.9558333158493 188.573614071464 28.1840000152588 285 15
"53" 2 0 -46.4166666666667 -22.5833333333333 17.4558751583099 237.605515867947 27.144250869751 277 27
"54" 1 0 -47.25 -22.25 20.7832081317902 238.13835742008 30.1184997558594 244 20
"55" 1 0 -42.75 -22.0833333333333 19.1141354242961 237.472507590857 28.2272491455078 275 25
"56" 2 0 -51.75 -26.4166666666667 15.2231875856717 317.180653999541 25.1520004272461 183 106
"57" 3 0 -51.9166666666667 -25.75 16.8788228829702 310.738538203144 26.558500289917 189 107
"58" 2 0 -50.9166666666667 -27.75 15.9378020763397 327.998542015707 25.4745006561279 171 111
"59" 1 0 -53.0833333333333 -29.5833333333333 18.0547396143277 377.873424871156 27.3400001525879 155 102
"60" 1 0 -42.5833333333333 -19.0833333333333 21.2845208644867 212.389551550235 30.1860008239746 273 15
"61" 3 0 -40.75 -18.25 23.5514269272486 183.357598806501 31.7762489318848 177 28
"62" 2 0 -50.4166666666667 -23.75 19.9051562150319 281.58699809747 29.7665004730225 183 65
"63" 2 0 -39.9166666666667 -18.75 23.7962291240692 183.999383526575 31.1049995422363 170 45
"64" 2 0 -50.25 -25.4166666666667 17.2893021901449 305.908960660801 27.113000869751 191 77
"65" 2 0 -42.4166666666667 -21.9166666666667 20.3773125807444 245.832020093409 29.7817497253418 257 21
"66" 3 0 -48.4166666666667 -27.4166666666667 19.8489661216736 313.485618632278 29.0029201507568 186 105
"67" 3 0 -49.5833333333333 -27.75 15.3613126675288 307.228471689309 24.4497509002686 185 100
"68" 3 0 -41.5833333333333 -18.9166666666667 23.9373435974121 183.672523017382 32.6399993896484 197 19
"69" 3 0 -45.75 -23.4166666666667 18.3001146316528 251.842408749272 26.8754997253418 240 38
"70" 1 0 -52.25 -23.9166666666667 19.8061666886012 288.552017989069 29.2957496643066 179 69
"71" 3 0 -49.5833333333333 -25.9166666666667 16.7933124701182 309.337915574095 26.3034992218018 154 73
"72" 2 0 -52.9166666666667 -28.25 18.2132188677788 366.935554223998 29.1404991149902 173 127
"73" 2 0 -53.9166666666667 -29.9166666666667 19.8473228216171 407.819565676073 30.019250869751 152 125
"74" 1 0 -45.0833333333333 -22.4166666666667 15.910260339578 267.222378274332 27.1504993438721 302 25
"75" 2 0 -52.0833333333333 -29.75 19.7678018013636 382.789803375581 29.1822490692139 163 74
"76" 1 0 -43.4166666666667 -21.25 20.3032709360123 216.093618442881 29.7037506103516 266 18
"77" 2 0 -44.75 -19.4166666666667 21.3319166103999 203.879504115059 31.2884998321533 272 9
"78" 3 0 -52.9166666666667 -29.75 19.740531206131 396.027523098919 29.2954998016357 153 95
"79" 2 0 -41.75 -17.0833333333333 21.1130312681198 177.420787063942 29.5279998779297 181 10
"80" 2 0 -54.0833333333333 -28.25 19.6243437329928 386.941963462992 30.7584991455078 188 133
"81" 1 0 -41.75 -19.9166666666667 21.3408542474111 213.403867598881 31.0647506713867 212 20
"82" 2 0 -42.0833333333333 -21.4166666666667 21.9869791269302 244.977257311026 31.5 235 19
"83" 1 0 -50.4166666666667 -25.9166666666667 17.0131979584694 329.182814058037 27.0122509002686 180 76
"84" 3 0 -53.9166666666667 -31.5833333333333 18.7371561924617 429.166649269926 29.3757495880127 136 97
"85" 3 0 -52.9166666666667 -32.25 18.5587395429611 415.803254599071 28.3444995880127 127 80
"86" 3 0 -41.5833333333333 -20.25 19.2495729923248 219.249775268636 29.16575050354 216 27
"87" 2 0 -46.75 -20.25 19.2052604754766 205.679055438682 27.414249420166 300 16
"88" 1 0 -50.25 -21.5833333333333 21.5732291142146 264.136324452257 31.1227493286133 217 20
"89" 3 0 -44.4166666666667 -21.75 18.9885104099909 231.648038832271 28.9297504425049 294 19
"90" 3 0 -53.9166666666667 -29.5833333333333 19.1004585822423 392.315765573014 29.1527500152588 156 131
"91" 2 0 -46.4166666666667 -23.5833333333333 18.3455938100815 242.41066424181 26.5354995727539 248 50
"92" 2 0 -50.5833333333333 -25.9166666666667 17.016624947389 331.25143418611 27.0307502746582 173 81
"93" 3 0 -51.4166666666667 -25.5833333333333 15.7896771033605 282.318464586643 24.7402496337891 182 98
"94" 3 0 -47.75 -21.4166666666667 21.4271250168482 218.667695466751 30.0914993286133 256 25
"95" 2 0 -41.0833333333333 -17.75 23.4681042830149 185.631622502209 31.7617492675781 176 24
"96" 1 0 -43.4166666666667 -21.5833333333333 19.7105312347412 211.220073174135 28.683500289917 278 17
"97" 1 0 -50.25 -24.0833333333333 18.5475520292918 279.763034069003 28.4282493591309 177 62
"98" 2 0 -51.4166666666667 -28.4166666666667 16.8467604319255 334.673705778628 26.4829998016357 188 116
"99" 2 0 -41.5833333333333 -19.5833333333333 22.7247083981832 201.755401986867 31.9532508850098 204 20
"100" 3 0 -41.5833333333333 -17.9166666666667 22.1358436346054 190.546383178227 30.816499710083 191 18
"101" 1 0 -45.5833333333333 -21.75 19.6142395933469 254.584785914341 30.1735000610352 287 23
"102" 3 0 -45.0833333333333 -22.9166666666667 18.2724165519079 245.658479520487 28.2197494506836 243 22
"103" 3 0 -43.4166666666667 -18.0833333333333 20.2631875276566 193.726952703127 28.8122501373291 254 8
"104" 1 0 -40.5833333333333 -19.4166666666667 23.113333384196 194.725129309469 31.2647495269775 191 34
"105" 3 0 -48.75 -23.9166666666667 18.8089269399643 288.911243468766 28.9780006408691 177 45
"106" 2 0 -52.9166666666667 -32.9166666666667 17.7096145947774 411.500251165766 26.8559989929199 125 78
"107" 1 0 -46.75 -23.5833333333333 18.7343333959579 238.368873317549 27.19700050354 249 41
"108" 3 0 -46.5833333333333 -23.25 17.5675833622615 230.091963586373 25.84375 239 29
"109" 2 0 -51.75 -26.5833333333333 15.0586248636246 317.996656401883 25.02174949646 184 105
"110" 3 0 -52.75 -28.25 18.0598123868306 364.193854293405 28.8402500152588 180 126
"111" 1 0 -50.4166666666667 -29.0833333333333 15.5459895332654 312.411631531879 24.4517498016357 185 129
"112" 1 0 -52.25 -29.0833333333333 17.7696250677109 357.039413889492 27.1065006256104 171 88
"113" 1 0 -48.4166666666667 -24.9166666666667 18.5584268967311 308.564852195771 27.2792491912842 238 65
"114" 3 0 -51.25 -27.25 16.1434894601504 330.483756068841 25.9732494354248 183 100
"115" 3 0 -52.5833333333333 -27.5833333333333 18.0438854694366 350.875147726167 28.3947505950928 188 124
"116" 2 0 -41.25 -19.9166666666667 20.4165206750234 205.908361829353 29.7942504882812 208 32
"117" 2 0 -43.4166666666667 -19.75 20.5942810773849 216.503413325226 30.3439998626709 318 13
"118" 2 0 -51.9166666666667 -26.25 15.83594785134 319.448186617811 25.6752490997314 193 111
"119" 2 0 -45.25 -20.75 19.416489481926 222.883975416575 29.0865001678467 304 19
"120" 2 0 -41.4166666666667 -21.75 23.7982187668482 202.13398890883 32.5957489013672 180 26
"121" 2 0 -49.9166666666667 -27.0833333333333 17.7946979602178 335.461160350353 27.4617500305176 171 103
"122" 1 0 -42.9166666666667 -22.5833333333333 22.8534063100815 224.785468985507 31.861499786377 197 32
"123" 1 0 -53.5833333333333 -31.5833333333333 18.1945626338323 422.1423349608 28.3859996795654 138 94
"124" 2 0 -51.25 -27.0833333333333 16.6993229389191 338.138129401657 26.6469993591309 181 99
"125" 1 0 -41.9166666666667 -16.75 23.9053335189819 174.770959639285 33.1897506713867 167 4
"126" 2 0 -46.75 -22.9166666666667 18.6211144924164 233.823478273538 27.6987495422363 226 30
"127" 2 0 -53.4166666666667 -31.75 17.8658855160077 415.780706156774 27.9107494354248 135 91
"128" 3 0 -51.25 -30.0833333333333 19.7887696027756 358.840121404298 28.60546875 143 99
"129" 2 0 -48.75 -28.5833333333333 20.2115000486374 300.487142930551 28.3826675415039 157 90
"130" 2 0 -39.9166666666667 -16.75 23.1969896157583 160.665729381838 29.8907508850098 129 53
"131" 2 0 -40.9166666666667 -19.75 21.6651563644409 199.197033238402 30.3355007171631 200 35
"132" 3 0 -51.9166666666667 -26.4166666666667 15.7360521157583 322.661680101546 25.8385009765625 191 102
"133" 2 0 -50.75 -30.4166666666667 19.3773206472397 350.421136760982 27.8037967681885 145 88
"134" 1 0 -45.25 -23.5833333333333 20.8400260210037 246.647062277562 29.8293743133545 303 82
"135" 3 0 -50.25 -28.25 15.5016459027926 306.172604137363 24.4090003967285 149 100
"136" 1 0 -47.0833333333333 -20.5833333333333 19.6017084121704 204.102973409113 27.8425006866455 287 18
"137" 1 0 -50.25 -27.0833333333333 15.9700522025426 325.142751689656 25.2657508850098 170 100
"138" 2 0 -40.5833333333333 -17.5833333333333 23.790677189827 180.172821080439 31.6895008087158 169 31
"139" 2 0 -53.4166666666667 -25.5833333333333 19.142312725385 357.589398645913 29.3700008392334 219 103
"140" 1 0 -51.4166666666667 -27.0833333333333 17.1018228928248 340.68240153496 27.1270008087158 191 100
"141" 3 0 -52.9166666666667 -24.5833333333333 19.9387603203456 310.493145343295 29.418249130249 228 81
"142" 1 0 -39.5833333333333 -17.5833333333333 24.2846874396006 165.527362448041 30.8072490692139 145 65
"143" 3 0 -51.5833333333333 -25.9166666666667 16.3535102804502 310.543896292753 25.6100006103516 183 115
"144" 3 0 -40.25 -17.25 23.9738332430522 176.265111355774 31.5230007171631 159 43
"145" 2 0 -41.4166666666667 -17.25 22.1809792121251 187.09119767997 30.7024993896484 171 17
"146" 3 0 -52.4166666666667 -28.75 17.187604089578 357.612298753287 27.2849998474121 163 120
"147" 1 0 -40.25 -17.0833333333333 22.4511041641235 171.968567638816 29.7899990081787 150 52
"148" 1 0 -42.0833333333333 -19.9166666666667 18.5551250378291 222.77850513662 28.6415004730225 238 19
"149" 2 0 -44.0833333333333 -18.9166666666667 21.739604194959 219.20587785308 31.5890007019043 254 6
"150" 3 0 -52.0833333333333 -29.4166666666667 19.3673853874207 372.649692881987 28.7562503814697 176 63
"151" 3 0 -40.75 -16.75 21.4252396027247 173.265719765663 29.0777492523193 150 31
"152" 3 0 -43.75 -22.25 20.0496146678925 233.837049871881 29.1302509307861 232 21
"153" 1 0 -51.25 -25.5833333333333 15.5309479633967 281.98436343398 24.4915008544922 184 97
"154" 2 0 -40.25 -18.25 24.0035311381022 181.840589589678 31.8662490844727 170 41
"155" 2 0 -51.75 -22.75 21.9032707214355 261.131556780117 31.0594997406006 175 44
"156" 2 0 -40.0833333333333 -18.9166666666667 23.6666459242503 188.922020091559 31.2089996337891 176 40
"157" 1 0 -53.9166666666667 -25.9166666666667 18.8949582576752 360.336830721316 29.0394992828369 201 114
"158" 3 0 -48.5833333333333 -20.5833333333333 22.7427501281102 190.733929552723 31.1714992523193 245 13
"159" 1 0 -49.25 -27.9166666666667 15.5004062056541 297.240497905307 24.5372505187988 202 98
"160" 3 0 -40.0833333333333 -19.9166666666667 23.4909092585246 196.080935212595 30.9874134063721 191 50
"161" 1 0 -44.5833333333333 -22.0833333333333 16.5714895923932 234.537997031995 26.9979991912842 314 24
"162" 2 0 -49.75 -25.0833333333333 17.969593723615 296.413463640031 27.9090003967285 200 82
"163" 1 0 -50.75 -28.25 16.2763646046321 317.34394607779 25.3570003509521 161 107
"164" 3 0 -40.4166666666667 -18.9166666666667 23.3509479363759 188.533699452758 31.2490005493164 181 37
"165" 1 0 -39.4166666666667 -16.75 24.1966874599457 155.925846811085 30.2294998168945 147 73
"166" 3 0 -48.5833333333333 -27.4166666666667 19.5532682736715 314.532036147378 28.6880741119385 188 99
"167" 3 0 -52.75 -26.0833333333333 17.8772814273834 343.132846559688 28.3819999694824 203 116
"168" 1 0 -52.0833333333333 -28.0833333333333 17.5603540937106 354.284560398829 28.16575050354 199 121
"169" 3 0 -46.9166666666667 -23.4166666666667 18.2680103381475 232.078482383892 26.2600002288818 235 37
"170" 2 0 -54.25 -29.75 19.7368332544963 406.953190599144 30.0882511138916 157 127
"171" 3 0 -43.4166666666667 -18.9166666666667 20.4678021272024 238.574624873917 30.1095008850098 281 12
"172" 3 0 -53.75 -28.75 18.8235624631246 374.840956157881 29.5345001220703 179 127
"173" 2 0 -52.25 -29.4166666666667 18.1298019091288 361.861344425197 27.2124996185303 187 54
"174" 2 0 -50.0833333333333 -29.5833333333333 18.6482500632604 324.789130479978 27.1630001068115 153 100
"175" 1 0 -51.9166666666667 -23.75 19.6396979093552 294.934720209865 29.4109992980957 190 60
"176" 1 0 -41.4166666666667 -18.5833333333333 22.1715625921885 186.325022195583 30.6247501373291 197 21
"177" 3 0 -50.75 -24.25 18.3413021763166 294.097499831447 28.2150001525879 167 74
"178" 3 0 -50.25 -22.0833333333333 21.0432188510895 271.071434763263 30.6340007781982 194 28
"179" 3 0 -52.0833333333333 -27.9166666666667 17.820916612943 352.720125418742 28.07200050354 198 121
"180" 3 0 -54.4166666666667 -29.9166666666667 19.531010667483 411.805841771251 29.9587497711182 156 124
"181" 1 0 -51.75 -28.75 17.4174164930979 346.25632775975 26.7964992523193 179 117
"182" 2 0 -48.4166666666667 -22.9166666666667 19.4447499513626 237.05780489167 28.6254997253418 225 33
"183" 1 0 -47.9166666666667 -24.75 22.0922605593999 295.953713844551 30.3707504272461 263 63
"184" 2 0 -54.25 -31.25 18.6373230218887 421.810669408901 29.0412502288818 144 106
"185" 1 0 -43.75 -22.0833333333333 20.2280413707097 230.588058586308 29.2549991607666 230 17
"186" 3 0 -52.4166666666667 -26.5833333333333 17.474208454291 334.662779349004 28.0587501525879 227 142
"187" 2 0 -50.25 -24.25 17.5900417566299 278.258807675335 27.8075008392334 179 66
"188" 2 0 -53.9166666666667 -31.25 18.343208471934 417.304067675544 28.7709999084473 147 104
"189" 2 0 -53.5833333333333 -27.9166666666667 18.5089582999547 376.88045331359 29.9112491607666 192 132
"190" 2 0 -42.25 -18.9166666666667 23.3357396920522 198.430140618238 32.3484992980957 234 14
"191" 3 0 -48.0833333333333 -22.4166666666667 19.3130311171214 239.281413753184 28.088249206543 249 27
"192" 1 0 -52.4166666666667 -24.4166666666667 18.4708749453227 277.248439842446 27.6429996490479 216 83
"193" 3 0 -54.75 -28.9166666666667 19.4364168047905 396.448537036898 30.2385005950928 176 135
"194" 3 0 -53.0833333333333 -32.5833333333333 18.1146561900775 417.259945888041 27.6665000915527 126 79
"195" 1 0 -43.5833333333333 -19.0833333333333 18.6911873817444 208.350703884442 27.5279998779297 303 17
"196" 1 0 -52.25 -25.5833333333333 18.1857082247734 330.191450681977 27.9580001831055 193 107
"197" 3 0 -40.75 -19.4166666666667 22.8252601623535 194.459389673853 31.1569995880127 192 32
"198" 2 0 -50.75 -27.0833333333333 15.6350834767024 332.397444530109 25.5580005645752 166 93
"199" 2 0 -45.9166666666667 -22.4166666666667 19.0703333218892 250.321055590288 29.6229991912842 269 28
"200" 2 0 -49.25 -23.9166666666667 19.7211147546768 282.671971064887 29.6765003204346 175 47
"201" 2 0 -42.9166666666667 -17.9166666666667 20.1257812579473 197.087965690973 28.5287494659424 259 8
"202" 1 0 -39.75 -19.25 23.834025700887 193.727424410316 31.2040004730225 179 52
"203" 1 0 -40.75 -19.25 23.1052603324254 193.028413058054 31.419750213623 189 30
"204" 2 0 -53.25 -28.4166666666667 18.5367186466853 370.8894162337 29.4804992675781 177 127
"205" 3 0 -53.25 -27.9166666666667 18.3540834387143 375.073436303196 29.488000869751 189 129
"206" 3 0 -51.0833333333333 -27.9166666666667 16.4498125513395 329.200812471269 25.8657493591309 176 110
"207" 3 0 -46.25 -23.9166666666667 21.813228448232 241.570426159019 30.4627513885498 345 121
"208" 1 0 -44.5833333333333 -20.75 19.1632812420527 207.015425409275 28.1422500610352 338 16
"209" 1 0 -41.9166666666667 -17.0833333333333 21.7353438138962 171.849344626347 30.34375 184 7
"210" 1 0 -44.4166666666667 -21.0833333333333 19.5309999783834 221.280531336584 28.8784999847412 324 14
"211" 1 0 -51.9166666666667 -27.5833333333333 18.2355313698451 351.862127583364 28.2719993591309 197 122
"212" 3 0 -42.25 -18.5833333333333 21.3894271055857 208.087272045797 30.1257495880127 248 17
"213" 2 0 -41.0833333333333 -16.5833333333333 22.5983436902364 182.207132887024 30.6075000762939 167 15
"214" 1 0 -52.4166666666667 -27.9166666666667 17.6037082274755 352.673044845105 28.480749130249 197 122
"215" 1 0 -50.75 -30.25 19.5080714225769 347.73393741646 28.0601787567139 145 90
"216" 2 0 -51.4166666666667 -29.75 19.720552166303 359.219703460313 28.7759990692139 149 104
"217" 1 0 -52.9166666666667 -25.5833333333333 18.6223749518394 344.392591707908 28.9654998779297 220 95
"218" 3 0 -41.4166666666667 -20.0833333333333 20.0166042248408 211.662856802138 29.6429996490479 211 29
"219" 3 0 -44.0833333333333 -20.25 20.3543228705724 196.149510097763 29.5799999237061 307 13
"220" 2 0 -51.5833333333333 -30.25 18.9238855044047 368.411249251295 27.6947498321533 141 104
"221" 3 0 -40.75 -18.75 23.4068644444148 185.950352958212 31.5669994354248 183 30
"222" 1 0 -52.5833333333333 -25.4166666666667 17.970187385877 320.13950422475 27.7847499847412 203 102
"223" 1 0 -52.5833333333333 -31.0833333333333 18.8114999930064 412.338995294224 28.1924991607666 140 92
"224" 3 0 -49.5833333333333 -29.25 19.2762004137039 333.949386474397 28.0796604156494 145 92
"225" 2 0 -45.0833333333333 -19.75 21.0345418850581 212.529723743609 31.1525001525879 293 11
"226" 3 0 -52.9166666666667 -28.75 18.7242813110352 377.194126828385 29.4297504425049 157 110
"227" 1 0 -42.25 -21.25 21.6794686317444 240.625015911756 31.4787502288818 251 20
"228" 3 0 -51.9166666666667 -28.5833333333333 17.4226979017258 348.432179661106 27.1847496032715 185 120
"229" 2 0 -48.4166666666667 -23.9166666666667 18.7882708311081 282.377484464489 28.3229999542236 192 41
"230" 3 0 -45.25 -23.0833333333333 17.7065208355586 254.363802387144 27.6742496490479 245 23
"231" 1 0 -43.4166666666667 -22.0833333333333 20.3326146205266 225.669865556549 29.0480003356934 230 24
"232" 1 0 -41.75 -16.75 22.0026457707087 175.22839217994 30.5287494659424 175 7
"233" 1 0 -51.25 -30.25 19.7079989512761 360.708115715578 28.4058399200439 135 95
"234" 2 0 -43.9166666666667 -20.25 18.3696668942769 189.44130414933 26.9082508087158 319 14
"235" 2 0 -54.4166666666667 -28.5833333333333 19.6056980490685 391.452865726764 30.621000289917 185 138
"236" 2 0 -50.9166666666667 -22.75 22.1987501382828 269.556437822112 31.3692493438721 191 40
"237" 1 0 -52.5833333333333 -26.9166666666667 18.2204167842865 339.105307541934 28.080249786377 215 150
"238" 3 0 -48.0833333333333 -21.9166666666667 20.4039063453674 226.853433125641 28.8992500305176 238 23
"239" 2 0 -50.9166666666667 -23.9166666666667 18.8413852850596 283.316862380405 28.5472507476807 189 69
"240" 2 0 -54.5833333333333 -31.4166666666667 18.7101981639862 440.510481115747 29.66575050354 133 104
"241" 2 0 -42.75 -21.0833333333333 21.1604269742966 231.122314447211 30.9755001068115 240 15
"242" 2 0 -47.4166666666667 -22.25 20.5483229955037 238.076202068415 29.5057506561279 249 21
"243" 1 0 -52.9166666666667 -30.75 18.5445625185966 413.747372321663 28.3209991455078 139 102
"244" 3 0 -41.5833333333333 -16.75 21.4918020963669 178.334392398287 29.7800006866455 173 9
"245" 1 0 -50.75 -30.0833333333333 19.4350519975026 347.726369101058 28.24049949646 147 92
"246" 2 0 -53.25 -31.25 18.2930415471395 412.533930401559 28.0084991455078 142 96
"247" 3 0 -51.9166666666667 -24.9166666666667 17.2712917129199 284.632146698657 26.3622493743896 223 92
"248" 3 0 -46.0833333333333 -21.4166666666667 20.1390206813812 239.200467440404 29.986499786377 278 23
"249" 1 0 -41.75 -20.25 19.3544166882833 221.065075231041 29.1674995422363 220 24
"250" 3 0 -41.0833333333333 -17.9166666666667 23.2315831184387 186.433519245363 31.5282497406006 178 25
"251" 1 0 -41.25 -17.75 23.138708392779 187.49832930919 31.5707492828369 177 22
"252" 1 0 -50.25 -21.9166666666667 21.3221770127614 270.357123461369 31.1252498626709 198 27
"253" 2 0 -47.75 -22.4166666666667 20.0754271745682 244.284961912682 28.7102508544922 251 23
"254" 1 0 -47.4166666666667 -21.75 21.1771876414617 224.946908304495 30.304500579834 262 20
"255" 3 0 -41.9166666666667 -19.9166666666667 19.6014063755671 220.771729324981 29.6647491455078 224 20
"256" 3 0 -43.25 -19.25 20.9250416755676 232.717052776312 30.7325000762939 301 11
"257" 1 0 -52.75 -27.5833333333333 18.2577500740687 359.166994770954 28.5537490844727 190 125
"258" 2 0 -41.75 -20.9166666666667 20.0455938180288 230.433713442357 29.769250869751 217 24
"259" 1 0 -50.25 -28.75 15.6754270394643 296.272002614483 24.4302501678467 162 117
"260" 2 0 -44.4166666666667 -21.4166666666667 19.442947824796 224.579193540614 28.9792499542236 308 16
"261" 2 0 -52.25 -24.0833333333333 19.2732604344686 277.600429423295 28.5690002441406 189 77
"262" 1 0 -50.25 -28.0833333333333 15.0037603576978 308.147486165562 23.9422492980957 149 101
"263" 1 0 -52.0833333333333 -27.0833333333333 17.6427394549052 335.600203755478 27.3920001983643 206 129
"264" 3 0 -41.5833333333333 -16.9166666666667 20.9072810411453 178.68148038714 29.2127494812012 175 12
"265" 1 0 -50.25 -26.25 16.6193435788155 326.702930085538 26.7119998931885 168 80
"266" 3 0 -40.5833333333333 -17.9166666666667 23.6267707745234 182.059709058358 31.7614994049072 171 33
"267" 2 0 -53.5833333333333 -26.4166666666667 18.1145312190056 339.869619142971 28.4537506103516 201 129
"268" 2 0 -48.9166666666667 -21.0833333333333 22.4119999011358 205.336418054773 31.1917495727539 243 20
"269" 2 0 -52.5833333333333 -31.5833333333333 18.5442396004995 401.033908555691 27.8752498626709 141 86
"270" 1 0 -47.5833333333333 -22.0833333333333 20.2208959261576 226.184397113379 28.992000579834 249 22
"271" 1 0 -47.0833333333333 -22.9166666666667 20.3234272400538 230.561099227801 28.89674949646 230 28
"272" 3 0 -51.0833333333333 -31.0833333333333 19.0809523264567 368.736474459445 27.4156684875488 135 85
"273" 1 0 -51.5833333333333 -27.4166666666667 17.387427230676 340.636887904605 27.3672504425049 198 101
"274" 1 0 -47.9166666666667 -22.5833333333333 20.6081146796544 247.949260623089 29.3010005950928 244 26
"275" 2 0 -40.25 -18.5833333333333 23.9174896081289 185.245401582864 31.7544994354248 173 39
"276" 1 0 -49.4166666666667 -25.75 16.7516042391459 299.97952689448 25.8072509765625 169 70
"277" 1 0 -43.9166666666667 -21.9166666666667 18.4413646459579 218.797143339167 27.193000793457 272 19
"278" 2 0 -50.9166666666667 -24.25 18.3774271011353 293.48024305639 28.2407493591309 176 78
"279" 2 0 -50.9166666666667 -28.0833333333333 16.2578229109446 323.722069949816 25.5114994049072 169 109
"280" 2 0 -48.25 -20.9166666666667 22.5516144434611 190.387227379498 30.6690006256104 265 13
"281" 3 0 -51.4166666666667 -29.5833333333333 19.5716771682103 357.523597676143 28.7247505187988 152 105
"282" 3 0 -50.0833333333333 -27.4166666666667 15.7496667106946 325.365542873482 25.232250213623 167 100
"283" 1 0 -49.25 -24.4166666666667 17.5455937981606 298.326862577249 27.8337497711182 191 58
"284" 2 0 -54.75 -30.4166666666667 19.3899167180061 425.034449215538 30.0022506713867 147 115
"285" 3 0 -53.4166666666667 -25.25 18.753989636898 329.921760284121 28.824499130249 193 109
"286" 3 0 -52.0833333333333 -30.4166666666667 18.0213646491369 390.767506975901 27.3209991455078 138 103
"287" 3 0 -48.25 -21.75 20.8946144978205 225.665007969942 29.6117496490479 239 20
"288" 2 0 -50.25 -22.5833333333333 20.8197187582652 272.776035439131 30.6827507019043 200 39
"289" 2 0 -47.0833333333333 -22.25 20.6257705688477 238.383268770648 29.8624992370605 245 20
"290" 1 0 -50.75 -29.5833333333333 18.8718020121257 336.085368462701 27.923999786377 154 103
"291" 1 0 -53.75 -26.0833333333333 18.1893645326297 350.475858664312 28.3764991760254 205 115
"292" 3 0 -53.9166666666667 -30.25 19.5059061845144 413.726632619409 29.6415004730225 148 118
"293" 3 0 -50.9166666666667 -27.9166666666667 16.0667916933695 324.574497964341 25.4139995574951 169 109
"294" 1 0 -45.4166666666667 -22.9166666666667 20.7917498747508 233.122780858791 29.6009998321533 226 22
"295" 2 0 -50.4166666666667 -24.75 17.767406364282 293.017544163054 27.8229999542236 160 73
"296" 3 0 -51.0833333333333 -25.4166666666667 17.0421042044957 295.315874765111 26.1404991149902 180 95
"297" 1 0 -46.75 -24.0833333333333 21.8690747419993 241.587312484803 30.3059139251709 302 91
"298" 1 0 -52.75 -27.25 18.8605000376701 361.235005598446 29.0645008087158 198 126
"299" 1 0 -45.4166666666667 -23.25 18.150177081426 253.999106552525 27.4692497253418 238 26
"300" 2 0 -53.25 -25.75 18.5317603151004 350.953732740213 29.0452499389648 234 109
"301" 1 0 -43.4166666666667 -19.9166666666667 20.0810832977295 212.569916332102 29.6817493438721 316 15
"302" 3 0 -42.25 -22.5833333333333 22.9304165442785 222.494579820247 31.6639995574951 172 29
"303" 3 0 -51.25 -27.9166666666667 16.2501040697098 329.795336116602 25.8577499389648 185 111
"304" 3 0 -48.5833333333333 -28.25 20.0520834525426 308.15702385369 28.9166679382324 171 90
"305" 2 0 -50.5833333333333 -27.25 15.2988541523616 328.219024090906 25.0647506713867 166 98
"306" 1 0 -51.4166666666667 -27.4166666666667 16.7739166418711 335.326475100723 26.8840007781982 193 104
"307" 3 0 -53.25 -26.25 17.6416562994321 310.656734450504 27.8402500152588 209 128
"308" 2 0 -42.9166666666667 -19.0833333333333 20.4736041625341 228.772540290218 29.871000289917 297 12
"309" 1 0 -46.4166666666667 -20.4166666666667 19.2714686791102 222.095422926804 28.4042491912842 302 16
"310" 2 0 -53.9166666666667 -30.0833333333333 19.8860104878743 411.97614332241 30.0067501068115 149 121
"311" 3 0 -47.0833333333333 -20.4166666666667 19.5227603912354 198.57712393482 27.4332504272461 290 17
"312" 1 0 -49.5833333333333 -25.75 16.7827291886012 302.10102536048 26.0734996795654 162 71
"313" 3 0 -50.9166666666667 -21.9166666666667 22.2145625750224 265.168831295699 31.5755004882812 196 31
"314" 1 0 -43.5833333333333 -19.4166666666667 18.781156261762 202.174383007683 27.4522495269775 318 9
"315" 1 0 -44.9166666666667 -20.25 20.6474480628967 219.137901654134 30.5305004119873 297 14
"316" 3 0 -51.4166666666667 -24.5833333333333 19.086531440417 303.7391054557 28.9810009002686 186 79
"317" 2 0 -50.5833333333333 -27.0833333333333 15.3893854220708 328.175894640015 25.2679996490479 166 93
"318" 1 0 -51.4166666666667 -22.75 22.0065520207087 262.686195708771 31.0362491607666 174 43
"319" 1 0 -46.5833333333333 -20.9166666666667 19.2646561861038 223.639479332097 28.5305004119873 280 16
"320" 3 0 -54.0833333333333 -30.5833333333333 19.0380209287008 415.91507887871 29.3150005340576 148 112
"321" 2 0 -49.4166666666667 -24.5833333333333 17.801260471344 296.057703052014 27.9610004425049 193 66
"322" 2 0 -42.0833333333333 -19.5833333333333 20.5077812274297 211.557742756689 30.2292499542236 230 18
"323" 3 0 -50.4166666666667 -22.25 21.2581353187561 272.418006761689 30.994499206543 197 31
"324" 2 0 -43.5833333333333 -19.75 19.6396977901459 198.681238932183 28.8024997711182 325 15
"325" 3 0 -47.9166666666667 -21.0833333333333 22.2069895267487 201.906524101422 30.4025001525879 264 19
"326" 2 0 -42.5833333333333 -18.4166666666667 21.0342397689819 230.820780600652 30.3632507324219 272 11
"327" 3 0 -51.0833333333333 -27.75 16.2819478114446 330.09189740069 25.726749420166 177 111
"328" 3 0 -45.4166666666667 -19.9166666666667 21.0521250963211 226.236531463038 31.3854999542236 293 12
"329" 3 0 -40.9166666666667 -21.0833333333333 23.4198985497157 206.527868695411 31.5105266571045 166 34
"330" 1 0 -50.75 -26.9166666666667 15.1744790673256 324.071024994353 25.0567493438721 164 88
"331" 3 0 -52.25 -24.4166666666667 18.8074270884196 281.797333258833 27.9812507629395 194 73
"332" 3 0 -53.0833333333333 -32.0833333333333 18.2225104570389 415.614667925469 28.2080001831055 133 85
"333" 3 0 -54.75 -30.5833333333333 19.324687341849 429.219781212794 29.9757499694824 144 113
"334" 2 0 -42.4166666666667 -18.4166666666667 22.0771458546321 215.064901996642 31.0715007781982 251 12
"335" 1 0 -50.5833333333333 -28.0833333333333 15.7766666014989 315.913724522395 24.8780002593994 154 105
"336" 2 0 -50.0833333333333 -24.4166666666667 16.9356874028842 279.939472632517 27.369499206543 193 68
"337" 2 0 -52.9166666666667 -28.4166666666667 18.4025937716166 368.679727051585 29.2347507476807 166 125
"338" 3 0 -51.5833333333333 -24.5833333333333 18.4083958069483 290.117696666586 27.9097499847412 195 78
"339" 2 0 -51.0833333333333 -27.5833333333333 16.2922708590825 332.60788568509 25.8807506561279 179 111
"340" 1 0 -42.75 -22.4166666666667 19.3267186482747 231.215315761927 28.1357498168945 233 30
"341" 2 0 -47.4166666666667 -20.25 20.2427291472753 184.647100762403 27.3169994354248 289 16
"342" 1 0 -43.0833333333333 -23.0833333333333 23.3833332061768 191.398362041906 29.5 158 37
"343" 3 0 -39.75 -17.5833333333333 24.2667396068573 169.235331178074 31.0997505187988 140 60
"344" 3 0 -41.0833333333333 -18.25 23.2949166695277 183.720908594636 31.6187496185303 182 24
"345" 2 0 -44.4166666666667 -22.5833333333333 20.3951146602631 233.418186517808 29.7800006866455 264 22
"346" 1 0 -51.0833333333333 -30.25 19.4470116297404 351.949000007034 28.1192626953125 138 94
"347" 3 0 -43.4166666666667 -18.75 20.1197813351949 228.801116399408 29.4069995880127 279 14
"348" 2 0 -48.5833333333333 -20.9166666666667 22.4144478638967 192.588377907521 30.8145008087158 261 18
"349" 1 0 -44.9166666666667 -22.9166666666667 17.5080625017484 251.705028194751 28.0424995422363 237 22
"350" 1 0 -46.75 -21.25 19.5947709878286 225.958029246746 28.9227504730225 268 16
"351" 2 0 -46.5833333333333 -23.0833333333333 18.3076145648956 236.613043891437 26.9685001373291 234 29
"352" 2 0 -43.0833333333333 -21.5833333333333 20.9782395760218 225.097621730146 30.2880001068115 261 14
"353" 1 0 -52.75 -25.5833333333333 18.4404165943464 339.740145414585 28.6327495574951 211 98
"354" 3 0 -52.4166666666667 -28.4166666666667 18.0299793680509 362.430465626943 28.5702495574951 182 123
"355" 3 0 -49.75 -22.5833333333333 20.7656144301097 269.308431454924 30.8662490844727 209 38
"356" 1 0 -52.4166666666667 -23.75 19.5142813126246 282.544799518091 28.9717502593994 163 65
"357" 1 0 -46.5833333333333 -21.4166666666667 18.9958853721619 225.459376620624 28.3482494354248 265 17
"358" 1 0 -52.25 -29.5833333333333 19.5383854707082 379.898891825585 28.9317493438721 174 62
"359" 1 0 -40.9166666666667 -18.4166666666667 22.0349895159403 184.225241937831 30.2455005645752 184 28
"360" 2 0 -52.4166666666667 -30.9166666666667 19.1021771430969 410.424005434936 28.3497505187988 140 93
"361" 2 0 -41.9166666666667 -17.75 21.3368229071299 189.205341792499 30.0380001068115 205 14
"362" 1 0 -41.25 -16.9166666666667 20.9830103317897 181.227068750326 29.1439990997314 166 18
"363" 3 0 -42.0833333333333 -20.9166666666667 21.1695209344228 235.658411054765 30.894250869751 229 17
"364" 1 0 -54.25 -31.5833333333333 18.7697813510895 433.992989259771 29.4277496337891 133 99
"365" 1 0 -53.5833333333333 -32.4166666666667 18.0111769636472 435.398909683113 28.8177490234375 129 86
"366" 2 0 -51.75 -25.25 16.7664583325386 283.541956595478 25.7940006256104 201 101
"367" 3 0 -50.0833333333333 -28.4166666666667 15.1130416790644 299.038393239125 23.8409996032715 156 105
"368" 2 0 -42.9166666666667 -17.75 20.5856042305628 191.471670252928 29.0307502746582 249 7
"369" 2 0 -51.9166666666667 -26.5833333333333 15.5269480347633 320.107623846991 25.6052494049072 192 103
"370" 3 0 -49.5833333333333 -22.4166666666667 20.6785208384196 259.12148748873 30.6252498626709 210 31
"371" 2 0 -43.5833333333333 -20.4166666666667 17.6259271303813 204.487935587301 26.0667495727539 304 15
"372" 2 0 -51.25 -30.75 19.3194999694824 367.128103575176 27.6520004272461 133 89
"373" 1 0 -48.4166666666667 -27.5833333333333 19.6164866288503 310.180035908472 28.4716053009033 184 106
"374" 1 0 -42.75 -17.75 20.2906249761581 192.677366671397 28.746000289917 248 8
"375" 2 0 -39.4166666666667 -16.9166666666667 24.1128333409627 155.555742750384 30.1720008850098 148 72
"376" 1 0 -52.25 -27.0833333333333 17.6894061962763 333.660596806641 27.3157501220703 211 143
"377" 2 0 -44.75 -22.5833333333333 20.0431458155314 241.9977964961 29.5307502746582 265 24
"378" 3 0 -45.75 -23.25 19.0051563183467 248.798999592948 27.5497493743896 227 26
"379" 2 0 -49.5833333333333 -26.25 16.3632498582204 310.947268273414 25.869499206543 172 81
"380" 1 0 -39.75 -17.75 24.2408436934153 170.264610150743 31.0189990997314 153 65
"381" 1 0 -49.4166666666667 -24.25 17.3771459062894 286.457483556354 27.5967502593994 201 54
"382" 3 0 -51.25 -24.9166666666667 18.5503958463669 305.936566909188 28.2337493896484 182 83
"383" 2 0 -51.9166666666667 -32.0833333333333 18.5385414759318 404.042254318394 27.2678565979004 124 62
"384" 3 0 -54.5833333333333 -29.25 18.9449792702993 394.652787218587 29.6184997558594 167 134
"385" 2 0 -41.25 -18.75 23.0198959112167 185.172283698176 31.4860000610352 191 22
"386" 1 0 -46.0833333333333 -19.9166666666667 20.3600833018621 238.951726556865 30.669750213623 288 13
"387" 2 0 -45.0833333333333 -20.25 20.2713644901911 219.51660295684 30.1380004882812 294 15
"388" 1 0 -40.75 -17.9166666666667 23.437864780426 181.776194253808 31.5707492828369 174 30
"389" 3 0 -53.9166666666667 -29.75 19.8621561924617 404.838519630106 30.0349998474121 154 129
"390" 1 0 -50.4166666666667 -29.4166666666667 15.0822916030884 314.717159042156 23.8227500915527 200 135
"391" 1 0 -50.9166666666667 -22.9166666666667 22.0619271596273 270.314670532548 31.1560001373291 182 41
"392" 3 0 -42.5833333333333 -21.75 21.6425519784292 238.565841531061 31.2840003967285 255 19
"393" 3 0 -40.25 -19.5833333333333 23.5185521443685 197.130100543069 31.3964996337891 191 40
"394" 1 0 -54.0833333333333 -27.0833333333333 19.298989435037 381.300219490389 29.8209991455078 185 127
"395" 2 0 -46.0833333333333 -23.75 19.7408446073532 244.623401180995 27.9840545654297 336 107
"396" 1 0 -54.0833333333333 -28.75 18.9960000713666 383.128320287171 29.8777503967285 181 132
"397" 3 0 -41.25 -21.25 23.3870728810628 210.772213430841 32.2005004882812 176 27
"398" 1 0 -48.9166666666667 -24.75 20.3034582138062 320.679376079975 29.7457504272461 181 59
"399" 2 0 -48.5833333333333 -25.0833333333333 18.6160000165304 298.083860376881 27.04075050354 247 71
"400" 1 0 -41.75 -22.4166666666667 23.113365650177 211.605578640642 31.1025981903076 198 42
"401" 1 0 -48.75 -25.25 19.8386354049047 295.454143898324 28.214750289917 259 71
"402" 1 0 -39.9166666666667 -19.25 23.7285312811534 193.807963092077 31.1907501220703 182 45
"403" 2 0 -44.0833333333333 -20.75 19.5236353476842 209.293837522023 28.6224994659424 290 15
"404" 1 0 -53.4166666666667 -32.5833333333333 17.9573646783829 428.689608307143 28.3384990692139 129 84
"405" 1 0 -53.4166666666667 -27.9166666666667 18.3366561333338 373.517230245272 29.6520004272461 191 130
"406" 2 0 -47.75 -22.75 20.7613333463669 250.352143142394 29.3512496948242 231 25
"407" 2 0 -53.4166666666667 -30.4166666666667 19.1464272340139 412.454248650193 28.9265003204346 140 112
"408" 2 0 -49.25 -22.5833333333333 20.8093645572662 236.367398882222 30.3592491149902 197 27
"409" 2 0 -49.9166666666667 -22.5833333333333 20.632312297821 271.946557212906 30.63450050354 213 38
"410" 1 0 -49.5833333333333 -28.5833333333333 17.3154270648956 310.398965551805 26.6079998016357 174 94
"411" 3 0 -51.0833333333333 -23.75 18.7712499698003 272.947512094525 28.3102493286133 198 67
"412" 3 0 -41.5833333333333 -21.0833333333333 21.9145520925522 223.927834816686 31.224250793457 202 23
"413" 1 0 -48.25 -22.5833333333333 20.8696041901906 245.18037704921 29.9715003967285 232 28
"414" 1 0 -44.25 -20.0833333333333 20.623500029246 193.989179172948 30.1037502288818 322 14
"415" 2 0 -52.0833333333333 -31.5833333333333 19.1769044001897 397.100861938593 27.9175262451172 133 76
"416" 1 0 -40.4166666666667 -17.4166666666667 23.7512813011805 179.203710848062 31.6280002593994 166 36
"417" 1 0 -45.9166666666667 -19.9166666666667 20.8379376729329 247.492592459351 31.7077503204346 280 12
"418" 3 0 -48.4166666666667 -21.0833333333333 22.0355416933695 194.005362850273 30.2415008544922 252 16
"419" 2 0 -49.0833333333333 -27.0833333333333 17.9278541405996 313.55186701842 26.9874992370605 202 93
"420" 2 0 -41.25 -20.4166666666667 19.8457395235697 214.785518628205 29.2537498474121 204 31
"421" 3 0 -54.25 -28.75 19.2822083830833 387.49616636946 30.2250003814697 181 135
"422" 2 0 -39.9166666666667 -18.4166666666667 23.9783750375112 179.096128925182 31.0874996185303 170 55
"423" 1 0 -43.0833333333333 -22.5833333333333 21.0620833237966 223.962871608933 29.9217491149902 228 44
"424" 3 0 -53.4166666666667 -29.9166666666667 19.9583751360575 406.152231348951 29.7982501983643 145 116
"425" 1 0 -47.75 -24.25 21.9142500559489 281.541503024972 30.6367492675781 239 58
"426" 3 0 -45.4166666666667 -19.5833333333333 21.4938228925069 217.841872450436 31.6542491912842 280 10
"427" 3 0 -43.9166666666667 -19.9166666666667 20.7473646799723 184.240976321507 29.7137508392334 320 14
"428" 2 0 -40.75 -19.75 22.2271144390106 196.896692509875 30.6509990692139 198 39
"429" 2 0 -50.9166666666667 -26.0833333333333 16.3599896033605 324.355982251314 25.8894996643066 167 93
"430" 3 0 -42.9166666666667 -21.75 19.981937567393 229.778006503948 29.2709999084473 271 20
"431" 3 0 -50.5833333333333 -21.75 21.8092081546783 269.583035741786 31.4947490692139 205 24
"432" 3 0 -40.9166666666667 -20.75 20.7393125295639 209.639174800473 29.4750003814697 187 41
"433" 1 0 -46.75 -20.0833333333333 18.7413956721624 199.438981455795 27.4802494049072 313 18
"434" 2 0 -46.25 -21.75 18.9403749704361 216.558243474654 28.4610004425049 290 26
"435" 2 0 -50.5833333333333 -29.75 19.0828541914622 339.504933047146 28.0962505340576 151 98
"436" 1 0 -41.25 -17.4166666666667 23.3196979761124 188.965015391159 31.7827491760254 171 19
"437" 1 0 -41.0833333333333 -19.4166666666667 23.5330001115799 192.305443875081 32.3440017700195 193 24
"438" 2 0 -51.4166666666667 -24.25 19.3815311988195 299.39442645794 29.2952499389648 196 76
"439" 2 0 -52.75 -24.5833333333333 19.5437396764755 301.546018513692 28.911750793457 252 78
"440" 3 0 -43.4166666666667 -22.4166666666667 19.1928436756134 224.745045165997 28.043249130249 258 38
"441" 3 0 -50.9166666666667 -28.5833333333333 16.175145804882 315.536757484446 25.2352504730225 175 115
"442" 2 0 -51.4166666666667 -28.25 16.538531323274 331.141677165175 26.1725006103516 190 115
"443" 1 0 -51.25 -30.4166666666667 19.5251245896022 363.398137925461 28.1757469177246 132 94
"444" 2 0 -52.0833333333333 -27.5833333333333 17.8174270788829 347.935248574692 27.9682502746582 199 125
"445" 1 0 -52.4166666666667 -31.0833333333333 18.8251249790192 407.991834999026 28.0515003204346 140 91
"446" 3 0 -54.25 -30.25 19.69176030159 417.380563880647 30.1180000305176 149 120
"447" 1 0 -44.4166666666667 -23.25 22.1699072917302 216.076860855828 31.0777778625488 254 67
"448" 2 0 -46.25 -22.75 17.0259062051773 247.525143991042 27.2237491607666 282 28
"449" 1 0 -54.0833333333333 -29.0833333333333 18.5044375459353 382.484008054593 29.2024993896484 171 133
"450" 1 0 -40.9166666666667 -19.4166666666667 22.261125087738 192.886254170143 30.7075004577637 195 32
"451" 3 0 -50.0833333333333 -28.5833333333333 14.9771561423937 297.779835302542 23.8447494506836 160 111
"452" 1 0 -40.0833333333333 -19.4166666666667 23.6806873480479 196.379878606082 31.2950000762939 186 38
"453" 1 0 -50.5833333333333 -28.4166666666667 16.2000832160314 309.428323611724 25.2049999237061 157 108
"454" 1 0 -53.25 -27.5833333333333 18.9090832869212 388.906277914774 29.7217502593994 197 131
"455" 3 0 -44.0833333333333 -19.9166666666667 20.8200833797455 183.549969203527 29.863000869751 320 13
"456" 1 0 -44.75 -20.0833333333333 20.7568021217982 209.589978753464 30.621000289917 310 13
"457" 1 0 -54.5833333333333 -28.5833333333333 19.8500729799271 394.396431550479 30.7507495880127 185 140
"458" 2 0 -39.75 -16.75 23.8943021297455 157.646706231905 30.3279991149902 135 54
"459" 3 0 -40.5833333333333 -18.9166666666667 23.3473647435506 188.812309683142 31.4600009918213 183 33
"460" 3 0 -42.5833333333333 -22.4166666666667 17.8145417372386 235.837022276414 26.4899997711182 239 30
"461" 3 0 -50.5833333333333 -24.5833333333333 17.6128334005674 289.3733414735 27.482250213623 161 75
"462" 3 0 -46.25 -20.9166666666667 19.6365730365117 231.665651558546 29.2145004272461 279 18
"463" 1 0 -53.5833333333333 -31.0833333333333 18.5330624381701 415.767252367624 28.6952495574951 145 103
"464" 1 0 -46.75 -21.75 18.5991665919622 224.841496622316 27.7207508087158 280 21
"465" 3 0 -51.4166666666667 -24.0833333333333 19.4586979150772 295.364297390111 29.3362503051758 196 73
"466" 2 0 -47.25 -22.0833333333333 21.4365417162577 232.886121371465 31.0955009460449 242 19
"467" 2 0 -42.25 -17.75 20.2964061101278 189.273559762958 28.8452491760254 227 10
"468" 1 0 -47.9166666666667 -23.4166666666667 19.4050000111262 251.008051698594 28.4332504272461 196 34
"469" 3 0 -51.25 -24.0833333333333 19.2012604077657 292.079060967123 29.1152496337891 189 73
"470" 1 0 -41.75 -18.9166666666667 24.1503958304723 181.739962747802 32.9202499389648 201 19
"471" 2 0 -40.4166666666667 -18.25 23.7346980571747 182.001698527792 31.8309993743896 172 38
"472" 3 0 -54.25 -30.9166666666667 18.5470103621483 418.342842615278 29.0084991455078 147 110
"473" 1 0 -49.5833333333333 -26.0833333333333 16.3328334490458 307.284097315143 25.675500869751 164 76
"474" 3 0 -51.4166666666667 -23.0833333333333 20.6199791828791 265.859452813095 29.5834999084473 183 48
"475" 3 0 -51.4166666666667 -31.4166666666667 18.8791666825612 385.626458170473 27.25 129 75
"476" 3 0 -50.5833333333333 -23.4166666666667 20.1180415153503 263.616397615082 29.7047500610352 172 60
"477" 2 0 -40.5833333333333 -17.0833333333333 23.6902082761129 182.679124776391 31.6712493896484 168 34
"478" 1 0 -47.4166666666667 -22.9166666666667 20.2803752024968 239.75347007734 28.7019996643066 225 28
"479" 2 0 -46.25 -21.9166666666667 18.8954479297002 214.754494296786 28.6572494506836 293 28
"480" 3 0 -45.5833333333333 -20.5833333333333 20.2070940335592 235.432375498784 30.1792507171631 283 18
"481" 3 0 -52.5833333333333 -27.0833333333333 18.4494479695956 342.545665901906 28.2439994812012 204 133
"482" 2 0 -52.5833333333333 -31.75 18.9778228998184 405.288955631675 28.4409999847412 138 82
"483" 3 0 -39.9166666666667 -16.5833333333333 23.307874917984 160.627770073011 30.0604991912842 119 48
"484" 2 0 -50.75 -24.0833333333333 18.8711457649867 292.468711442777 28.7210006713867 177 71
"485" 2 0 -39.75 -18.0833333333333 24.1259271303813 173.203890857043 30.9037494659424 177 78
"486" 2 0 -52.5833333333333 -30.5833333333333 17.917979200681 416.900604514587 28.7457504272461 143 100
"487" 2 0 -47.75 -20.75 21.2324479818344 187.320501045884 28.5892505645752 281 16
"488" 3 0 -47.0833333333333 -24.0833333333333 19.089239637057 253.072693368768 27.1340007781982 283 72
"489" 1 0 -51.9166666666667 -30.4166666666667 17.6885106166204 380.603263641744 26.5244998931885 139 105
"490" 2 0 -53.4166666666667 -29.0833333333333 18.8322187860807 381.59994758549 29.3672504425049 157 115
"491" 2 0 -54.5833333333333 -28.75 19.6882916688919 395.386292157261 30.6237506866455 181 138
"492" 2 0 -48.75 -26.75 20.0990496873856 315.773361114136 29.1466846466064 225 84
"493" 1 0 -52.5833333333333 -29.9166666666667 19.7380209763845 401.14298989427 29.4985008239746 154 86
"494" 2 0 -52.0833333333333 -23.75 19.9470105171204 298.617889655087 29.6014995574951 183 61
"495" 1 0 -42.4166666666667 -22.25 17.8983436822891 246.971130520618 26.9512500762939 244 27
"496" 1 0 -51.75 -24.25 19.3983645439148 282.150650458642 29.0137500762939 197 80
"497" 1 0 -54.4166666666667 -30.0833333333333 19.5002605517705 414.781548854865 29.9475002288818 154 122
"498" 1 0 -43.9166666666667 -22.25 19.6789270242055 235.174831335445 28.9152507781982 243 19
"499" 2 0 -49.25 -22.9166666666667 20.263541897138 244.573892138817 30.0602493286133 193 27
"500" 3 0 -48.9166666666667 -26.75 19.277916431427 312.962594749983 28.183500289917 220 87
"501" 3 0 -50.0833333333333 -26.0833333333333 16.6540729006131 317.976186455962 26.451000213623 170 77
"502" 1 0 -47.9166666666667 -22.4166666666667 19.1627501646678 235.248054002408 27.6317501068115 251 27
"503" 2 0 -42.0833333333333 -20.0833333333333 18.1641769806544 224.310029863452 28.0734996795654 239 21
"504" 1 0 -50.9166666666667 -25.5833333333333 16.9133961002032 306.152228748029 26.1825008392334 178 88
"505" 2 0 -42.5833333333333 -18.5833333333333 19.7821352879206 231.04574638 29.1502494812012 285 14
"506" 1 0 -51.5833333333333 -23.0833333333333 20.3118228514989 268.163576847294 29.3659992218018 178 47
"507" 2 0 -47.5833333333333 -24.25 21.8016353845596 274.330329477725 30.414249420166 247 62
"508" 3 0 -42.5833333333333 -21.4166666666667 22.3092082738876 233.670743148432 31.8657493591309 232 16
"509" 2 0 -51.9166666666667 -25.0833333333333 17.1274478038152 288.13539101962 26.1574993133545 211 97
"510" 1 0 -39.9166666666667 -17.9166666666667 24.1118019421895 174.141608593882 31.1597499847412 160 60
"511" 2 0 -49.5833333333333 -28.25 13.4575415651004 287.506397673214 22.0144996643066 183 108
"512" 2 0 -49.0833333333333 -26.0833333333333 16.5722603400548 298.292637767774 25.2162494659424 205 84
"513" 1 0 -48.75 -22.75 20.0641772349675 232.44415810535 29.3315010070801 222 29
"514" 1 0 -47.4166666666667 -23.5833333333333 18.2465418974559 242.485738653905 26.236499786377 229 38
"515" 2 0 -52.9166666666667 -30.25 19.6401873826981 414.765447923378 29.8372497558594 138 103
"516" 2 0 -43.0833333333333 -17.5833333333333 21.1363228559494 185.703750692767 29.7617492675781 240 6
"517" 1 0 -42.4166666666667 -19.5833333333333 22.8674479722977 197.937053504395 31.9702491760254 239 12
"518" 1 0 -43.9166666666667 -19.4166666666667 21.2867396275202 208.43823039123 31.1585006713867 278 9
"519" 3 0 -51.9166666666667 -26.75 15.958593805631 323.605220590829 26.1534996032715 199 112
"520" 3 0 -42.4166666666667 -20.9166666666667 19.72487505277 237.684554204412 29.8465003967285 242 19
"521" 1 0 -54.4166666666667 -30.25 19.5189478000005 419.595026699948 30.0154991149902 151 120
"522" 2 0 -41.0833333333333 -19.5833333333333 22.7503021160762 194.887565120947 31.4300003051758 197 30
"523" 2 0 -50.9166666666667 -23.25 21.4128646453222 267.064682399343 30.2707500457764 184 51
"524" 1 0 -40.9166666666667 -21.9166666666667 23.5949784119924 195.097635372237 31.1512813568115 149 27
"525" 3 0 -48.5833333333333 -22.0833333333333 21.2961041529973 237.86315628967 30.492000579834 232 20
"526" 1 0 -53.0833333333333 -29.0833333333333 18.9010625084241 379.785395708348 29.0212497711182 158 102
"527" 2 0 -48.75 -21.75 21.8056876262029 230.397975647918 31.0284996032715 239 19
"528" 3 0 -48.5833333333333 -23.5833333333333 19.775385260582 258.848582477088 29.525749206543 196 35
"529" 2 0 -48.5833333333333 -21.0833333333333 22.3358957767487 197.544859305516 30.8134994506836 254 18
"530" 3 0 -50.9166666666667 -24.4166666666667 18.3972604473432 297.153498846794 28.3242492675781 171 79
"531" 1 0 -39.5833333333333 -17.25 24.2941667238871 162.330024377564 30.7497501373291 143 63
"532" 3 0 -45.75 -23.9166666666667 21.7833333015442 249.529856394208 29.1000003814697 335 122
"533" 2 0 -51.0833333333333 -26.5833333333333 15.0538854598999 321.505880276808 24.9720001220703 165 96
"534" 3 0 -46.25 -23.5833333333333 18.1395000219345 244.756198500616 26.2787494659424 251 53
"535" 2 0 -43.5833333333333 -18.9166666666667 19.6990103324254 220.301010352358 28.8819999694824 284 15
"536" 2 0 -42.9166666666667 -18.5833333333333 19.3739374876022 236.683172416049 28.6277503967285 296 13
"537" 2 0 -51.75 -25.5833333333333 16.9675001303355 301.962867261355 26.4200000762939 186 104
"538" 2 0 -42.0833333333333 -19.25 22.9836563269297 191.208112473924 31.9745006561279 225 17
"539" 2 0 -50.4166666666667 -21.9166666666667 21.3764582872391 271.810635229175 30.9950008392334 204 27
"540" 3 0 -50.25 -28.9166666666667 15.7269375324249 301.732113934198 24.4837493896484 169 122
"541" 1 0 -47.25 -21.5833333333333 21.0241457223892 228.312024897699 30.2697505950928 252 20
"542" 3 0 -50.9166666666667 -25.9166666666667 16.4330936868985 317.09125062821 25.9130001068115 171 90
"543" 3 0 -48.4166666666667 -25.4166666666667 20.9995863040288 304.923376761444 29.138298034668 279 78
"544" 1 0 -45.25 -22.9166666666667 19.8701040744781 231.851131607726 28.7810001373291 239 21
"545" 2 0 -48.4166666666667 -25.0833333333333 19.3670936822891 299.626924409114 27.6979999542236 266 69
"546" 2 0 -54.0833333333333 -31.75 18.5730729103088 438.586068422726 29.5904998779297 130 95
"547" 3 0 -45.75 -20.75 20.105625073115 234.323946799967 29.4064998626709 283 19
"548" 3 0 -40.4166666666667 -16.4166666666667 22.587406317393 169.560972705874 29.9344997406006 131 36
"549" 2 0 -45.25 -23.75 19.1842875878016 249.577470926729 28.1725196838379 310 92
"550" 2 0 -46.5833333333333 -20.75 20.3144479592641 227.85174318123 29.7447490692139 285 14
"551" 1 0 -50.25 -26.5833333333333 16.4648854732513 329.049657489575 26.4362506866455 165 84
"552" 2 0 -51.9166666666667 -23.9166666666667 20.115083416303 298.884451178238 29.7889995574951 200 68
"553" 1 0 -49.4166666666667 -23.9166666666667 19.9216979344686 279.409775369449 29.6574993133545 177 49
"554" 1 0 -46.0833333333333 -22.4166666666667 17.6579894820849 245.864789168245 28.1714992523193 289 30
"555" 2 0 -53.0833333333333 -31.9166666666667 18.4188958009084 414.899331841225 28.4479999542236 134 86
"556" 3 0 -43.4166666666667 -20.4166666666667 19.0208645264308 216.998171243878 28.3729991912842 290 17
"557" 2 0 -53.25 -32.5833333333333 18.0413541595141 423.149981717309 28.0725002288818 127 82
"558" 3 0 -53.25 -25.5833333333333 18.9382291634878 356.950727788701 29.3682498931885 226 111
"559" 2 0 -45.0833333333333 -21.0833333333333 19.7942709525426 229.388686062684 29.5060005187988 308 22
"560" 2 0 -53.0833333333333 -24.9166666666667 18.4809374610583 310.755939916634 28.1532497406006 220 89
"561" 2 0 -41.0833333333333 -21.9166666666667 23.7175312042236 196.772866990274 31.7897491455078 152 30
"562" 1 0 -42.4166666666667 -17.4166666666667 20.794437567393 179.095925592889 29.3262500762939 220 6
"563" 1 0 -42.4166666666667 -18.75 19.9406769275665 219.820822771457 29.3064994812012 273 17
"564" 3 0 -48.0833333333333 -21.75 20.8282396396001 227.681470758604 29.5575008392334 237 22
"565" 2 0 -52.0833333333333 -30.25 19.0851457118988 391.576644503507 28.2509994506836 139 97
"566" 1 0 -53.0833333333333 -30.25 19.7219582796097 414.24398884944 29.7317504882812 138 106
"567" 2 0 -46.4166666666667 -21.4166666666667 19.1833229064941 227.158067435067 28.7465000152588 268 19
"568" 2 0 -50.5833333333333 -29.4166666666667 15.5531979401906 318.114917564817 24.3064994812012 196 132
"569" 1 0 -41.75 -18.75 24.0126878023148 182.222277458054 32.7075004577637 201 20
"570" 3 0 -50.0833333333333 -26.5833333333333 17.2185102701187 330.291864414352 26.875 162 85
"571" 1 0 -46.25 -23.25 18.3958021799723 239.842749167225 26.6377506256104 233 33
"572" 3 0 -44.0833333333333 -22.75 19.9456353187561 235.462515679425 29.1912498474121 245 25
"573" 2 0 -46.9166666666667 -21.4166666666667 20.4940313100815 229.022790236396 29.8365001678467 262 17
"574" 3 0 -42.9166666666667 -21.4166666666667 20.5220208565394 225.458683981765 29.7509994506836 256 16
"575" 1 0 -41.9166666666667 -19.5833333333333 20.8924791018168 208.577134867405 30.5809993743896 221 18
"576" 3 0 -51.5833333333333 -26.5833333333333 14.8046772281329 316.730492971837 24.6827507019043 178 105
"577" 3 0 -45.0833333333333 -20.5833333333333 19.5271666447322 217.026856454753 29.003999710083 303 17
"578" 2 0 -52.0833333333333 -25.4166666666667 17.9332083861033 315.645517861533 27.550500869751 193 104
"579" 2 0 -53.25 -27.0833333333333 19.3189480304718 399.618147923456 30.2665004730225 207 139
"580" 2 0 -49.4166666666667 -24.75 19.1102916002274 306.055168704862 29.1832504272461 167 66
"581" 3 0 -51.0833333333333 -25.5833333333333 16.0136979818344 290.508545538921 25.0482501983643 182 94
"582" 3 0 -51.0833333333333 -25.9166666666667 15.847062587738 306.999332409012 25.2072505950928 176 91
"583" 2 0 -44.5833333333333 -21.5833333333333 18.8342812458674 222.039451478865 28.3682498931885 312 19
"584" 1 0 -39.4166666666667 -17.0833333333333 24.2660311857859 157.694778142196 30.3850002288818 149 70
"585" 2 0 -42.75 -17.9166666666667 20.1207186778386 199.868128657812 28.6707496643066 256 9
"586" 2 0 -52.75 -25.25 17.7158645391464 307.618982985756 27.1844997406006 213 95
"587" 2 0 -54.75 -29.9166666666667 19.6227917273839 417.241698112894 30.2239990234375 155 122
"588" 3 0 -52.4166666666667 -31.75 19.330406109492 403.254944323703 28.6362495422363 138 78
"589" 3 0 -46.4166666666667 -20.9166666666667 19.4792603651683 228.011201067682 28.9372501373291 280 16
"590" 3 0 -43.4166666666667 -21.0833333333333 19.7037812074025 216.632322412243 29.0925006866455 271 19
"591" 1 0 -44.75 -21.4166666666667 19.4049895604451 223.630152155424 28.8872509002686 320 18
"592" 2 0 -49.0833333333333 -26.5833333333333 19.5201042890549 311.251625823061 28.3507499694824 214 86
"593" 3 0 -50.5833333333333 -27.75 15.9673018654188 327.003618650734 25.3997497558594 153 102
"594" 1 0 -47.75 -23.9166666666667 17.7257291475932 265.817536550805 26.2592506408691 223 52
"595" 1 0 -50.5833333333333 -27.5833333333333 15.467312614123 324.51772020113 24.8812503814697 158 102
"596" 3 0 -52.25 -23.75 19.9384999275208 293.102668499343 29.5557498931885 172 62
"597" 2 0 -42.75 -20.4166666666667 20.8332707881927 232.149536224712 30.8867492675781 251 17
"598" 3 0 -43.5833333333333 -23.0833333333333 23.1600322326024 206.5052953822 31.9106788635254 175 45
"599" 3 0 -50.25 -29.4166666666667 15.7707915902138 311.130864042015 24.3215007781982 185 126
"600" 2 0 -51.0833333333333 -22.5833333333333 22.0115104516347 262.881056003644 31.0957508087158 205 37
"601" 3 0 -50.75 -30.75 19.141028602918 352.494619920623 27.4288291931152 142 88
"602" 3 0 -55.0833333333333 -29.75 19.6336145798365 418.976721115108 30.3702507019043 162 124
"603" 3 0 -53.5833333333333 -26.0833333333333 18.4934270977974 354.231748586623 28.9492492675781 215 110
"604" 3 0 -51.4166666666667 -30.4166666666667 19.4395415385564 366.892127890411 28.1772499084473 134 97
"605" 3 0 -51.9166666666667 -27.25 17.8408230344454 341.492365250676 27.6429996490479 200 123
"606" 3 0 -51.5833333333333 -23.25 19.4707917372386 270.298455079936 28.4815006256104 178 50
"607" 1 0 -48.0833333333333 -20.5833333333333 22.188489596049 180.094152569016 30.0629997253418 288 11
"608" 1 0 -49.75 -25.4166666666667 16.6143020391464 292.651546947548 26.1364994049072 193 81
"609" 3 0 -49.4166666666667 -22.5833333333333 20.8289271990458 248.399218409996 30.5429992675781 203 32
"610" 3 0 -42.75 -22.25 16.8430521090825 235.745007584374 25.8352508544922 281 30
"611" 3 0 -40.25 -19.25 23.4518751700719 194.046398430015 31.2767505645752 185 37
"612" 2 0 -49.25 -25.9166666666667 16.4170624216398 304.401484270748 25.2164993286133 181 78
"613" 3 0 -50.5833333333333 -22.9166666666667 21.7737917502721 272.13077071327 31.0725002288818 177 43
"614" 3 0 -39.25 -17.75 24.4904944896698 163.575702510965 30.2322044372559 183 75
"615" 3 0 -41.9166666666667 -21.25 22.6731144587199 237.587699125409 32.3607482910156 217 17
"616" 3 0 -45.75 -23.75 19.929200609525 248.738429144786 28.5783672332764 314 93
"617" 2 0 -54.4166666666667 -28.0833333333333 19.6388334035873 388.087968259721 30.7002506256104 188 136
"618" 2 0 -53.4166666666667 -26.9166666666667 19.1956249276797 388.931615489377 29.9132499694824 205 142
"619" 2 0 -53.4166666666667 -29.4166666666667 18.5796769460042 383.337205369064 28.4662494659424 150 117
"620" 2 0 -46.9166666666667 -22.75 19.7477185726166 233.589785399855 28.1415004730225 227 27
"621" 3 0 -42.5833333333333 -19.25 22.01953125 202.455484728581 30.9482498168945 266 14
"622" 1 0 -52.0833333333333 -24.25 19.7466143767039 291.785076251959 29.2919998168945 192 72
"623" 2 0 -52.5833333333333 -25.75 18.0167708198229 338.996591598447 28.1252498626709 201 107
"624" 1 0 -51.25 -22.75 22.2226666212082 263.850983616792 31.4120006561279 179 40
"625" 1 0 -48.5833333333333 -20.75 22.4927499294281 191.195117190137 30.8647499084473 249 15
"626" 3 0 -41.4166666666667 -20.9166666666667 20.848072886467 220.706813863948 30.076000213623 200 29
"627" 3 0 -52.4166666666667 -29.25 17.5477918783824 362.057470465764 26.9020004272461 178 74
"628" 2 0 -42.4166666666667 -19.4166666666667 23.4388957818349 189.403759859753 32.4392509460449 239 12
"629" 1 0 -51.4166666666667 -26.9166666666667 16.1249374349912 328.190650030332 25.8889999389648 181 99
"630" 3 0 -52.4166666666667 -27.4166666666667 18.123593946298 346.383324436627 27.8605003356934 192 127
"631" 1 0 -45.9166666666667 -20.4166666666667 20.1505000193914 240.114949729807 30.3969993591309 291 18
"632" 1 0 -52.25 -28.4166666666667 17.6626978516579 357.399147597002 28.054500579834 189 122
"633" 3 0 -41.9166666666667 -21.0833333333333 22.2894166310628 234.602249865556 31.8582496643066 218 16
"634" 1 0 -44.9166666666667 -23.25 17.8823124567668 247.266330418422 27.4584999084473 290 59
"635" 3 0 -50.75 -29.0833333333333 15.6310624480247 317.545653087598 24.6070003509521 190 129
"636" 2 0 -44.5833333333333 -21.4166666666667 19.3677605390549 221.927793079421 28.7562503814697 319 18
"637" 1 0 -45.5833333333333 -21.0833333333333 19.984468738238 243.570838024091 30.21875 277 22
"638" 2 0 -47.9166666666667 -23.75 18.550333460172 262.501312743933 27.7360000610352 196 39
"639" 2 0 -53.75 -30.5833333333333 18.5616665085157 411.393644056789 28.5007495880127 148 114
"640" 2 0 -39.5833333333333 -16.5833333333333 24.0338541666667 157.864722329306 30.2367496490479 143 62
"641" 3 0 -40.5833333333333 -16.5833333333333 22.7626249790192 173.12457383758 30.4220008850098 142 32
"642" 3 0 -40.25 -16.9166666666667 22.3261560201645 170.299239378091 29.746000289917 138 50
"643" 2 0 -46.5833333333333 -20.5833333333333 20.6878124475479 226.125755171494 29.6949996948242 288 13
"644" 2 0 -46.25 -20.25 20.2253749767939 238.073994684286 30.3767509460449 289 13
"645" 3 0 -51.75 -28.4166666666667 16.8483020464579 340.012605330417 26.5682506561279 195 120
"646" 1 0 -41.25 -19.5833333333333 23.0103748639425 198.049516916262 32.0270004272461 198 25
"647" 1 0 -53.4166666666667 -31.25 18.4856145779292 416.962814237116 28.5072498321533 142 98
"648" 2 0 -45.0833333333333 -20.75 19.3417188326518 219.243126513949 28.888500213623 315 19
"649" 1 0 -47.25 -21.75 21.0057186285655 226.543778838594 30.1742496490479 249 18
"650" 3 0 -46.75 -21.5833333333333 19.5268855889638 227.879880267999 28.8047504425049 268 18
"651" 2 0 -43.5833333333333 -20.75 20.0358228683472 217.971069993097 29.472749710083 271 17
"652" 3 0 -51.25 -26.4166666666667 15.7363021572431 327.810727302974 25.7397499084473 165 104
"653" 3 0 -50.5833333333333 -24.9166666666667 17.4190833767255 294.035767218147 27.1797504425049 158 77
"654" 1 0 -49.25 -26.4166666666667 18.8708439270655 311.009720713615 27.7509994506836 200 80
"655" 1 0 -40.25 -17.4166666666667 24.0077396233877 177.263921972551 31.7427501678467 159 37
"656" 3 0 -43.25 -19.4166666666667 20.5507187843323 227.842292312277 30.3889999389648 318 11
"657" 3 0 -50.75 -23.25 21.13214580218 264.850804505478 30.2562503814697 178 51
"658" 1 0 -43.5833333333333 -21.4166666666667 19.0388123591741 204.930866125526 27.7972507476807 298 18
"659" 3 0 -53.5833333333333 -31.75 17.7943438688914 421.308117793757 27.9772491455078 134 92
"660" 2 0 -51.9166666666667 -27.4166666666667 18.4176562627157 351.970679121817 28.2089996337891 196 122
"661" 2 0 -49.0833333333333 -24.0833333333333 18.3304061492284 293.269925610803 28.3752498626709 179 47
"662" 3 0 -45.5833333333333 -21.9166666666667 19.4040000836054 255.8826752678 30.0594997406006 290 23
"663" 1 0 -52.4166666666667 -30.4166666666667 18.8522395690282 409.995002279003 29.0547504425049 136 100
"664" 3 0 -52.25 -25.9166666666667 17.1738333503405 327.825975878697 27.2697505950928 199 119
"665" 1 0 -44.9166666666667 -20.4166666666667 20.3910208940506 218.719878161709 30.1019992828369 293 15
"666" 3 0 -52.4166666666667 -32.5833333333333 18.0649398962657 405.180840020611 27.0364856719971 118 71
"667" 2 0 -54.0833333333333 -28.4166666666667 19.6117499868075 387.103950621682 30.5564994812012 186 134
"668" 3 0 -44.4166666666667 -22.0833333333333 17.2503436803818 234.13958499135 27.4594993591309 299 22
"669" 3 0 -54.0833333333333 -27.75 19.8841145038605 392.878125949979 30.58424949646 187 133
"670" 2 0 -53.5833333333333 -26.25 17.8602396249771 333.634357105016 28.0297508239746 202 124
"671" 3 0 -41.0833333333333 -21.4166666666667 23.4942987362544 203.170609698183 31.7640228271484 160 28
"672" 1 0 -45.25 -21.4166666666667 19.4869479338328 242.214543945898 29.6940002441406 284 21
"673" 2 0 -45.25 -23.25 17.307958304882 256.896457964274 27.0454998016357 259 31
"674" 1 0 -53.9166666666667 -30.4166666666667 18.7337499856949 410.501382060432 28.7522506713867 149 115
"675" 3 0 -47.0833333333333 -23.5833333333333 17.2756561040878 238.536315412865 25.7377490997314 245 44
"676" 3 0 -53.9166666666667 -26.4166666666667 18.1587393283844 351.406708173697 28.3209991455078 192 124
"677" 3 0 -53.4166666666667 -28.4166666666667 18.567427277565 370.713869508825 29.4497509002686 182 128
"678" 2 0 -51.0833333333333 -22.25 22.0759791533152 249.806893955359 30.9724998474121 213 35
"679" 2 0 -42.75 -18.5833333333333 19.6359270016352 240.566563156403 29.105749130249 296 13
"680" 3 0 -49.9166666666667 -27.75 15.3431041240692 313.956651256737 24.4397506713867 166 100
"681" 1 0 -44.4166666666667 -20.5833333333333 19.6255210240682 203.087952310065 28.6887493133545 317 15
"682" 1 0 -42.75 -18.25 20.6027396917343 225.803060408769 29.6942501068115 273 11
"683" 1 0 -53.9166666666667 -28.75 18.9625312884649 379.098414609892 29.7140007019043 180 129
"684" 1 0 -52.25 -31.75 19.2499068578084 402.119886512113 28.2843456268311 136 75
"685" 1 0 -48.9166666666667 -21.9166666666667 21.8486146132151 234.08865631218 31.2215003967285 221 21
"686" 1 0 -46.75 -20.4166666666667 20.5523230234782 217.384390165517 28.8577499389648 290 13
"687" 3 0 -41.0833333333333 -17.5833333333333 23.6686562697093 186.833096692368 32.0250015258789 174 23
"688" 2 0 -44.75 -20.5833333333333 19.5174897114436 206.609347834001 28.6237506866455 318 16
"689" 3 0 -53.4166666666667 -25.75 18.675385594368 353.547293627558 29.2280006408691 233 98
"690" 2 0 -42.25 -19.25 23.6020625432332 190.994948343459 32.7584991455078 230 14
"691" 1 0 -51.0833333333333 -23.9166666666667 17.6660104393959 268.90439250607 27.1135005950928 193 72
"692" 1 0 -41.4166666666667 -22.25 23.4499999682109 206.264607958144 31.4723072052002 153 33
"693" 2 0 -48.75 -27.25 19.5826147794724 322.005085783358 28.9672508239746 196 89
"694" 3 0 -44.25 -21.9166666666667 17.9822188417117 226.455785078101 27.5607490539551 293 19
"695" 1 0 -48.75 -28.0833333333333 19.3786790370941 306.508276214764 28.5648860931396 190 85
"696" 3 0 -50.4166666666667 -22.0833333333333 21.3520102103551 273.920497175701 31.0725002288818 200 29
"697" 2 0 -43.75 -18.5833333333333 19.3355209032695 201.179094557283 27.9060001373291 278 9
"698" 1 0 -51.25 -23.5833333333333 19.6921042203903 271.782183925442 29.2022495269775 199 62
"699" 2 0 -40.25 -19.75 23.4517602920532 197.135079913809 31.2689990997314 193 44
"700" 1 0 -42.5833333333333 -20.0833333333333 22.1227499246597 219.806811052218 32.0692481994629 245 13
"701" 3 0 -49.75 -23.5833333333333 20.1553854544957 271.437887758619 29.7827491760254 167 42
"702" 1 0 -49.0833333333333 -25.75 16.8054061730703 282.688265763102 25.4837493896484 208 83
"703" 3 0 -43.75 -20.0833333333333 19.0933957497279 192.236150603495 27.9179992675781 318 13
"704" 2 0 -51.4166666666667 -31.75 18.7302909692128 387.981095934667 27.2333335876465 129 72
"705" 2 0 -49.0833333333333 -28.0833333333333 18.4545936584473 311.140516665236 28.0550003051758 197 81
"706" 3 0 -52.9166666666667 -29.5833333333333 18.3653229872386 377.883258267997 27.6359996795654 159 92
"707" 3 0 -41.9166666666667 -21.5833333333333 22.2434479792913 239.956805629055 31.5399990081787 207 18
"708" 1 0 -54.5833333333333 -28.9166666666667 19.3523956934611 395.334619678506 30.4732494354248 177 136
"709" 1 0 -51.5833333333333 -29.9166666666667 19.7747186819712 367.572139902263 28.7787494659424 147 102
"710" 2 0 -45.0833333333333 -23.25 15.884718755881 260.211006624335 25.8292503356934 274 37
"711" 2 0 -53.25 -30.5833333333333 19.4639894564946 418.622089000006 29.3705005645752 137 107
"712" 3 0 -46.75 -23.9166666666667 17.5390938520432 249.72270847529 25.6905002593994 304 83
"713" 2 0 -46.4166666666667 -20.25 19.0730625788371 218.772834033116 28.2997493743896 302 16
"714" 2 0 -47.0833333333333 -21.0833333333333 19.7008750041326 214.43955448427 28.4260005950928 273 18
"715" 1 0 -50.75 -22.9166666666667 21.944041689237 269.865341468054 31.0564994812012 180 42
"716" 3 0 -50.5833333333333 -23.25 20.6905520359675 263.494096964831 30.0457496643066 170 53
"717" 1 0 -46.4166666666667 -20.75 20.4321978489558 231.862699043325 30.1377506256104 284 14
"718" 1 0 -46.4166666666667 -20.5833333333333 19.722510377566 226.414003793412 28.6842498779297 294 15
"719" 1 0 -39.4166666666667 -17.75 24.3449455102285 164.441728319392 30.4754390716553 173 79
"720" 3 0 -48.9166666666667 -28.75 20.0875001351039 310.097578879222 29.2999992370605 162 96
"721" 3 0 -51.4166666666667 -26.25 15.8709375460943 322.477292251391 25.7514991760254 173 111
"722" 1 0 -45.0833333333333 -21.25 19.776739637057 233.007163055369 29.6062507629395 296 22
"723" 2 0 -46.0833333333333 -22.5833333333333 17.7730520963669 250.210196961936 28.2632503509521 282 30
"724" 2 0 -51.75 -27.5833333333333 17.9067187110583 346.986100598767 27.7922496795654 198 110
"725" 2 0 -49.25 -21.4166666666667 22.2085310618083 233.593839651729 31.5310001373291 224 19
"726" 1 0 -53.9166666666667 -27.4166666666667 19.5413332184156 393.792284427064 30.2897491455078 191 132
"727" 1 0 -47.25 -24.4166666666667 20.3321770429611 268.012180129529 28.6047496795654 287 83
"728" 2 0 -53.0833333333333 -25.9166666666667 17.9963750441869 337.126178194627 28.1917495727539 222 115
"729" 1 0 -53.9166666666667 -27.25 19.5784480770429 392.471477414817 30.255500793457 190 135
"730" 2 0 -48.4166666666667 -27.75 19.7327380975087 307.998097091912 28.5714282989502 182 100
"731" 1 0 -51.5833333333333 -25.5833333333333 16.5973646044731 292.062565435191 25.9547500610352 181 100
"732" 2 0 -51.0833333333333 -24.25 19.0162501335144 296.665415452401 29.0067501068115 181 76
"733" 2 0 -53.75 -29.9166666666667 19.9474582672119 407.153695418705 29.9284992218018 148 122
"734" 1 0 -42.25 -22.75 22.9229789177577 220.220046177863 31.3857498168945 157 31
"735" 3 0 -50.5833333333333 -25.5833333333333 17.0987084110578 313.630698464041 26.7159996032715 175 75
"736" 3 0 -46.75 -23.75 18.0011562903722 242.816063505106 26.0130004882812 265 57
"737" 2 0 -40.75 -16.5833333333333 21.6202708085378 173.135065125277 29.214750289917 147 30
"738" 3 0 -52.5833333333333 -32.9166666666667 17.6851470867793 404.195399376575 26.3882350921631 117 73
"739" 3 0 -39.5833333333333 -17.0833333333333 24.3455000718435 161.014091779068 30.7320003509521 145 62
"740" 3 0 -53.9166666666667 -26.0833333333333 18.6702187259992 359.443815666073 28.7547492980957 198 117
"741" 2 0 -43.5833333333333 -20.25 17.8740520477295 201.195888190245 26.3740005493164 312 14
"742" 1 0 -53.0833333333333 -28.4166666666667 18.4974895318349 370.513419051537 29.3915004730225 171 126
"743" 1 0 -43.25 -20.4166666666667 20.2572082678477 225.143289792438 30.0820007324219 274 15
"744" 2 0 -52.9166666666667 -31.4166666666667 18.0613022446632 407.913071732964 27.5642509460449 142 92
"745" 3 0 -44.5833333333333 -22.4166666666667 17.4097498257955 242.997149261353 27.1714992523193 295 26
"746" 1 0 -40.25 -17.5833333333333 23.8851875464122 177.190302264346 31.6937503814697 158 36
"747" 2 0 -48.4166666666667 -25.25 21.2921011845271 300.759874875947 29.4610424041748 283 72
"748" 1 0 -40.9166666666667 -18.25 23.2468852996826 182.905155585987 31.4969997406006 180 27
"749" 3 0 -52.9166666666667 -32.75 17.9041978518168 409.102861373414 26.7312507629395 124 77
"750" 2 0 -51.25 -31.4166666666667 18.8510417143504 376.812378585336 27.25803565979 132 78
"751" 1 0 -42.25 -16.9166666666667 23.6223124265671 170.968626720442 32.9412498474121 181 4
"752" 3 0 -40.9166666666667 -19.5833333333333 22.8524165550868 194.65674842219 31.4487495422363 195 31
"753" 2 0 -54.5833333333333 -29.9166666666667 19.5792917013168 414.843014578998 30.1317501068115 155 123
"754" 3 0 -50.75 -25.4166666666667 17.2264999349912 305.037243319036 26.6455001831055 175 79
"755" 1 0 -53.25 -31.75 17.9265729784966 412.550389199694 27.7994995117188 136 90
"756" 2 0 -41.9166666666667 -18.9166666666667 24.0059684912364 183.497392506521 32.7845001220703 210 17
"757" 1 0 -43.4166666666667 -20.25 19.4962915976842 214.930584678293 28.9375 296 14
"758" 3 0 -53.25 -26.5833333333333 18.4635416865349 345.335579408383 28.7399997711182 207 136
"759" 1 0 -51.9166666666667 -27.75 17.9736044009527 350.348030745223 27.9012508392334 197 120
"760" 3 0 -51.4166666666667 -30.75 19.4219917456309 374.461693754032 27.9435691833496 132 91
"761" 2 0 -50.4166666666667 -26.4166666666667 16.4213332533836 329.850797012998 26.472749710083 163 84
"762" 2 0 -48.4166666666667 -23.25 19.7971459229787 239.659677222195 29.2075004577637 206 33
"763" 2 0 -42.25 -20.4166666666667 18.5732707977295 231.681830809474 28.7549991607666 240 20
"764" 1 0 -40.4166666666667 -20.5833333333333 23.3957001368205 200.877755101403 31.2018260955811 187 49
"765" 3 0 -48.0833333333333 -21.4166666666667 21.79330209891 214.278691829196 30.3985004425049 244 20
"766" 3 0 -41.9166666666667 -17.5833333333333 20.9716145594915 184.995416924733 29.6025009155273 201 12
"767" 3 0 -49.9166666666667 -25.0833333333333 17.0416562159856 290.853674235562 27.0782508850098 201 86
"768" 2 0 -41.9166666666667 -22.75 22.8724415302277 209.160784464896 29.8675441741943 154 35
"769" 1 0 -49.25 -21.5833333333333 22.0833019018173 241.473601986618 31.5244998931885 229 20
"770" 1 0 -47.25 -20.4166666666667 20.3217499653498 195.760838085503 28.1165008544922 287 17
"771" 3 0 -53.25 -26.4166666666667 17.5551042755445 313.253105419398 27.7040004730225 207 134
"772" 3 0 -47.0833333333333 -21.5833333333333 21.3440206845601 233.060408594366 30.9769992828369 249 18
"773" 3 0 -41.4166666666667 -16.75 21.6558542251587 179.221765783238 29.8712501525879 170 11
"774" 3 0 -51.5833333333333 -30.75 19.3470209042231 378.189672594479 28.0345001220703 131 94
"775" 1 0 -47.4166666666667 -21.25 21.4505730470022 220.127120231114 30.1477508544922 258 21
"776" 2 0 -42.4166666666667 -19.25 23.5455521345139 191.737891800946 32.6609992980957 241 12
"777" 3 0 -46.9166666666667 -20.9166666666667 19.8241771856944 218.552533469027 28.8050003051758 279 16
"778" 2 0 -43.25 -20.9166666666667 19.7235415776571 224.974331753184 29.3929996490479 263 19
"779" 1 0 -41.0833333333333 -21.25 23.3950208822886 207.983517518674 31.8757495880127 166 30
"780" 2 0 -47.5833333333333 -22.9166666666667 20.2431875864665 244.381022379313 28.64674949646 222 28
"781" 1 0 -43.5833333333333 -20.5833333333333 18.2424895366033 208.748745700572 26.9527492523193 291 15
"782" 1 0 -46.75 -22.0833333333333 19.8096874157588 229.731554428493 29.1647491455078 266 23
"783" 1 0 -41.75 -17.75 22.0053956906001 188.865240752849 30.7320003509521 194 15
"784" 2 0 -47.9166666666667 -23.0833333333333 20.3733751773834 244.166089382817 29.2012500762939 209 26
"785" 2 0 -43.0833333333333 -22.0833333333333 21.0745103756587 231.86883018303 30.130500793457 260 25
"786" 1 0 -42.0833333333333 -22.5833333333333 22.9839063088099 218.891255358859 31.3414993286133 175 34
"787" 1 0 -49.9166666666667 -21.5833333333333 21.6518957217534 258.47507808906 31.2437496185303 213 22
"788" 1 0 -42.0833333333333 -23.0833333333333 22.2708334128062 198.359304969869 28.0499992370605 148 32
"789" 2 0 -50.9166666666667 -27.5833333333333 16.4277396003405 336.038807919351 26.2064990997314 171 112
"790" 3 0 -49.9166666666667 -24.25 17.8240936994553 281.1292551123 28.3117504119873 194 61
"791" 1 0 -41.25 -16.75 21.1448123852412 179.040873015986 29.1647491455078 165 15
"792" 3 0 -52.9166666666667 -30.4166666666667 19.0619689226151 415.234810349856 29.1872501373291 135 103
"793" 2 0 -51.25 -29.5833333333333 19.4182811578115 351.414673439865 28.5427494049072 150 105
"794" 3 0 -51.25 -25.25 16.1150312423706 276.527543286801 24.9540004730225 184 101
"795" 3 0 -42.75 -17.0833333333333 21.5776979923248 173.212809336001 30.2754993438721 221 5
"796" 2 0 -53.75 -25.9166666666667 18.7130417426427 360.434425429938 29.1655006408691 211 111
"797" 1 0 -53.25 -29.4166666666667 18.890625 383.533079460929 28.4214992523193 152 107
"798" 1 0 -53.25 -32.25 18.060604095459 421.645287270299 28.3934993743896 131 85
"799" 2 0 -51.4166666666667 -25.4166666666667 16.429468691349 281.589856738675 25.3945007324219 179 100
"800" 2 0 -43.25 -21.25 20.703489502271 222.21151573737 30.224250793457 257 16
"801" 1 0 -50.4166666666667 -24.0833333333333 18.3392605582873 280.768374935186 28.1464996337891 175 64
"802" 3 0 -53.0833333333333 -30.0833333333333 19.8890210390091 409.607859256579 29.6295013427734 141 107
"803" 1 0 -41.0833333333333 -21.0833333333333 23.320822874705 211.660202581322 31.8007507324219 174 32
"804" 1 0 -49.4166666666667 -21.75 21.5926355520884 254.04522378444 31.2714996337891 215 22
"805" 3 0 -42.25 -20.5833333333333 18.6426979502042 236.111714017097 28.9325008392334 236 18
"806" 3 0 -49.4166666666667 -21.9166666666667 21.4380731582642 255.844114881672 31.2202491760254 208 25
"807" 1 0 -50.9166666666667 -28.75 16.7550938328107 321.843150692551 25.7779998779297 175 116
"808" 2 0 -54.0833333333333 -29.9166666666667 19.8434269030889 409.154111177694 30.0657501220703 154 126
"809" 3 0 -52.25 -24.75 18.7088229258855 296.392012331046 28.1002502441406 211 81
"810" 2 0 -50.75 -23.75 17.9542813102404 265.291486927398 27.460750579834 193 64
"811" 2 0 -49.9166666666667 -29.75 19.2929164965947 332.92054223807 27.7299995422363 146 93
"812" 3 0 -54.5833333333333 -28.25 20.1946144898732 395.580841355544 31.099250793457 187 140
"813" 2 0 -40.9166666666667 -20.25 18.1575417121251 208.041716709374 27.9120006561279 203 44
"814" 1 0 -53.0833333333333 -28.0833333333333 18.456677099069 373.120441637611 29.4305000305176 182 127
"815" 1 0 -42.0833333333333 -17.25 21.2544165452321 173.582222619531 29.7875003814697 197 7
"816" 1 0 -40.75 -19.5833333333333 23.155354142189 195.177865370836 31.5954990386963 193 33
"817" 3 0 -40.5833333333333 -19.25 22.7238647143046 191.959600487842 30.7887496948242 189 37
"818" 2 0 -49.75 -24.0833333333333 18.8331979314486 280.844082488507 29.013500213623 184 50
"819" 1 0 -44.0833333333333 -21.0833333333333 19.2462604443232 213.42854758606 28.2612495422363 289 14
"820" 3 0 -48.9166666666667 -26.0833333333333 18.4785938262939 290.311383476965 26.9267501831055 237 85
"821" 3 0 -54.9166666666667 -30.5833333333333 19.1952814459801 431.755449254558 29.9642505645752 143 112
"822" 2 0 -48.75 -24.25 17.5357499718666 309.880505480745 27.7157497406006 187 49
"823" 2 0 -49.0833333333333 -22.5833333333333 20.6383854548136 227.138370356297 29.9930000305176 204 25
"824" 1 0 -52.5833333333333 -31.4166666666667 18.1056978305181 401.148672208662 27.3299999237061 143 89
"825" 1 0 -50.0833333333333 -29.0833333333333 14.9372290770213 298.958783166419 23.5387496948242 178 128
"826" 2 0 -42.9166666666667 -19.25 20.6526665687561 223.880339590913 29.793249130249 299 12
"827" 3 0 -51.25 -26.75 15.1542292435964 321.457522277785 24.982250213623 171 99
"828" 2 0 -51.5833333333333 -27.9166666666667 16.8659062782923 336.994939422604 26.6485004425049 196 113
"829" 1 0 -53.4166666666667 -30.9166666666667 19.0167500972748 419.643441374861 28.9342498779297 143 103
"830" 1 0 -49.75 -23.9166666666667 19.5488959153493 277.239677152145 29.3409996032715 172 43
"831" 1 0 -51.0833333333333 -26.4166666666667 15.5676561991374 323.483330427943 25.4099998474121 165 100
"832" 3 0 -53.5833333333333 -30.9166666666667 18.9939999580383 418.346038456453 29.0659999847412 145 105
"833" 2 0 -47.5833333333333 -23.0833333333333 20.2773540417353 243.214827845618 28.7477493286133 213 29
"834" 1 0 -45.25 -20.0833333333333 20.1469688415527 218.204290360858 30.1084995269775 296 16
"835" 3 0 -48.4166666666667 -22.0833333333333 21.0824790000916 238.319404195888 30.1627502441406 236 21
"836" 3 0 -47.9166666666667 -20.4166666666667 22.4389895995458 184.733118693214 30.316499710083 298 10
"837" 1 0 -50.75 -27.25 15.8945313692093 335.164272598968 25.8819999694824 167 100
"838" 1 0 -40.9166666666667 -18.0833333333333 23.5247397422791 184.019798860117 31.7889995574951 178 26
"839" 3 0 -44.0833333333333 -21.9166666666667 17.88126039505 220.918376923143 26.757999420166 287 20
"840" 2 0 -47.25 -22.9166666666667 20.4907710552216 234.849225045067 28.8540000915527 228 28
"841" 1 0 -49.9166666666667 -26.5833333333333 17.0124893983205 323.707060797011 26.4384994506836 167 84
"842" 3 0 -50.4166666666667 -27.25 14.8711667060852 320.879849114299 24.3167495727539 166 98
"843" 2 0 -43.25 -18.75 20.2149062554042 236.396126815754 29.6432495117188 284 13
"844" 2 0 -40.5833333333333 -20.4166666666667 21.7417811552684 202.693838581199 30.0292491912842 195 51
"845" 3 0 -52.5833333333333 -24.0833333333333 19.3751875162125 277.586997683588 28.4064998626709 174 79
"846" 1 0 -52.9166666666667 -31.75 18.7692604462306 412.398568079441 28.5467491149902 136 86
"847" 3 0 -43.9166666666667 -22.9166666666667 20.662499944369 221.806490446597 29.7308750152588 229 35
"848" 2 0 -45.5833333333333 -22.5833333333333 16.3014168143272 281.106211717953 27.6702499389648 299 30
"849" 1 0 -52.75 -26.9166666666667 18.9311041633288 358.256722037457 29.1679992675781 208 140
"850" 2 0 -40.9166666666667 -18.75 23.2340625127157 186.647068270498 31.58424949646 186 26
"851" 1 0 -52.5833333333333 -32.0833333333333 18.8678334156672 406.259323679616 28.1005001068115 130 77
"852" 2 0 -52.4166666666667 -28.25 17.5846981604894 359.861505602144 28.080249786377 197 122
"853" 3 0 -40.75 -20.9166666666667 23.4738092422485 206.210123899847 31.7269840240479 172 38
"854" 3 0 -51.5833333333333 -25.25 16.599302093188 279.684040413601 25.6322498321533 194 102
"855" 2 0 -39.9166666666667 -17.0833333333333 23.989729086558 165.807264209404 30.8279991149902 144 56
"856" 3 0 -52.9166666666667 -28.5833333333333 18.6124167044957 373.795628938585 29.4257507324219 159 117
"857" 1 0 -45.5833333333333 -19.75 21.3055207331975 230.075766017249 31.9529991149902 287 10
"858" 2 0 -42.75 -17.25 21.7379374901454 177.525509391785 30.5319995880127 222 5
"859" 2 0 -54.4166666666667 -28.75 19.5015311439832 392.489121209062 30.7239990234375 181 137
"860" 1 0 -49.4166666666667 -23.75 20.3494271834691 271.674726987265 30.0235004425049 176 49
"861" 3 0 -53.0833333333333 -31.25 18.200208346049 412.0138932034 27.8917503356934 141 95
"862" 3 0 -46.75 -23.25 18.3103332519531 228.615592947697 26.5904998779297 231 31
"863" 3 0 -51.9166666666667 -23.4166666666667 18.6766770680745 298.869952801794 28.6490001678467 159 45
"864" 2 0 -52.25 -31.25 18.6515936056773 398.864348663571 27.6162490844727 139 88
"865" 2 0 -54.0833333333333 -30.75 18.247364560763 414.240137932232 28.4855003356934 150 113
"866" 1 0 -40.4166666666667 -20.75 23.5166668891907 201.858793839832 31 183 45
"867" 1 0 -42.9166666666667 -19.4166666666667 19.22061475118 222.213756559229 28.5284996032715 314 14
"868" 2 0 -40.5833333333333 -20.9166666666667 23.4083335399628 201.988225446365 31.1000003814697 173 40
"869" 1 0 -51.9166666666667 -26.0833333333333 16.7733750542005 326.658995457332 26.4362506866455 193 122
"870" 1 0 -46.0833333333333 -21.9166666666667 18.1801354487737 226.338271967341 28.5310001373291 297 29
"871" 1 0 -50.0833333333333 -25.5833333333333 17.0910730163256 306.648805150127 26.7652492523193 192 76
"872" 2 0 -48.25 -21.5833333333333 21.1003125111262 219.081119165117 29.7192497253418 242 19
"873" 2 0 -45.9166666666667 -20.0833333333333 20.6303333838781 249.157526129307 31.5755004882812 283 14
"874" 3 0 -41.25 -19.4166666666667 23.1408438285192 195.936154028143 31.9820003509521 196 23
"875" 3 0 -48.0833333333333 -20.75 22.4850625197093 183.40926658858 30.4669990539551 285 12
"876" 2 0 -39.5833333333333 -17.75 24.2416041692098 167.074083177743 30.7182502746582 160 74
"877" 3 0 -50.25 -24.9166666666667 17.5536560416222 294.640616556086 27.7452507019043 166 75
"878" 1 0 -52.25 -29.75 19.6379166444143 386.769883785899 29.0437507629395 166 71
"879" 3 0 -49.9166666666667 -28.0833333333333 14.350281159083 303.033307130116 23.1632499694824 163 102
"880" 1 0 -44.4166666666667 -22.9166666666667 19.507112344106 230.380510663641 28.79909324646 266 40
"881" 1 0 -49.75 -27.0833333333333 17.6613123814265 330.362501359908 27.2002506256104 175 104
"882" 1 0 -53.75 -30.0833333333333 19.8815312385559 410.958840113387 29.9077491760254 146 119
"883" 3 0 -45.75 -22.75 16.9623644550641 269.994875955327 27.9029998779297 300 32
"884" 3 0 -46.5833333333333 -22.4166666666667 19.0462186336517 228.775503988892 28.1357498168945 263 25
"885" 2 0 -47.5833333333333 -23.4166666666667 19.2388645807902 243.757684181851 27.714750289917 213 32
"886" 3 0 -51.5833333333333 -24.25 19.4973124265671 291.154741804308 29.2792491912842 199 79
"887" 2 0 -42.9166666666667 -20.25 21.1492290099462 227.655164564464 30.9759998321533 263 15
"888" 2 0 -50.9166666666667 -30.4166666666667 19.5040000279744 354.100241261558 27.9893341064453 141 89
"889" 2 0 -48.9166666666667 -25.4166666666667 18.5086458524068 281.733444838092 27.0277500152588 247 83
"890" 3 0 -53.5833333333333 -26.9166666666667 18.8781876762708 378.897499231236 29.4342498779297 201 139
"891" 2 0 -44.75 -23.4166666666667 21.2570021549861 231.318242269803 30.1597213745117 306 97
"892" 3 0 -51.9166666666667 -29.0833333333333 18.316822886467 359.20696957326 27.5967502593994 164 103
"893" 1 0 -44.25 -19.0833333333333 21.3456874291102 211.673632173933 31.2482490539551 266 9
"894" 2 0 -39.25 -17.5833333333333 24.5657745997111 163.323789895076 30.437463760376 172 73
"895" 3 0 -48.9166666666667 -27.5833333333333 17.3103229999542 306.606147392571 26.6447505950928 221 90
"896" 3 0 -52.0833333333333 -23.9166666666667 19.8474895556768 293.038144889173 29.4575004577637 189 68
"897" 2 0 -52.4166666666667 -32.9166666666667 17.7013887961706 404.696202018165 26.5499992370605 117 71
"898" 2 0 -52.75 -25.75 18.1852396527926 343.702564318932 28.5862503051758 210 106
"899" 1 0 -40.0833333333333 -16.5833333333333 23.0451561609904 165.642760630552 30.0690002441406 113 43
"900" 2 0 -52.75 -32.4166666666667 18.3964272340139 409.444341566717 27.4365005493164 122 75
"901" 2 0 -47.9166666666667 -24.5833333333333 22.4400625228882 297.28469082588 30.9172496795654 240 55
"902" 3 0 -52.5833333333333 -26.25 17.3172811865807 338.081819630704 27.8877506256104 200 126
"903" 3 0 -41.25 -18.5833333333333 22.4901560942332 185.660035221488 30.8649997711182 191 22
"904" 1 0 -52.4166666666667 -27.5833333333333 17.4871876438459 341.287641854044 27.7737503051758 194 126
"905" 2 0 -44.75 -19.9166666666667 20.927072763443 208.5683003871 30.8647499084473 310 12
"906" 3 0 -48.75 -23.0833333333333 19.3694686889648 229.152442630799 29.2062492370605 211 35
"907" 1 0 -50.4166666666667 -27.4166666666667 15.4334584275881 327.309395674647 24.9362506866455 161 100
"908" 2 0 -49.9166666666667 -23.25 20.1745102802912 284.261958889723 30.210750579834 176 52
"909" 1 0 -51.75 -24.75 17.4876250823339 284.479414341981 26.4962501525879 236 87
"910" 3 0 -51.9166666666667 -31.9166666666667 18.6285736163457 399.846659782529 27.3266906738281 127 66
"911" 2 0 -43.4166666666667 -17.75 20.5316041707993 181.137376180248 29.0027503967285 244 8
"912" 1 0 -41.0833333333333 -22.0833333333333 23.5934096972148 196.582029966311 31.0784320831299 151 30
"913" 2 0 -46.75 -22.75 18.6998540957769 233.478847841381 27.3649997711182 232 29
"914" 1 0 -50.25 -22.4166666666667 20.6822188297908 269.692227408223 30.29075050354 203 36
"915" 3 0 -54.9166666666667 -30.4166666666667 19.2831561565399 427.122720131149 29.9827499389648 146 113
"916" 3 0 -46.9166666666667 -24.0833333333333 20.1826563278834 248.515103929305 28.3460006713867 290 79
"917" 1 0 -49.4166666666667 -29.0833333333333 19.352870464325 337.395093619653 28.7577781677246 144 83
"918" 3 0 -48.75 -22.25 21.3987813393275 235.139663250347 30.6497497558594 214 24
"919" 3 0 -53.25 -25.25 18.2032500108083 320.109590497587 28.0944995880127 203 106
"920" 3 0 -42.75 -19.75 20.9395208358765 215.744902833296 30.2115001678467 278 15
"921" 1 0 -46.4166666666667 -22.25 19.1457498868306 225.765445969274 28.789249420166 277 27
"922" 3 0 -54.75 -28.4166666666667 19.9125104149183 394.378581809834 31.316499710083 189 142
"923" 3 0 -41.25 -18.9166666666667 22.8125727176666 186.760150843013 31.3257503509521 193 22
"924" 1 0 -53.4166666666667 -32.0833333333333 17.7292917966843 420.468806382353 27.9337501525879 133 87
"925" 3 0 -42.75 -18.9166666666667 19.8559792836507 229.096742210304 29.1009998321533 294 14
"926" 1 0 -48.5833333333333 -24.5833333333333 20.9553228616714 314.874734518886 29.8962497711182 202 57
"927" 1 0 -48.9166666666667 -27.0833333333333 19.4977396329244 325.188937926347 28.8379993438721 205 91
"928" 2 0 -41.0833333333333 -20.75 22.1815000375112 211.279704199846 31.0195007324219 187 32
"929" 2 0 -41.0833333333333 -17.0833333333333 22.4438545306524 185.544564109548 30.6112499237061 164 21
"930" 2 0 -46.25 -22.0833333333333 18.2314791282018 220.765844313065 28.0277500152588 297 29
"931" 3 0 -42.4166666666667 -17.25 21.4853958288829 174.9814568614 30.1875 212 6
"932" 2 0 -48.9166666666667 -28.25 19.124009013176 306.641947666966 28.2979545593262 179 85
"933" 3 0 -52.0833333333333 -31.25 18.9544894695282 397.119738012671 27.8647499084473 137 86
"934" 1 0 -51.5833333333333 -30.4166666666667 18.9161667426427 369.358625772012 27.6402492523193 137 102
"935" 3 0 -54.4166666666667 -31.75 18.4601876139641 442.747370920396 29.4899997711182 127 97
"936" 2 0 -50.5833333333333 -26.9166666666667 14.8268334269524 318.686459985496 24.5517501831055 165 88
"937" 1 0 -53.0833333333333 -25.5833333333333 18.7775416572889 353.657410247108 29.308500289917 229 101
"938" 3 0 -52.9166666666667 -31.0833333333333 18.7833644747734 417.296528514844 28.4857501983643 142 95
"939" 1 0 -42.5833333333333 -18.25 21.2508957783381 222.758799049661 30.4570007324219 262 11
"940" 2 0 -50.75 -29.4166666666667 17.0828437805176 323.271999656585 25.8177509307861 176 119
"941" 3 0 -42.9166666666667 -18.9166666666667 19.5338228543599 231.467944535619 28.8420009613037 301 14
"942" 3 0 -48.25 -25.5833333333333 20.955208381017 299.270788545472 29.0562496185303 288 86
"943" 3 0 -49.5833333333333 -24.4166666666667 17.0766146381696 288.423471223972 27.7367496490479 207 65
"944" 2 0 -53.5833333333333 -27.4166666666667 19.1625103155772 393.695457320316 29.7544994354248 197 136
"945" 3 0 -52.9166666666667 -27.25 19.1159792343775 377.621596312465 29.556999206543 201 130
"946" 3 0 -40.0833333333333 -18.4166666666667 23.9855938752492 181.707450172454 31.5227508544922 170 45
"947" 2 0 -48.75 -26.25 20.6336604356766 296.113861028282 28.724573135376 258 82
"948" 1 0 -43.75 -19.25 20.5306145350138 213.541755373125 29.9610004425049 287 6
"949" 3 0 -47.25 -23.4166666666667 18.491281191508 239.299204012468 26.5007495880127 233 35
"950" 3 0 -52.25 -26.5833333333333 16.8873227834702 329.516327201939 27.3924999237061 231 136
"951" 2 0 -52.75 -29.25 17.886083483696 370.677144495694 27.5380001068115 167 86
"952" 2 0 -41.0833333333333 -21.75 23.785352786382 196.832804208436 32.2142066955566 150 28
"953" 3 0 -43.9166666666667 -20.5833333333333 19.6081250508626 206.389308801457 28.6402492523193 286 13
"954" 3 0 -52.4166666666667 -30.0833333333333 19.7423228820165 401.238901592801 29.431999206543 146 94
"955" 3 0 -52.25 -27.9166666666667 17.455281217893 350.798688054114 28.1310005187988 201 122
"956" 2 0 -51.0833333333333 -26.75 15.4247812430064 324.705475289241 25.4055004119873 168 94
"957" 3 0 -44.25 -21.25 19.1821043491364 219.694024423453 28.4769992828369 301 13
"958" 3 0 -54.0833333333333 -28.9166666666667 18.5441978772481 380.781291972434 29.2910003662109 177 133
"959" 3 0 -45.4166666666667 -23.4166666666667 17.9192813237508 254.016347583938 26.6319999694824 259 38
"960" 2 0 -51.4166666666667 -27.5833333333333 17.1922084291776 339.654602823912 27.1040000915527 192 103
"961" 1 0 -45.5833333333333 -20.4166666666667 20.1698436339696 232.646144703402 30.3232498168945 281 17
"962" 3 0 -50.5833333333333 -22.5833333333333 21.4296458164851 269.079624839414 30.8355007171631 193 37
"963" 1 0 -42.0833333333333 -18.9166666666667 23.9278958241145 188.620160134986 32.8692512512207 219 15
"964" 2 0 -48.75 -23.75 19.079770843188 271.753321609207 28.9722499847412 182 41
"965" 2 0 -46.5833333333333 -22.9166666666667 18.3467291990916 237.788790322737 27.4532508850098 234 29
"966" 3 0 -48.5833333333333 -22.9166666666667 19.2550937334696 231.132764067115 28.9419994354248 222 34
"967" 1 0 -51.25 -26.25 16.4533124367396 332.612223598858 26.3964996337891 168 112
"968" 2 0 -41.0833333333333 -18.5833333333333 22.4151666959127 186.84535569261 30.7049999237061 188 24
"969" 3 0 -43.4166666666667 -19.4166666666667 19.2538437048594 214.491356283988 28.5074996948242 324 15
"970" 3 0 -51.5833333333333 -30.9166666666667 19.3638958136241 382.16104063099 27.9759998321533 132 90
"971" 3 0 -51.0833333333333 -27.4166666666667 15.8951145211856 329.931057644948 25.7304992675781 179 103
"972" 2 0 -44.25 -19.25 21.0150001049042 206.011517704728 30.8337497711182 267 9
"973" 1 0 -46.4166666666667 -22.0833333333333 18.4378749132156 218.860302618785 27.875 295 28
"974" 3 0 -44.0833333333333 -23.0833333333333 21.8691964546839 210.22538552851 30.8821430206299 231 48
"975" 3 0 -47.75 -23.5833333333333 19.1788334846497 254.077198293131 28.2565002441406 190 35
"976" 2 0 -50.5833333333333 -29.9166666666667 19.4211874405543 343.536625827831 28.338249206543 146 94
"977" 1 0 -49.25 -25.0833333333333 18.0619270801544 293.475824834303 27.5282497406006 204 69
"978" 3 0 -51.0833333333333 -22.4166666666667 22.0444790522257 256.128307630646 31.2019996643066 210 36
"979" 1 0 -39.75 -17.0833333333333 24.059427022934 161.74499641463 30.6277503967285 142 60
"980" 2 0 -50.9166666666667 -23.4166666666667 20.8595623970032 268.544568773349 29.949499130249 188 56
"981" 2 0 -46.4166666666667 -22.75 17.0463333725929 240.893240038724 26.8312492370605 275 28
"982" 3 0 -44.5833333333333 -21.0833333333333 19.6213333209356 222.186889736976 29.1027507781982 350 17
"983" 2 0 -50.4166666666667 -24.9166666666667 17.6494688193003 296.08691484838 27.6392498016357 157 76
"984" 2 0 -48.75 -21.25 22.1150104602178 207.00429072547 30.8334999084473 244 17
"985" 2 0 -42.25 -18.75 21.8149477640788 205.214467063697 30.5287494659424 245 17
"986" 2 0 -48.25 -22.9166666666667 20.4871770143509 242.11182645545 29.3367500305176 219 28
"987" 1 0 -51.75 -27.75 17.5874686638514 344.507218827757 27.5302505493164 198 113
"988" 2 0 -53.5833333333333 -30.25 19.3931041558584 413.20203110336 29.4312496185303 143 115
"989" 3 0 -51.0833333333333 -28.75 16.3967187603315 323.669561310226 25.4559993743896 183 119
"990" 2 0 -42.9166666666667 -20.0833333333333 20.1420833269755 224.118396010804 29.9032497406006 283 16
"991" 2 0 -41.0833333333333 -21.5833333333333 23.7302048603694 198.71391492755 32.1069221496582 151 26
"992" 1 0 -45.25 -19.9166666666667 20.4773645798365 215.74168281032 30.4559993743896 296 14
"993" 3 0 -44.4166666666667 -23.0833333333333 22.5607143640518 217.430081826897 31.1771430969238 270 63
"994" 3 0 -52.0833333333333 -26.0833333333333 16.4611042936643 322.281901818661 26.2432498931885 201 118
"995" 1 0 -51.5833333333333 -28.4166666666667 16.6179376840591 335.344864975281 26.2280006408691 194 119
"996" 2 0 -42.4166666666667 -20.0833333333333 21.3444792032242 221.136589463987 31.1119995117188 238 14
"997" 3 0 -50.0833333333333 -25.9166666666667 16.6733853419622 313.077858467344 26.3102493286133 175 71
"998" 1 0 -41.5833333333333 -22.25 23.3200905720393 211.005980243189 31.5722770690918 177 37
"999" 1 0 -42.25 -22.25 17.7607188224792 240.698231003815 26.607250213623 234 30
"1000" 1 0 -47.5833333333333 -23.75 18.0200208425522 252.43656361622 26.5590000152588 220 44
