"group.all" "pa" "lon" "lat" "wc2.0_bio_10m_04" "wc2.0_bio_10m_05" "wc2.0_bio_10m_13" "wc2.0_bio_10m_14"
"1" 2 1 -45.9027778 -15.3913889 139.829173673583 30.3732490539551 392 3
"2" 3 1 -52.3572222 -21.6166667 245.089386555346 31.7417507171631 171 31
"3" 1 1 -48.5833333 -14.2666667 105.151606203156 31.5472507476807 257 4
"4" 3 1 -48.1413889 -13.8972222 103.126161875655 31.4477500915527 265 4
"5" 1 1 -44.4683334 -20.2083333 195.513613199733 28.6762504577637 327 16
"6" 2 1 -50.1894444 -16.0783334 116.774762002861 31.382999420166 290 8
"7" 3 1 -43.8730556 -5.3155556 108.164975375266 34.7229995727539 278 5
"8" 2 1 -47.9013889 -22.2883333 234.193513252507 28.5142498016357 250 26
"9" 1 1 -53.3247223 -17.2202778 171.47107290719 30.6884994506836 312 15
"10" 3 1 -48.964444 -15.713333 105.316850793529 28.4352493286133 275 10
"11" 1 1 -53.8925 -19.031667 185.945760923502 32.0699996948242 261 28
"12" 2 1 -53.988889 -19.617056 180.208095956702 31.0957508087158 253 32
"13" 2 1 -48.742778 -22.813889 232.44415810535 29.3315010070801 222 29
"14" 1 1 -47.0031 -23.1469 225.006561842307 27.7980003356934 225 31
"15" 2 1 -50.627222 -16.992056 121.103300941637 30.9512500762939 294 12
"16" 3 1 -49.291944 -14.198333 110.090571587031 32.6982498168945 261 4
"17" 3 1 -55.486694 -20.456306 229.433876932016 32.2019996643066 225 34
"18" 2 1 -39.7252778 -19.3516667 194.891285426025 31.1198616027832 182 51
"19" 2 1 -49.2619444 -18.2208334 167.230327045753 32.148250579834 276 11
"20" 3 1 -50.3666667 -22.5833333 268.945119992738 30.4104995727539 196 38
"21" 1 1 -55.0666667 -15.0166667 131.006249845035 31.9002494812012 283 9
"23" 1 1 -54.85 -14.8833333 137.417115029362 32.9049987792969 283 7
"1100" 1 0 -59.5833333333333 -14.9166666666667 140.500153577081 32.7387504577637 281 13
"2100" 2 0 -41.4166666666667 -16.25 180.787151770739 29.8759994506836 177 8
"3100" 2 0 -49.75 -8.25 45.8845882572979 33.5697479248047 280 10
"4100" 3 0 -47.25 -17.4166666666667 162.171478539998 29.0212497711182 324 8
"5100" 3 0 -45.25 -16.0833333333333 172.011183891627 32.757999420166 225 4
"6100" 3 0 -45.0833333333333 -19.5833333333333 211.033741371804 31.605749130249 276 11
"7100" 2 0 -47.25 -1.58333333333333 45.2521150996703 32.0999984741211 442 27
"8100" 1 0 -49.9166666666667 -12.5833333333333 91.9975601648385 33.9329986572266 295 3
"9100" 1 0 -45.0833333333333 -21.9166666666667 267.889351045528 30.5477504730225 293 18
"1010" 1 0 -44.25 -3.25 58.6410670928141 33.5102500915527 359 24
"1110" 1 0 -47.9166666666667 -14.9166666666667 108.320344252854 28.6770000457764 253 6
"1210" 3 0 -41.0833333333333 -12.4166666666667 145.520615090974 29.2492504119873 123 16
"1310" 2 0 -58.4166666666667 -11.5833333333333 70.9328841589902 32.8629989624023 324 4
"1410" 1 0 -50.0833333333333 -7.58333333333333 43.7843416993708 32.9717483520508 278 14
"1510" 3 0 -46.75 -19.4166666666667 187.592794258749 28.5515003204346 334 12
"1610" 2 0 -52.75 -14.4166666666667 141.142731590252 33.3282508850098 274 3
"1710" 2 0 -43.75 -11.75 112.204526053053 33.2960014343262 159 0
"1810" 1 0 -61.4166666666667 -13.75 105.933529948616 32.710750579834 282 13
"1910" 3 0 -56.25 -14.0833333333333 85.8142233600487 34.806999206543 284 6
"2010" 2 0 -60.5833333333333 -13.4166666666667 101.167119958327 32.8427505493164 329 14
"2110" 1 0 -49.25 -19.9166666666667 194.162003627612 32.5209999084473 265 15
"22" 1 0 -59.75 -19.25 244.579864214455 34.8530006408691 115 17
"2310" 2 0 -45.25 -13.9166666666667 119.107019527551 30.5284996032715 230 1
"24" 3 0 -53.0833333333333 -19.5833333333333 189.264820888399 31.6002502441406 258 27
"25" 1 0 -50.25 -27.0833333333333 325.142751689656 25.2657508850098 170 100
"26" 1 0 -45.4166666666667 -3.25 51.4312214946505 32.9000015258789 386 32
"27" 1 0 -41.4166666666667 -9.58333333333333 108.044866510147 34.4095001220703 116 0
"28" 2 0 -50.5833333333333 -20.0833333333333 224.276518346723 32.0009994506836 228 16
"29" 3 0 -60.9166666666667 -12.5833333333333 81.8590999711902 32.4459991455078 289 8
"30" 2 0 -47.0833333333333 -18.5833333333333 164.23457397994 28.3264999389648 329 7
"31" 1 0 -57.75 -13.75 93.5752018336906 33.4804992675781 348 5
"32" 1 0 -43.4166666666667 -13.9166666666667 121.494481873395 32.4172515869141 138 1
"33" 1 0 -43.75 -13.4166666666667 103.716905266769 32.4422492980957 171 0
"34" 2 0 -52.4166666666667 -20.0833333333333 212.444455270097 32.0457496643066 241 26
"35" 3 0 -38.75 -3.58333333333333 58.394786085763 31.2783222198486 302 7
"36" 3 0 -55.25 -15.4166666666667 141.138424860924 31.9365005493164 265 10
"37" 1 0 -47.75 -3.08333333333333 40.8115828997263 31.7767505645752 387 45
"38" 1 0 -45.5833333333333 -3.58333333333333 59.7344928131237 32.9667510986328 376 28
"39" 1 0 -42.0833333333333 -18.25 200.646437804657 32.3004989624023 217 12
"40" 3 0 -57.5833333333333 -22.9166666666667 330.411275815842 34.0470008850098 164 36
"41" 1 0 -40.0833333333333 -4.91666666666666 76.294382808917 30.2740001678467 183 3
"42" 1 0 -56.25 -25.5833333333333 357.795663949093 31.8360004425049 184 72
"43" 3 0 -57.75 -20.25 270.281718018377 34.484748840332 168 30
"44" 1 0 -50.5833333333333 -17.4166666666667 131.032867967717 31.5717506408691 292 13
"45" 3 0 -43.5833333333333 -6.91666666666666 126.333996556145 34.1652488708496 195 2
"46" 1 0 -43.25 -16.75 167.624614178238 29.3177509307861 232 4
"47" 1 0 -45.25 -6.75 91.118626566124 32.213249206543 204 10
"48" 2 0 -38.75 -8.91666666666666 179.511868758903 32.2597503662109 103 4
"49" 1 0 -43.25 -16.4166666666667 168.108990681537 29.0485000610352 227 4
"50" 1 0 -44.5833333333333 -19.9166666666667 196.966434372838 29.8802490234375 326 13
"51" 2 0 -57.75 -12.0833333333333 82.630128863275 32.8849983215332 346 4
"52" 1 0 -45.4166666666667 -19.9166666666667 226.236531463038 31.3854999542236 293 12
"53" 2 0 -44.75 -8.41666666666666 99.3748918308764 33.5315017700195 174 1
"54" 1 0 -44.75 -12.9166666666667 112.003081823737 30.9422492980957 205 0
"55" 1 0 -52.75 -28.4166666666667 367.217411556136 29.0192489624023 170 125
"56" 2 0 -47.0833333333333 -19.0833333333333 177.625076840589 28.0472507476807 326 9
"57" 3 0 -44.0833333333333 -18.4166666666667 197.961198612844 30.2259998321533 232 4
"58" 2 0 -58.5833333333333 -24.4166666666667 374.851529511306 33.9517517089844 125 18
"59" 1 0 -57.25 -12.0833333333333 83.6937993040427 32.588249206543 350 4
"60" 1 0 -41.4166666666667 -6.25 97.4632187979783 33.1455001831055 212 1
"61" 3 0 -54.75 -11.4166666666667 57.8896338519424 34.1862487792969 322 0
"62" 2 0 -44.0833333333333 -21.5833333333333 215.713107344545 27.8187503814697 290 17
"63" 2 0 -43.0833333333333 -19.25 229.870157361385 30.5149993896484 300 11
"64" 2 0 -55.4166666666667 -13.4166666666667 90.7722816609786 34.1549987792969 319 2
"65" 2 0 -57.25 -23.5833333333333 338.017501109766 33.8245010375977 165 44
"66" 3 0 -45.4166666666667 -20.4166666666667 225.069223284879 29.6464996337891 288 18
"67" 3 0 -42.4166666666667 -20.9166666666667 237.684554204412 29.8465003967285 242 19
"68" 3 0 -49.9166666666667 -4.25 52.6313400009857 32.5977516174316 382 28
"69" 3 0 -40.9166666666667 -7.75 108.161987442565 32.9314994812012 149 0
"70" 1 0 -39.4166666666667 -5.91666666666666 97.8369061673776 33.1027488708496 206 7
"71" 3 0 -47.25 -18.4166666666667 168.086935960605 28.9527492523193 325 6
"72" 2 0 -58.5833333333333 -11.25 63.2630841633306 32.7902488708496 322 4
"73" 2 0 -46.5833333333333 -22.75 236.920793531176 27.3092498779297 248 28
"74" 1 0 -47.0833333333333 -22.75 238.779072187081 28.9892501831055 231 26
"75" 2 0 -50.0833333333333 -16.9166666666667 124.777990764722 31.4689998626709 294 11
"76" 1 0 -58.5833333333333 -20.25 268.940892093263 34.9752502441406 132 18
"77" 2 0 -41.75 -7.75 103.598136218539 34.8214988708496 198 0
"78" 3 0 -47.9166666666667 -1.58333333333333 42.8636523476802 31.4895000457764 445 53
"79" 2 0 -53.4166666666667 -24.0833333333333 303.99978028015 30.3157501220703 165 65
"80" 2 0 -59.75 -12.0833333333333 76.840630085496 31.9914989471436 338 5
"81" 1 0 -38.5833333333333 -6.75 110.217357772065 33.507999420166 235 5
"82" 2 0 -60.25 -11.4166666666667 62.7554593435588 31.5522499084473 333 6
"83" 1 0 -55.75 -20.9166666666667 249.23580519127 32.0589981079102 204 37
"84" 3 0 -49.4166666666667 -25.0833333333333 298.202417119334 28.0424995422363 198 72
"85" 3 0 -53.75 -16.9166666666667 175.230079217774 31.0072498321533 302 11
"86" 3 0 -56.5833333333333 -16.9166666666667 195.914077605493 33.7639999389648 217 21
"87" 2 0 -57.75 -14.5833333333333 122.15404754922 34.6049995422363 298 10
"88" 1 0 -50.5833333333333 -10.9166666666667 70.3777431335484 33.8865013122559 303 4
"89" 3 0 -42.4166666666667 -8.75 101.239391944798 33.8402481079102 142 1
"90" 3 0 -51.25 -18.9166666666667 170.445375419186 31.6887493133545 285 18
"91" 2 0 -52.25 -12.4166666666667 88.9599219917848 34.7877502441406 300 2
"92" 2 0 -42.4166666666667 -22.25 246.971130520618 26.9512500762939 244 27
"93" 3 0 -54.25 -19.25 194.033707169863 32.5557518005371 253 30
"94" 3 0 -59.5833333333333 -11.0833333333333 59.6374396694435 31.7945003509521 334 6
"95" 2 0 -44.5833333333333 -4.41666666666666 92.1461071510864 34.5282516479492 348 12
"96" 1 0 -45.0833333333333 -20.0833333333333 214.496921410239 30.2292499542236 298 14
"97" 1 0 -48.9166666666667 -14.75 113.497950439721 31.6005001068115 256 4
"98" 2 0 -40.5833333333333 -13.9166666666667 144.674098071484 29.5737495422363 122 6
"99" 2 0 -52.5833333333333 -21.75 245.763970885467 31.8225002288818 167 30
"100" 3 0 -53.0833333333333 -12.4166666666667 98.0160546259245 34.5687484741211 294 1
"101" 1 0 -45.0833333333333 -22.9166666666667 245.658479520487 28.2197494506836 243 22
"102" 3 0 -53.9166666666667 -24.9166666666667 321.683963597943 29.4484996795654 213 83
"103" 3 0 -47.0833333333333 -18.0833333333333 161.784153151326 29.681999206543 333 6
"104" 1 0 -45.5833333333333 -12.75 87.4459694385701 30.9637508392334 256 2
"105" 3 0 -46.9166666666667 -7.08333333333333 61.5067835339284 32.2542495727539 249 9
"106" 2 0 -49.4166666666667 -12.4166666666667 92.1774335676254 33.8967514038086 292 4
"107" 1 0 -48.0833333333333 -7.08333333333333 56.4789455998966 32.861499786377 279 15
"108" 3 0 -39.75 -18.75 183.795665221338 31.169116973877 167 50
"109" 2 0 -62.25 -19.0833333333333 261.459132861825 33.888500213623 91 8
"110" 3 0 -45.9166666666667 -21.25 241.143193918178 29.8199996948242 274 22
"111" 1 0 -53.75 -16.75 177.019989451428 31.0034999847412 303 10
"112" 1 0 -55.9166666666667 -18.75 222.542394608854 33.8827514648438 233 28
"113" 1 0 -55.0833333333333 -15.4166666666667 145.424039218058 31.713249206543 276 10
"114" 3 0 -50.9166666666667 -15.9166666666667 125.253239578362 32.7317504882812 285 8
"115" 3 0 -61.0833333333333 -21.9166666666667 360.502975928512 35.5779991149902 96 6
"116" 2 0 -50.5833333333333 -20.25 229.148792823005 31.7482509613037 223 15
"117" 2 0 -52.4166666666667 -24.25 274.943499319227 28.1637496948242 197 83
"118" 2 0 -50.4166666666667 -19.0833333333333 175.204105689054 32.1974983215332 267 16
"119" 2 0 -48.5833333333333 -6.75 50.2475661726758 33.1544990539551 273 20
"120" 2 0 -40.75 -17.0833333333333 185.106774605448 31.753999710083 169 28
"121" 2 0 -58.9166666666667 -22.4166666666667 338.658987178091 34.9090003967285 109 19
"122" 1 0 -55.0833333333333 -17.5833333333333 196.51076475565 33.658748626709 252 18
"123" 1 0 -46.25 -20.9166666666667 231.665651558546 29.2145004272461 279 18
"124" 2 0 -48.75 -27.75 304.945169180217 27.2255001068115 220 92
"125" 1 0 -48.9166666666667 -1.41666666666666 48.482846685314 31.4412498474121 441 46
"126" 2 0 -42.5833333333333 -17.9166666666667 200.865183881119 29.1665000915527 250 10
"127" 2 0 -52.75 -27.0833333333333 347.883488621648 28.5340003967285 203 132
"128" 3 0 -49.75 -5.25 54.4940215679291 32.7597503662109 329 26
"129" 2 0 -48.75 -3.75 44.4103869249226 32.1007499694824 389 37
"130" 2 0 -44.9166666666667 -12.4166666666667 107.330012436019 32.1162490844727 200 2
"131" 2 0 -56.4166666666667 -13.9166666666667 83.1860866921037 34.7044982910156 297 4
"132" 3 0 -45.75 -19.0833333333333 190.442001655032 29.9300003051758 281 12
"133" 2 0 -48.75 -24.75 315.885692996237 28.8740005493164 196 60
"134" 1 0 -48.0833333333333 -7.41666666666666 62.6189925565415 32.8977508544922 275 11
"135" 3 0 -61.0833333333333 -13.9166666666667 111.67038128761 32.5477485656738 288 13
"136" 1 0 -51.0833333333333 -9.91666666666666 47.6271133226076 33.7567520141602 308 7
"137" 1 0 -44.75 -19.25 203.72090329472 31.5034999847412 268 9
"138" 2 0 -49.4166666666667 -4.41666666666666 55.0820739790226 32.2254981994629 368 26
"139" 2 0 -44.5833333333333 -20.9166666666667 212.384937246583 28.3502502441406 352 17
"140" 1 0 -44.4166666666667 -6.25 107.332929368882 33.111499786377 270 8
"141" 3 0 -55.25 -16.4166666666667 172.285964953637 32.6647491455078 257 15
"142" 1 0 -58.4166666666667 -25.9166666666667 390.916261972705 32.711498260498 151 39
"143" 3 0 -57.75 -24.4166666666667 359.03897666661 33.3505020141602 159 27
"144" 3 0 -51.25 -20.5833333333333 243.528607000932 31.9549999237061 213 19
"145" 2 0 -50.0833333333333 -18.4166666666667 156.313030745777 32.3950004577637 273 14
"146" 3 0 -42.4166666666667 -18.5833333333333 220.204725335159 29.0667495727539 271 16
"147" 1 0 -48.4166666666667 -20.9166666666667 190.044154610105 30.6389999389648 257 15
"148" 1 0 -45.5833333333333 -8.08333333333333 89.8507142857637 33.2262496948242 196 2
"149" 2 0 -60.75 -12.0833333333333 72.1806109008313 31.9657497406006 300 7
"150" 3 0 -50.5833333333333 -23.25 263.494096964831 30.0457496643066 170 53
"151" 3 0 -46.4166666666667 -1.41666666666666 43.8571994023851 32.3862495422363 412 17
"152" 3 0 -56.0833333333333 -20.75 260.319932896881 32.6500015258789 203 35
"153" 1 0 -48.25 -9.58333333333333 70.285621755284 32.4242515563965 269 4
"154" 2 0 -39.0833333333333 -4.91666666666666 60.5636353913788 32.6502494812012 211 3
"155" 2 0 -53.25 -23.0833333333333 275.312015650325 31.3372497558594 169 45
"156" 2 0 -52.0833333333333 -27.4166666666667 350.135788441849 28.1630001068115 195 127
"157" 1 0 -50.9166666666667 -18.4166666666667 150.798917968558 31.1762504577637 277 16
"158" 3 0 -38.4166666666667 -6.25 93.7882741760141 31.4400005340576 235 7
"159" 1 0 -54.4166666666667 -21.5833333333333 236.381352174744 31.3972492218018 202 37
"160" 3 0 -48.0833333333333 -25.4166666666667 293.111399070045 29.6000003814697 325 86
"161" 1 0 -51.75 -10.75 61.1037919926155 34.617000579834 313 4
"162" 2 0 -46.4166666666667 -17.4166666666667 165.346464846552 32.2817497253418 257 7
"163" 1 0 -49.4166666666667 -21.25 228.040256332268 31.6082496643066 214 17
"164" 3 0 -56.25 -22.9166666666667 289.556835544329 31.4912490844727 189 47
"165" 1 0 -59.4166666666667 -18.9166666666667 232.872303592022 34.4679985046387 134 20
"166" 3 0 -47.75 -2.08333333333333 41.6015752687035 31.8004989624023 422 61
"167" 3 0 -54.9166666666667 -18.5833333333333 198.651935814403 32.6777496337891 248 26
"168" 1 0 -59.4166666666667 -19.5833333333333 250.028521234504 35.3477516174316 114 16
"169" 3 0 -59.0833333333333 -14.25 117.901688484132 32.4827499389648 318 10
"170" 2 0 -52.25 -26.25 325.621923000152 26.5904998779297 219 127
"171" 3 0 -53.0833333333333 -26.5833333333333 333.476792328488 28.1665000915527 208 140
"172" 3 0 -42.9166666666667 -22.75 219.323056325203 32.0065002441406 189 28
"173" 2 0 -43.4166666666667 -21.4166666666667 211.029005608285 28.8700008392334 279 17
"174" 2 0 -52.0833333333333 -11.4166666666667 70.7781063920524 34.5717506408691 298 3
"175" 1 0 -57.75 -25.9166666666667 381.546047617676 32.3372497558594 166 45
"176" 1 0 -48.4166666666667 -25.75 305.204995850635 28.7933330535889 269 84
"177" 3 0 -59.0833333333333 -19.0833333333333 232.698652355545 34.588249206543 135 20
"178" 3 0 -44.0833333333333 -12.75 107.22126795325 31.6417503356934 181 1
"179" 3 0 -47.4166666666667 -8.75 68.8898556773185 32.6645011901855 259 3
"180" 3 0 -61.9166666666667 -21.75 375.175685441683 35.4262504577637 83 4
"181" 1 0 -54.5833333333333 -24.25 324.473506045331 31.2047500610352 182 77
"182" 2 0 -58.0833333333333 -13.9166666666667 100.854534349587 33.0945014953613 345 7
"183" 1 0 -49.9166666666667 -8.41666666666666 46.0878936933224 33.6217498779297 281 10
"184" 2 0 -49.9166666666667 -22.5833333333333 271.946557212906 30.63450050354 213 38
"185" 1 0 -50.0833333333333 -6.08333333333333 45.2741740956385 31.3392505645752 302 20
"186" 3 0 -43.25 -6.08333333333333 116.422264016983 34.213249206543 252 4
"187" 2 0 -43.75 -17.0833333333333 168.421001136136 30.9050006866455 232 4
"188" 2 0 -50.5833333333333 -25.9166666666667 331.25143418611 27.0307502746582 173 81
"189" 2 0 -60.75 -18.9166666666667 241.330104714712 33.4442520141602 103 17
"190" 2 0 -38.5833333333333 -8.41666666666666 177.483571637366 32.5519981384277 132 4
"191" 3 0 -52.75 -10.75 52.5216047675364 34.416748046875 345 3
"192" 1 0 -48.4166666666667 -19.5833333333333 169.462957533847 30.089750289917 283 20
"193" 3 0 -45.9166666666667 -6.75 75.3484026838792 31.1364994049072 210 9
"194" 3 0 -53.25 -28.5833333333333 374.541226426369 29.5237503051758 171 121
"195" 1 0 -43.25 -2.41666666666666 41.2436774210065 32.4023742675781 363 5
"196" 1 0 -47.25 -17.9166666666667 163.212446696219 29.3957500457764 328 7
"197" 3 0 -61.5833333333333 -16.5833333333333 184.611100341056 31.7170009613037 169 19
"198" 2 0 -40.9166666666667 -9.75 131.428345138801 33.1655006408691 96 1
"199" 2 0 -49.5833333333333 -29.0833333333333 337.711262997303 28.6072254180908 148 87
"200" 2 0 -47.0833333333333 -6.75 56.1562352305978 32.1995010375977 266 12
"201" 2 0 -49.9166666666667 -21.0833333333333 236.037401561241 31.8074989318848 217 14
"202" 1 0 -52.25 -10.5833333333333 53.7376127227635 34.4397506713867 326 4
"203" 1 0 -40.5833333333333 -6.25 94.7112992303693 31.3707504272461 193 3
"204" 2 0 -46.25 -10.75 90.9258142958713 32.3607482910156 212 1
"205" 3 0 -49.5833333333333 -6.75 50.9014357698137 33.3855018615723 280 20
"206" 3 0 -49.4166666666667 -19.75 192.457423268525 32.2462501525879 261 15
"207" 3 0 -39.25 -5.91666666666666 97.2470665404315 33.5714988708496 212 7
"208" 1 0 -47.75 -4.08333333333333 44.8736063171091 31.8317489624023 343 26
"209" 1 0 -42.5833333333333 -5.41666666666666 111.104168380939 35.2177505493164 334 6
"210" 1 0 -49.9166666666667 -8.75 42.1479725199282 33.4124984741211 285 9
"211" 1 0 -39.9166666666667 -17.75 172.956297885529 31.2662506103516 151 55
"212" 3 0 -41.5833333333333 -6.25 97.7718617660447 33.0955009460449 220 2
"213" 2 0 -56.4166666666667 -18.75 229.959067260702 34.0522499084473 224 27
"214" 1 0 -47.5833333333333 -14.75 103.582841171229 28.0637493133545 263 6
"215" 1 0 -51.4166666666667 -13.9166666666667 122.546615484966 34.5629997253418 283 3
"216" 2 0 -59.75 -16.75 186.840341833609 33.9340019226074 267 35
"217" 1 0 -54.4166666666667 -15.75 179.456999799942 32.4732513427734 295 7
"218" 3 0 -41.4166666666667 -14.75 156.604575316855 29.25950050354 116 3
"219" 3 0 -54.9166666666667 -8.25 57.3950926082928 32.9000015258789 335 9
"220" 2 0 -54.5833333333333 -8.91666666666666 60.4644519405691 32.4085006713867 326 10
"221" 3 0 -51.9166666666667 -18.0833333333333 149.355020294148 29.7387504577637 299 18
"222" 1 0 -52.0833333333333 -22.25 252.162686100436 31.5949993133545 173 32
"223" 1 0 -54.5833333333333 -25.9166666666667 373.386713126777 30.9895000457764 185 101
"224" 3 0 -53.9166666666667 -27.25 392.471477414817 30.255500793457 190 135
"225" 2 0 -40.0833333333333 -4.08333333333333 67.4280476055879 32.9324989318848 203 1
"226" 3 0 -43.25 -5.25 112.504309401383 35.2589988708496 328 8
"227" 1 0 -55.0833333333333 -24.25 324.779794175722 31.3689994812012 191 83
"228" 3 0 -57.9166666666667 -11.5833333333333 70.9957909149118 33.0042495727539 337 3
"229" 2 0 -56.4166666666667 -15.9166666666667 167.578605424425 34.203498840332 207 20
"230" 3 0 -56.0833333333333 -15.5833333333333 146.50739746337 33.2709999084473 214 17
"231" 1 0 -54.5833333333333 -27.4166666666667 387.333930382912 30.8959999084473 172 122
"232" 1 0 -55.4166666666667 -15.4166666666667 138.840194163802 32.4085006713867 252 11
"233" 1 0 -58.0833333333333 -24.0833333333333 359.313908503584 33.9732513427734 143 23
"234" 2 0 -43.0833333333333 -16.0833333333333 174.577785129598 29.1459999084473 208 4
"235" 2 0 -56.0833333333333 -24.4166666666667 341.025190252933 32.7169990539551 179 69
"236" 2 0 -46.4166666666667 -4.08333333333333 52.8744371720188 32.2767486572266 312 18
"237" 1 0 -50.4166666666667 -24.9166666666667 296.08691484838 27.6392498016357 157 76
"238" 3 0 -46.9166666666667 -1.75 44.8124426766167 32.3059997558594 421 30
"239" 2 0 -43.75 -15.9166666666667 147.575105982988 32.2900009155273 213 1
"240" 2 0 -54.9166666666667 -11.5833333333333 60.7363323137114 34.2482490539551 321 0
"241" 2 0 -41.75 -20.4166666666667 216.206206940486 25.0195007324219 236 27
"242" 2 0 -60.0833333333333 -14.9166666666667 136.895675906222 31.8535003662109 269 12
"243" 1 0 -49.4166666666667 -2.41666666666666 41.157840498097 31.800500869751 432 50
"244" 3 0 -57.5833333333333 -10.25 45.1014067633154 32.7007484436035 360 3
"245" 1 0 -56.9166666666667 -24.0833333333333 348.817455949801 33.6110000610352 192 39
"246" 2 0 -45.5833333333333 -11.0833333333333 107.729541569623 32.7582511901855 180 0
"247" 3 0 -39.5833333333333 -16.75 154.497859501367 30.0524997711182 143 63
"248" 3 0 -61.4166666666667 -16.4166666666667 182.498368444101 31.9932498931885 176 16
"249" 1 0 -49.9166666666667 -5.58333333333333 51.3904582691035 32.7282485961914 315 24
"250" 3 0 -48.5833333333333 -10.75 87.2808009255857 32.017749786377 265 5
"251" 1 0 -56.4166666666667 -16.4166666666667 184.699214887305 34.1012496948242 215 20
"252" 1 0 -43.75 -17.5833333333333 169.601127572591 28.2232494354248 237 7
"253" 2 0 -40.5833333333333 -4.75 78.9596250005193 32.4192504882812 241 2
"254" 1 0 -50.9166666666667 -21.4166666666667 264.157216692394 31.4992504119873 202 20
"255" 3 0 -59.4166666666667 -15.4166666666667 155.532872939419 33.880500793457 272 17
"256" 3 0 -39.25 -17.0833333333333 156.279420336785 30.1603927612305 152 76
"257" 1 0 -46.4166666666667 -15.0833333333333 121.637006080396 29.7367496490479 289 3
"258" 2 0 -49.4166666666667 -13.4166666666667 98.5856594309925 32.9205017089844 279 4
"259" 1 0 -54.5833333333333 -11.0833333333333 51.7285630952893 34.2472496032715 338 1
"260" 2 0 -53.9166666666667 -16.4166666666667 188.187047311866 32.2172508239746 293 8
"261" 2 0 -52.75 -10.5833333333333 50.197028417346 34.3279991149902 348 3
"262" 1 0 -61.9166666666667 -21.0833333333333 357.522067844301 34.7142486572266 77 4
"263" 1 0 -45.4166666666667 -23.5833333333333 251.956698386159 28.221700668335 286 64
"264" 3 0 -44.9166666666667 -4.08333333333333 79.696017637586 34.2719993591309 360 17
"265" 1 0 -47.5833333333333 -15.9166666666667 135.934299841189 28.6357498168945 272 6
"266" 3 0 -57.25 -12.75 87.7646558446446 33.1217498779297 355 4
"267" 2 0 -52.75 -11.5833333333333 75.1792457662887 34.7330017089844 311 2
"268" 2 0 -53.4166666666667 -10.25 41.376621451289 33.7382507324219 382 4
"269" 2 0 -55.75 -26.5833333333333 369.607425258926 31.5205001831055 171 84
"270" 1 0 -53.5833333333333 -8.91666666666666 39.5061347818074 33.1445007324219 329 10
"271" 1 0 -43.4166666666667 -10.75 72.8229121482869 32.7164993286133 154 0
"272" 3 0 -53.0833333333333 -23.4166666666667 284.543933313568 30.6077499389648 163 56
"273" 1 0 -57.0833333333333 -13.5833333333333 82.9472201372474 33.9337501525879 331 4
"274" 1 0 -62.4166666666667 -19.5833333333333 276.552633964635 34.0407485961914 88 5
"275" 2 0 -42.0833333333333 -15.5833333333333 172.577730292236 28.9392509460449 173 4
"276" 1 0 -58.4166666666667 -10.25 46.5422901037332 32.5812492370605 333 5
"277" 1 0 -48.9166666666667 -17.9166666666667 167.557285261293 31.8102493286133 283 11
"278" 2 0 -41.5833333333333 -13.0833333333333 124.159092587783 26.9564990997314 146 21
"279" 2 0 -59.5833333333333 -20.9166666666667 303.52192202098 35.4572525024414 99 14
"280" 2 0 -41.5833333333333 -13.25 123.347034850302 28.0327491760254 140 15
"281" 3 0 -60.0833333333333 -23.9166666666667 392.745039400171 34.8144989013672 99 14
"282" 3 0 -51.5833333333333 -27.9166666666667 336.994939422604 26.6485004425049 196 113
"283" 1 0 -56.75 -16.0833333333333 177.487531684497 34.3445014953613 209 21
"284" 2 0 -60.5833333333333 -18.5833333333333 230.247043378342 33.8899993896484 123 22
"285" 3 0 -50.25 -18.0833333333333 147.468392099294 32.3292503356934 278 13
"286" 3 0 -39.0833333333333 -7.41666666666666 122.247568119711 30.6197490692139 236 7
"287" 3 0 -39.4166666666667 -15.4166666666667 154.663929829357 28.8519992828369 148 91
"288" 2 0 -54.5833333333333 -12.4166666666667 86.6627750631961 34.1897506713867 309 1
"289" 2 0 -54.9166666666667 -20.5833333333333 198.824618974966 31.7827491760254 220 40
"290" 1 0 -50.5833333333333 -13.0833333333333 105.268643207279 34.2092514038086 292 3
"291" 1 0 -47.25 -24.5833333333333 274.652338196894 29.7560691833496 277 88
"292" 3 0 -43.9166666666667 -3.91666666666666 86.8843890523112 34.1319999694824 375 13
"293" 3 0 -46.5833333333333 -0.916666666666657 43.8584838706703 31.0753765106201 448 6
"294" 1 0 -53.75 -13.5833333333333 120.593941069301 33.819751739502 288 3
"295" 2 0 -46.4166666666667 -20.75 231.862699043325 30.1377506256104 284 14
"296" 3 0 -41.4166666666667 -3.91666666666666 89.0878777290092 33.6087493896484 269 5
"297" 1 0 -38.9166666666667 -15.75 159.937231731317 29.8303031921387 176 113
"298" 1 0 -41.75 -10.4166666666667 118.78360061397 32.885498046875 107 0
"299" 1 0 -49.75 -2.25 42.3322947349844 32.2477493286133 430 48
"300" 2 0 -57.25 -16.0833333333333 185.414676152938 34.2307510375977 218 22
"301" 1 0 -42.4166666666667 -18.25 212.996042557564 31.1424999237061 246 12
"302" 3 0 -45.9166666666667 -7.91666666666666 83.8485586106156 32.7707481384277 198 2
"303" 3 0 -50.0833333333333 -20.75 227.01429377766 31.7189998626709 224 16
"304" 3 0 -58.5833333333333 -10.75 55.2096207419034 32.5672492980957 339 4
"305" 2 0 -45.4166666666667 -9.58333333333333 93.2060996696886 32.6857490539551 199 0
"306" 1 0 -57.25 -11.5833333333333 70.1673444035924 33.1809997558594 350 4
"307" 3 0 -46.75 -19.25 182.782312985392 29.1557502746582 327 12
"308" 2 0 -49.75 -24.0833333333333 280.844082488507 29.013500213623 184 50
"309" 1 0 -40.4166666666667 -8.58333333333333 144.280951195108 32.3720016479492 130 2
"310" 2 0 -59.4166666666667 -17.9166666666667 200.713489226575 32.1147499084473 203 31
"311" 3 0 -39.4166666666667 -4.25 63.7027599748641 32.0485000610352 195 1
"312" 1 0 -51.25 -24.0833333333333 292.079060967123 29.1152496337891 189 73
"313" 3 0 -54.9166666666667 -16.75 180.586082197898 32.6030006408691 263 14
"314" 1 0 -52.5833333333333 -18.25 162.888711290444 30.210750579834 304 21
"315" 1 0 -44.9166666666667 -11.75 115.473700501138 32.3515014648438 201 1
"316" 3 0 -42.0833333333333 -5.08333333333333 109.055870749777 34.4297485351562 317 6
"317" 2 0 -52.75 -16.9166666666667 166.794282586129 32.2102508544922 309 12
"318" 1 0 -54.0833333333333 -27.9166666666667 386.473646010947 30.4340000152588 189 134
"319" 1 0 -47.4166666666667 -3.25 46.0770601508835 31.7477493286133 374 43
"320" 3 0 -48.5833333333333 -0.75 65.9654502206655 32.0057487487793 571 23
"321" 2 0 -42.4166666666667 -8.08333333333333 100.51370592158 35.0387496948242 162 1
"322" 2 0 -40.4166666666667 -17.0833333333333 178.062872942942 30.9907493591309 161 42
"323" 3 0 -49.0833333333333 -17.5833333333333 150.54015727256 31.0222492218018 287 11
"324" 2 0 -38.0833333333333 -4.08333333333333 53.944019855038 31.3756084442139 324 14
"325" 3 0 -49.9166666666667 -12.4166666666667 90.9547075317168 33.9145011901855 295 3
"326" 2 0 -41.75 -16.0833333333333 176.808575900455 28.7870006561279 179 6
"327" 3 0 -59.4166666666667 -13.4166666666667 104.683392614248 32.5787506103516 332 9
"328" 3 0 -53.25 -16.75 176.761086881403 31.536750793457 308 10
"329" 3 0 -52.4166666666667 -9.75 38.6226951548703 33.5617485046387 329 6
"330" 1 0 -43.0833333333333 -5.08333333333333 114.076931006027 35.1894989013672 345 11
"331" 3 0 -47.25 -14.0833333333333 100.947205604527 30.724250793457 263 4
"332" 3 0 -39.4166666666667 -13.75 137.626613925262 27.4965000152588 166 112
"333" 3 0 -50.9166666666667 -25.25 303.049943290102 27.1280002593994 173 82
"334" 2 0 -54.75 -11.75 66.0810494490879 34.03125 323 0
"335" 1 0 -49.0833333333333 -3.25 45.4219367681027 32.4020004272461 419 44
"336" 2 0 -48.5833333333333 -2.75 39.0524121527314 31.871000289917 414 53
"337" 2 0 -44.5833333333333 -2.58333333333333 34.8828486451433 32.0205001831055 345 8
"338" 3 0 -39.9166666666667 -13.75 152.758631741327 25.9017505645752 127 74
"339" 2 0 -51.25 -13.4166666666667 114.006114145958 34.5247497558594 290 3
"340" 1 0 -43.75 -9.58333333333333 85.8274099163797 33.1787490844727 142 0
"341" 2 0 -43.0833333333333 -8.25 93.440869911465 33.8307495117188 156 2
"342" 1 0 -59.4166666666667 -13.9166666666667 111.809400347808 32.294750213623 322 10
"343" 3 0 -43.0833333333333 -2.58333333333333 44.8107242860643 32.7232513427734 353 5
"344" 3 0 -48.0833333333333 -25.0833333333333 291.211212657123 29.9822883605957 320 75
"345" 2 0 -50.25 -7.08333333333333 45.9026152713588 32.7192497253418 281 17
"346" 1 0 -48.0833333333333 -24.4166666666667 297.31562807878 30.9732494354248 225 51
"347" 3 0 -55.25 -9.41666666666666 66.9643739854537 32.9230003356934 340 9
"348" 2 0 -47.75 -5.75 44.6038203939354 32.4269981384277 285 12
"349" 1 0 -52.4166666666667 -10.25 46.0391585137067 34.0967483520508 335 4
"350" 1 0 -59.4166666666667 -19.0833333333333 234.302609890587 34.1877517700195 128 19
"351" 2 0 -46.25 -12.25 88.5189652246989 30.9834995269775 278 3
"352" 2 0 -37.9166666666667 -5.75 100.990623336797 33.671501159668 212 3
"353" 1 0 -54.9166666666667 -22.25 275.756871674199 31.0467510223389 186 48
"354" 3 0 -42.75 -16.25 181.483606010272 29.3137493133545 214 8
"355" 3 0 -48.9166666666667 -24.0833333333333 296.84988357265 28.0062503814697 177 47
"356" 1 0 -48.75 -5.08333333333333 56.4329136444208 33.2825012207031 325 24
"357" 1 0 -59.25 -24.75 394.196923878688 34.2690010070801 123 17
"358" 1 0 -53.0833333333333 -22.9166666666667 265.525734899656 31.164249420166 167 40
"359" 1 0 -54.0833333333333 -19.0833333333333 191.804143391682 32.5057487487793 256 27
"360" 2 0 -57.5833333333333 -25.25 365.995301155708 32.4537506103516 159 44
"361" 2 0 -58.4166666666667 -25.0833333333333 374.166615435482 33.5077514648438 133 22
"362" 1 0 -46.9166666666667 -2.08333333333333 42.8925216783557 32.0527496337891 410 40
"363" 3 0 -48.25 -18.4166666666667 170.025279947746 30.7407493591309 294 9
"364" 1 0 -51.5833333333333 -17.9166666666667 139.937608134886 30.0375003814697 292 16
"365" 1 0 -53.9166666666667 -9.75 42.0865613937943 33.3932495117188 358 6
"366" 2 0 -41.25 -13.4166666666667 131.909052988843 26.9367504119873 149 34
"367" 3 0 -41.25 -4.75 90.1319952169585 32.3072509765625 224 1
"368" 2 0 -49.75 -8.91666666666666 42.6838816486982 33.1925010681152 280 8
"369" 2 0 -52.5833333333333 -8.91666666666666 33.1999939333699 32.986499786377 316 8
"370" 3 0 -45.9166666666667 -22.0833333333333 241.324954525141 29.5752506256104 282 28
"371" 2 0 -60.4166666666667 -24.25 399.092759376662 34.6059989929199 117 14
"372" 2 0 -51.9166666666667 -25.4166666666667 300.658580838128 26.6677494049072 194 106
"373" 1 0 -40.0833333333333 -10.5833333333333 166.027871679341 31.933500289917 102 20
"374" 1 0 -47.5833333333333 -17.9166666666667 165.538706200267 29.7167491912842 309 8
"375" 2 0 -59.25 -24.9166666666667 393.491615071813 34.213249206543 127 17
"376" 1 0 -41.4166666666667 -3.25 81.3308286652731 33.7167510986328 262 1
"377" 2 0 -51.9166666666667 -25.9166666666667 310.059424587483 25.6215000152588 191 113
"378" 3 0 -50.4166666666667 -13.0833333333333 102.771921090839 34.4400024414062 293 3
"379" 2 0 -56.75 -18.9166666666667 234.357729693138 33.7810020446777 215 27
"380" 1 0 -42.5833333333333 -11.4166666666667 101.257903457127 29.2005004882812 144 1
"381" 1 0 -49.9166666666667 -14.4166666666667 113.550048172948 33.3167495727539 270 5
"382" 3 0 -43.9166666666667 -13.4166666666667 103.782714216562 32.0927505493164 180 0
"383" 2 0 -45.4166666666667 -3.58333333333333 59.6207742835484 33.0597496032715 391 32
"384" 3 0 -48.25 -13.9166666666667 100.553690872992 31.1597499847412 262 3
"385" 2 0 -49.0833333333333 -5.08333333333333 59.7165729911472 33.3217506408691 331 25
"386" 1 0 -44.75 -15.9166666666667 156.153992525699 32.3484992980957 222 4
"387" 2 0 -44.75 -10.0833333333333 105.107514333568 33.7262496948242 160 1
"388" 1 0 -54.75 -26.25 385.707637157551 31.4389991760254 167 88
"389" 3 0 -57.4166666666667 -23.5833333333333 338.382395902556 33.7782516479492 160 41
"390" 1 0 -51.4166666666667 -26.75 315.603598260138 24.4487495422363 176 104
"391" 1 0 -56.5833333333333 -12.75 85.9328196079721 33.5027503967285 374 3
"392" 3 0 -50.25 -21.0833333333333 247.603466798965 31.8544998168945 220 16
"393" 3 0 -43.5833333333333 -2.41666666666666 36.7844898416623 31.8865375518799 375 5
"394" 1 0 -53.9166666666667 -19.9166666666667 186.556564680402 31.4152507781982 245 33
"395" 2 0 -59.0833333333333 -10.9166666666667 57.4524623027097 32.1414985656738 334 5
"396" 1 0 -41.75 -6.75 99.4165569633268 32.7184982299805 193 2
"397" 3 0 -41.9166666666667 -10.5833333333333 118.479492059174 33.5810012817383 103 0
"398" 1 0 -51.9166666666667 -28.4166666666667 344.556845730676 26.8519992828369 195 123
"399" 2 0 -42.5833333333333 -17.4166666666667 180.486534918174 30.0207500457764 224 6
"400" 1 0 -53.4166666666667 -12.0833333333333 91.6516071268859 34.9755020141602 308 1
"401" 1 0 -55.5833333333333 -26.4166666666667 364.011641398148 31.0952491760254 179 88
"402" 1 0 -53.75 -20.25 193.469415178899 31.6637496948242 233 34
"403" 2 0 -43.4166666666667 -6.08333333333333 116.216992542549 33.5379981994629 252 6
"404" 1 0 -49.75 -10.9166666666667 80.1040514745478 33.5042495727539 287 5
"405" 1 0 -55.25 -20.75 227.157214358542 32.0792503356934 215 40
"406" 2 0 -59.0833333333333 -13.0833333333333 98.4026386544216 33.0292510986328 346 8
"407" 2 0 -38.9166666666667 -14.25 131.086068438303 29.4275856018066 244 138
"408" 2 0 -53.4166666666667 -19.4166666666667 182.821381727829 31.4114990234375 262 29
"409" 2 0 -40.9166666666667 -12.0833333333333 159.685919349434 28.1730003356934 94 24
"410" 1 0 -48.9166666666667 -20.0833333333333 192.559019097845 32.2637481689453 283 15
"411" 3 0 -46.25 -15.75 153.335608758897 31.7849998474121 259 5
"412" 3 0 -49.25 -25.0833333333333 293.475824834303 27.5282497406006 204 69
"413" 1 0 -55.5833333333333 -15.25 138.326008679239 33.5642509460449 233 12
"414" 1 0 -59.4166666666667 -19.9166666666667 265.981785159101 35.5 108 15
"415" 2 0 -44.5833333333333 -3.91666666666666 81.2170869122378 34.296501159668 345 21
"416" 1 0 -49.5833333333333 -5.41666666666666 56.516758291793 32.9872512817383 321 25
"417" 1 0 -45.0833333333333 -1.75 37.4779105812715 31.9442501068115 319 7
"418" 3 0 -56.5833333333333 -10.25 48.9902532914019 33.3160018920898 337 6
"419" 2 0 -51.5833333333333 -16.75 133.253419355755 31.1450004577637 294 12
"420" 2 0 -57.5833333333333 -13.5833333333333 85.889455248524 33.7517509460449 346 5
"421" 3 0 -55.5833333333333 -22.4166666666667 270.57633834514 30.2697505950928 188 44
"422" 2 0 -43.75 -20.9166666666667 207.01347498578 28.2285003662109 278 18
"423" 1 0 -37.9166666666667 -5.41666666666666 91.1277812686552 33.4797515869141 205 1
"424" 3 0 -55.5833333333333 -24.9166666666667 345.635195710777 31.7297496795654 197 82
"425" 1 0 -40.25 -8.91666666666666 149.413614152933 32.765998840332 135 2
"426" 3 0 -50.0833333333333 -24.9166666666667 288.250430957234 26.7297496795654 190 84
"427" 3 0 -59.25 -17.0833333333333 196.770613039721 34.6375007629395 258 38
"428" 2 0 -41.0833333333333 -7.58333333333333 105.226919292027 33.9147491455078 161 0
"429" 2 0 -39.0833333333333 -4.08333333333333 63.2684451182008 31.9055004119873 205 3
"430" 3 0 -58.0833333333333 -16.5833333333333 190.019463953617 34.7077484130859 238 24
"431" 3 0 -53.75 -23.9166666666667 306.597945166728 30.9249992370605 167 59
"432" 3 0 -44.4166666666667 -9.25 99.646336962473 34.242748260498 167 2
"433" 1 0 -44.4166666666667 -8.41666666666666 98.2350525650649 32.8720016479492 181 2
"434" 2 0 -50.5833333333333 -7.91666666666666 39.0385211583702 32.7442512512207 279 12
"435" 2 0 -40.9166666666667 -21.25 203.035883900953 31.3127994537354 158 29
"436" 1 0 -41.9166666666667 -4.58333333333333 92.2338760145427 34.1134986877441 357 6
"437" 1 0 -48.5833333333333 -6.58333333333333 50.1795594078118 33.1122512817383 274 23
"438" 2 0 -49.9166666666667 -22.4166666666667 268.348123113149 30.4417495727539 212 37
"439" 2 0 -43.5833333333333 -13.9166666666667 123.448721172662 32.4114990234375 140 1
"440" 3 0 -48.4166666666667 -24.9166666666667 308.564852195771 27.2792491912842 238 65
"441" 3 0 -60.9166666666667 -12.4166666666667 78.510056202229 32.4657516479492 286 7
"442" 2 0 -43.4166666666667 -17.75 181.137376180248 29.0027503967285 244 8
"443" 1 0 -46.25 -13.0833333333333 88.006343414269 30.1877498626709 254 2
"444" 2 0 -44.0833333333333 -15.25 137.456204439075 32.333251953125 216 1
"445" 1 0 -40.4166666666667 -16.5833333333333 167.865831946374 29.2950000762939 130 41
"446" 3 0 -52.4166666666667 -18.4166666666667 162.952202360718 30.3742504119873 299 21
"447" 1 0 -39.75 -4.58333333333333 68.3069666616371 29.9109992980957 190 3
"448" 2 0 -40.4166666666667 -13.9166666666667 145.951630351172 27.4930000305176 119 11
"449" 1 0 -58.9166666666667 -20.75 288.879722697489 35.1887512207031 115 16
"450" 1 0 -40.5833333333333 -7.91666666666666 120.232928467099 31.6607494354248 154 2
"451" 3 0 -50.5833333333333 -10.75 67.8124834548608 33.8342514038086 302 5
"452" 1 0 -45.9166666666667 -15.25 136.557458524293 30.4932498931885 429 2
"453" 1 0 -45.75 -1.91666666666666 43.9534795384729 32.2314987182617 452 23
"454" 1 0 -55.0833333333333 -22.4166666666667 281.601790397057 31.0860004425049 186 49
"455" 3 0 -58.9166666666667 -24.25 381.905658443294 34.2639999389648 116 20
"456" 1 0 -43.75 -2.41666666666666 35.287213415977 31.75 384 5
"457" 1 0 -47.4166666666667 -19.25 170.106958931825 27.7019996643066 323 11
"458" 2 0 -59.9166666666667 -22.9166666666667 366.029507758004 35.3747482299805 91 9
"459" 3 0 -51.5833333333333 -21.0833333333333 254.22832560382 32.0617485046387 185 23
"460" 3 0 -57.5833333333333 -15.9166666666667 183.203016977345 33.3942489624023 230 19
"461" 3 0 -55.4166666666667 -19.9166666666667 211.241488648494 31.8887500762939 232 35
"462" 3 0 -57.75 -19.5833333333333 250.065823601265 34.3662490844727 172 27
"463" 1 0 -47.9166666666667 -17.9166666666667 172.874265607787 31.0067501068115 290 9
"464" 1 0 -59.5833333333333 -22.25 347.949820280581 35.7944984436035 90 9
"465" 3 0 -49.5833333333333 -20.75 207.408478985742 31.3309993743896 231 14
"466" 2 0 -57.4166666666667 -12.25 84.5453981891926 32.7439994812012 350 4
"467" 2 0 -48.0833333333333 -12.0833333333333 92.2000888573116 33.1430015563965 275 2
"468" 1 0 -44.4166666666667 -14.0833333333333 127.82559020123 31.0960006713867 209 0
"469" 3 0 -51.0833333333333 -21.75 263.993378843352 31.2935009002686 194 25
"470" 1 0 -49.4166666666667 -5.75 55.7374927459891 33.0745010375977 306 24
"471" 2 0 -51.25 -21.0833333333333 255.241266782069 31.4344997406006 195 22
"472" 3 0 -45.0833333333333 -7.25 101.159751822335 33.4459991455078 166 4
"473" 1 0 -41.0833333333333 -11.5833333333333 159.069990342864 26.5387496948242 103 25
"474" 3 0 -60.9166666666667 -16.25 184.288719729098 32.7019996643066 192 13
"475" 3 0 -50.0833333333333 -26.5833333333333 330.291864414352 26.875 162 85
"476" 3 0 -48.0833333333333 -1.08333333333333 49.0585450149746 31.8867492675781 500 43
"477" 2 0 -54.4166666666667 -17.9166666666667 195.298698217254 33.4932479858398 267 20
"478" 1 0 -39.0833333333333 -16.0833333333333 156.612086795269 29.5170001983643 170 88
"479" 2 0 -57.0833333333333 -25.5833333333333 362.938731503518 31.4710006713867 168 60
"480" 3 0 -38.25 -7.25 134.182008351768 31.8937492370605 243 4
"481" 3 0 -54.0833333333333 -20.0833333333333 184.989546700728 31.1935005187988 242 36
"482" 2 0 -62.25 -22.0833333333333 391.230530627855 35.3455009460449 95 3
"483" 3 0 -60.0833333333333 -21.4166666666667 329.868737004633 35.5944976806641 91 11
"484" 2 0 -43.4166666666667 -12.4166666666667 107.591370654473 33.0494995117188 162 1
"485" 2 0 -48.9166666666667 -13.9166666666667 99.8516922937077 31.2339992523193 266 4
"486" 2 0 -53.25 -8.91666666666666 36.652901882139 33.041748046875 328 9
"487" 2 0 -53.75 -12.5833333333333 99.7294673926783 34.2960014343262 294 1
"488" 3 0 -47.4166666666667 -15.0833333333333 127.789155005349 30.9755001068115 243 5
"489" 1 0 -48.0833333333333 -6.25 45.6377916572665 32.7137489318848 288 17
"490" 2 0 -59.4166666666667 -22.25 344.54869801114 35.6122512817383 89 11
"491" 2 0 -51.9166666666667 -22.25 249.979117917446 31.5410003662109 178 36
"492" 2 0 -52.4166666666667 -15.0833333333333 152.245481927281 33.1365013122559 277 4
"493" 1 0 -57.75 -19.0833333333333 227.745181807457 33.5605010986328 170 21
"494" 2 0 -51.4166666666667 -29.0833333333333 341.195775323447 26.1774997711182 170 117
"495" 1 0 -58.9166666666667 -14.25 111.925061992959 32.2997512817383 320 11
"496" 1 0 -50.9166666666667 -23.4166666666667 268.544568773349 29.949499130249 188 56
"497" 1 0 -50.25 -23.9166666666667 279.628139060952 28.8612499237061 180 60
"498" 1 0 -50.75 -25.5833333333333 315.399330922034 26.855749130249 173 81
"499" 2 0 -53.0833333333333 -19.75 193.40795756503 31.8107490539551 250 28
"500" 3 0 -58.75 -18.0833333333333 207.794587103404 33.538501739502 191 25
"501" 3 0 -40.0833333333333 -10.0833333333333 174.218324822673 31.4360008239746 99 14
"502" 1 0 -49.75 -5.41666666666666 55.0177289954429 32.8600006103516 322 25
"503" 2 0 -55.9166666666667 -12.5833333333333 79.9234721183095 34.1520004272461 355 2
"504" 1 0 -44.0833333333333 -20.25 196.149510097763 29.5799999237061 307 13
"505" 2 0 -54.0833333333333 -15.5833333333333 178.178682304736 31.2982501983643 312 5
"506" 1 0 -43.25 -10.75 70.3841012090651 33.3592491149902 149 1
"507" 2 0 -41.9166666666667 -16.5833333333333 179.855277772564 31.0049991607666 176 5
"508" 3 0 -60.25 -23.75 395.029380883449 35.0205001831055 92 10
"509" 2 0 -43.25 -22.5833333333333 226.691885748327 30.3344993591309 258 51
"510" 1 0 -39.4166666666667 -4.08333333333333 61.2868961300356 32.1969985961914 204 2
"511" 2 0 -42.9166666666667 -21.5833333333333 227.226957502467 30.1807498931885 256 15
"512" 2 0 -59.9166666666667 -16.5833333333333 186.149205320629 33.9044990539551 258 31
"513" 1 0 -49.9166666666667 -20.25 205.073679269599 32.0195007324219 224 16
"514" 1 0 -41.5833333333333 -8.25 106.779478908412 34.6967506408691 153 0
"515" 2 0 -42.9166666666667 -16.25 178.499090416652 29.1574993133545 213 5
"516" 2 0 -58.9166666666667 -9.91666666666666 44.4419952612846 32.5395011901855 320 5
"517" 1 0 -47.75 -10.4166666666667 86.7445014094662 32.5174980163574 255 3
"518" 1 0 -44.75 -6.75 101.328077861103 32.9092483520508 231 8
"519" 3 0 -40.0833333333333 -6.41666666666666 101.716912538928 32.8474998474121 170 3
"520" 3 0 -45.5833333333333 -7.25 88.9881042587674 32.9500007629395 206 5
"521" 1 0 -54.9166666666667 -19.9166666666667 200.368185794058 32.3352508544922 238 38
"522" 2 0 -54.0833333333333 -24.9166666666667 332.325909616216 29.9377498626709 219 86
"523" 2 0 -47.0833333333333 -1.91666666666666 45.8064084398454 32.2307510375977 420 37
"524" 1 0 -43.25 -18.25 194.630684388289 26.8360004425049 276 12
"525" 3 0 -49.0833333333333 -2.58333333333333 40.6700247591678 32.028247833252 426 52
"526" 1 0 -48.25 -15.75 110.309482783549 28.1412506103516 254 9
"527" 2 0 -53.25 -14.0833333333333 135.715630188737 33.6549987792969 284 4
"528" 3 0 -59.0833333333333 -22.5833333333333 346.702138638295 35.1592483520508 103 20
"529" 2 0 -45.25 -21.9166666666667 264.757455432808 30.2617492675781 301 18
"530" 3 0 -47.4166666666667 -3.08333333333333 48.466943910871 32.0027503967285 381 46
"531" 1 0 -49.9166666666667 -9.75 53.2497022122687 33.4382514953613 288 7
"532" 3 0 -50.0833333333333 -7.08333333333333 46.543456612767 32.9755020141602 280 17
"533" 2 0 -48.4166666666667 -10.9166666666667 88.9209264546445 32.5892486572266 267 4
"534" 3 0 -52.75 -25.0833333333333 303.686944446926 27.2299995422363 214 90
"535" 2 0 -46.75 -6.41666666666666 54.1404257052303 31.5125007629395 248 13
"536" 2 0 -41.5833333333333 -8.58333333333333 109.261125982247 33.9449996948242 123 0
"537" 2 0 -49.4166666666667 -16.0833333333333 112.408584229294 29.9325008392334 291 9
"538" 2 0 -42.9166666666667 -10.0833333333333 89.1776612914339 34.1985015869141 134 0
"539" 2 0 -42.5833333333333 -10.5833333333333 100.548354754078 33.7672500610352 122 1
"540" 3 0 -43.75 -12.0833333333333 111.270098026161 33.0522499084473 164 1
"541" 1 0 -56.4166666666667 -27.0833333333333 392.105241624652 32.0352478027344 179 79
"542" 3 0 -57.75 -23.75 348.199114340014 33.9882507324219 156 30
"543" 3 0 -58.5833333333333 -25.4166666666667 379.039955953861 33.164249420166 139 25
"544" 1 0 -43.4166666666667 -10.5833333333333 79.3458018130344 32.1792488098145 155 1
"545" 2 0 -49.25 -17.25 140.514777017335 31.1404991149902 289 10
"546" 2 0 -58.4166666666667 -10.4166666666667 48.2714369322423 32.4949989318848 337 5
"547" 3 0 -53.4166666666667 -16.0833333333333 188.83806983104 32.3552513122559 301 5
"548" 3 0 -61.75 -18.5833333333333 246.078894503283 33.7157516479492 105 17
"549" 2 0 -43.25 -3.58333333333333 76.8492609949624 33.9857521057129 350 14
"550" 2 0 -56.9166666666667 -23.9166666666667 340.552462249089 33.5699996948242 185 42
"551" 1 0 -50.25 -24.75 285.078821552657 26.9132499694824 179 77
"552" 2 0 -61.4166666666667 -15.75 162.59938449787 32.2822494506836 197 13
"553" 1 0 -57.0833333333333 -22.75 316.076691851486 33.1942481994629 185 38
"554" 1 0 -49.4166666666667 -2.25 40.3801433201176 31.5082492828369 428 49
"555" 2 0 -48.25 -12.5833333333333 98.6446773409131 33.0185012817383 264 2
"556" 3 0 -44.0833333333333 -5.25 107.575967574404 34.585750579834 275 6
"557" 2 0 -46.5833333333333 -23.5833333333333 238.662329133921 27.6049995422363 246 42
"558" 3 0 -48.9166666666667 -27.25 321.112233809809 28.4209995269775 201 89
"559" 2 0 -45.25 -16.5833333333333 187.339199954157 33.2005004882812 217 4
"560" 2 0 -47.9166666666667 -20.75 183.398918938559 29.6117496490479 289 14
"561" 2 0 -49.9166666666667 -22.75 276.784784616251 30.6767501831055 203 40
"562" 1 0 -50.25 -13.9166666666667 109.817011175266 34.1284980773926 280 4
"563" 1 0 -49.9166666666667 -9.58333333333333 49.0916082252901 33.4124984741211 288 7
"564" 3 0 -45.5833333333333 -9.08333333333333 90.7548233934506 32.6657485961914 249 0
"565" 2 0 -39.9166666666667 -12.5833333333333 154.653365047267 28.9104995727539 82 19
"566" 1 0 -55.9166666666667 -20.5833333333333 254.24197597815 32.4857482910156 216 33
"567" 2 0 -50.75 -9.25 42.8043359656535 32.8740005493164 299 8
"568" 2 0 -60.0833333333333 -18.9166666666667 240.544476403293 34.7332496643066 119 19
"569" 1 0 -57.5833333333333 -18.5833333333333 221.719985102933 33.6937484741211 187 20
"570" 3 0 -60.75 -12.75 85.5107387141889 32.2830009460449 301 9
"571" 1 0 -57.25 -9.91666666666666 45.5095842720079 33.0890007019043 358 6
"572" 3 0 -48.9166666666667 -9.25 54.8789537437346 32.6150016784668 271 6
"573" 2 0 -45.0833333333333 -9.75 98.5228402896576 33.3465003967285 181 0
"574" 3 0 -58.25 -19.4166666666667 239.283780047288 34.3605003356934 152 23
"575" 1 0 -59.75 -14.5833333333333 129.825822312127 32.372501373291 288 12
"576" 3 0 -46.9166666666667 -23.5833333333333 238.119698361215 26.0540008544922 245 44
"577" 3 0 -43.25 -6.25 118.385067750964 34.1319999694824 249 4
"578" 2 0 -39.5833333333333 -13.0833333333333 148.136721199821 26.566499710083 109 58
"579" 2 0 -48.75 -18.5833333333333 170.785031153075 30.1509990692139 281 12
"580" 2 0 -50.9166666666667 -23.75 275.92997020501 28.6382503509521 195 64
"581" 3 0 -57.25 -18.4166666666667 221.371434578671 33.2562484741211 198 22
"582" 3 0 -53.75 -9.58333333333333 39.943050367235 33.4049987792969 352 7
"583" 2 0 -47.0833333333333 -6.25 56.148177516886 32.4044990539551 259 14
"584" 1 0 -39.25 -4.75 60.653991656929 31.9104995727539 195 2
"585" 2 0 -58.5833333333333 -17.0833333333333 193.850428347205 34.6312484741211 237 28
"586" 2 0 -51.25 -25.75 301.982534939869 25.5487499237061 183 96
"587" 2 0 -44.0833333333333 -2.41666666666666 40.4628037365747 31.9985389709473 403 7
"588" 3 0 -50.75 -12.4166666666667 97.5521521909423 34.4297485351562 305 3
"589" 3 0 -51.25 -25.4166666666667 278.375070503898 24.8562507629395 183 100
"590" 3 0 -52.25 -20.25 220.372589303403 32.2057495117188 231 25
"591" 1 0 -43.25 -4.41666666666666 100.387701328644 34.4664993286133 363 12
"592" 2 0 -52.25 -16.25 146.52647419116 31.695499420166 297 9
"593" 3 0 -49.25 -16.25 104.642417956543 29.0139999389648 289 11
"594" 1 0 -45.9166666666667 -1.08333333333333 38.5510234073661 30.9495658874512 442 3
"595" 1 0 -48.25 -8.91666666666666 60.0843891840098 33.2312507629395 282 4
"596" 3 0 -59.9166666666667 -21.75 336.060021365065 35.6494979858398 92 10
"597" 2 0 -51.0833333333333 -18.0833333333333 136.194971411698 30.3117504119873 280 15
"598" 3 0 -49.75 -14.5833333333333 114.38264082452 32.9322509765625 265 5
"599" 3 0 -50.75 -12.25 93.3192021149007 34.4379997253418 306 3
"600" 2 0 -48.0833333333333 -5.91666666666666 45.5242943242849 32.9365005493164 290 16
"601" 3 0 -51.0833333333333 -11.9166666666667 87.2978559696361 34.9352493286133 311 3
"602" 3 0 -49.0833333333333 -5.41666666666666 60.367753338541 33.3347511291504 316 24
"603" 3 0 -49.5833333333333 -12.0833333333333 87.1201709511217 33.7357482910156 295 4
"604" 3 0 -58.4166666666667 -13.25 104.273428336274 33.1494979858398 353 6
"605" 3 0 -48.5833333333333 -5.58333333333333 53.3017838269072 33.3209991455078 304 21
"606" 3 0 -53.25 -13.75 126.353316177402 33.9589996337891 274 3
"607" 1 0 -50.4166666666667 -12.75 99.5537725702122 34.5347480773926 298 3
"608" 1 0 -49.75 -22.25 261.511581541101 29.9615001678467 217 30
"609" 3 0 -60.5833333333333 -15.9166666666667 173.701357475181 33.3014984130859 221 15
"610" 3 0 -43.4166666666667 -7.08333333333333 122.729479900094 34.2389984130859 195 2
"611" 3 0 -58.4166666666667 -13.9166666666667 106.801018573643 32.9165000915527 342 8
"612" 2 0 -47.25 -7.75 72.5897481950064 32.923999786377 252 4
"613" 3 0 -55.25 -14.25 104.977001775651 33.2687492370605 278 6
"614" 3 0 -42.5833333333333 -15.25 151.503823361175 28.7912502288818 199 2
"615" 3 0 -44.75 -7.58333333333333 103.74563271776 33.4700012207031 200 2
"616" 3 0 -48.0833333333333 -3.08333333333333 39.1827936527539 31.7935009002686 393 47
"617" 2 0 -50.75 -23.75 265.291486927398 27.460750579834 193 64
"618" 2 0 -44.4166666666667 -14.9166666666667 136.175977608976 30.6247501373291 236 1
"619" 2 0 -58.0833333333333 -12.75 90.864603066317 33.2360000610352 350 5
"620" 2 0 -44.0833333333333 -19.9166666666667 183.549969203527 29.863000869751 320 13
"621" 3 0 -56.4166666666667 -23.75 328.58690922894 33.0372505187988 180 57
"622" 1 0 -46.5833333333333 -16.4166666666667 161.556721452026 31.4712505340576 250 7
"623" 2 0 -56.0833333333333 -19.75 239.266972262474 33.3769989013672 220 31
"624" 1 0 -51.5833333333333 -14.5833333333333 135.133808357013 34.1302490234375 279 5
"625" 1 0 -45.25 -9.08333333333333 94.2989173195519 32.8782501220703 179 0
"626" 3 0 -46.9166666666667 -20.0833333333333 194.169785909539 26.9802494049072 310 17
"627" 3 0 -45.9166666666667 -12.25 85.616088970484 31.2399997711182 282 3
"628" 2 0 -49.9166666666667 -29.25 325.546862753781 27.769250869751 153 98
"629" 1 0 -61.5833333333333 -13.4166666666667 97.3966988399003 32.7179985046387 279 11
"630" 3 0 -42.9166666666667 -19.0833333333333 228.772540290218 29.871000289917 297 12
"631" 1 0 -45.25 -8.91666666666666 93.1058389161114 32.4942512512207 181 0
"632" 1 0 -45.5833333333333 -14.4166666666667 116.059966070716 30.2152500152588 274 2
"633" 3 0 -51.0833333333333 -12.25 94.2267420032071 34.6997489929199 309 2
"634" 1 0 -51.25 -14.9166666666667 129.22643946106 33.9039993286133 286 5
"635" 3 0 -43.4166666666667 -22.75 222.013055598437 31.9347496032715 229 54
"636" 2 0 -56.0833333333333 -16.75 188.372057913059 33.8772506713867 226 19
"637" 1 0 -41.0833333333333 -10.5833333333333 151.696784125146 30.2590007781982 82 3
"638" 2 0 -52.5833333333333 -21.25 239.059998565655 31.8562488555908 183 28
"639" 2 0 -39.75 -5.58333333333333 88.3088230688709 31.4624996185303 189 4
"640" 2 0 -44.4166666666667 -23.25 216.076860855828 31.0777778625488 254 67
"641" 3 0 -48.25 -5.25 48.5033236487818 33.1077499389648 308 16
"642" 3 0 -39.0833333333333 -13.75 128.048592258782 28.9077777862549 224 132
"643" 2 0 -61.0833333333333 -15.25 152.298501706392 32.9657516479492 225 12
"644" 2 0 -48.5833333333333 -8.58333333333333 56.8080161662357 32.2955017089844 282 6
"645" 3 0 -58.75 -14.5833333333333 117.692465486915 32.0535011291504 310 12
"646" 1 0 -43.5833333333333 -8.91666666666666 84.3018066654672 32.4794998168945 150 1
"647" 1 0 -59.5833333333333 -11.25 62.53618814388 31.7845001220703 334 6
"648" 2 0 -50.25 -8.08333333333333 42.2452498047789 33.1539993286133 279 12
"649" 1 0 -41.4166666666667 -17.25 187.09119767997 30.7024993896484 171 17
"650" 3 0 -53.75 -24.25 317.198173097873 30.5872497558594 175 69
"651" 2 0 -51.9166666666667 -9.91666666666666 41.9169389866339 33.4000015258789 318 5
"652" 3 0 -43.4166666666667 -18.9166666666667 238.574624873917 30.1095008850098 281 12
"653" 3 0 -61.75 -19.25 267.726755080246 34.0227508544922 85 9
"654" 1 0 -40.75 -10.9166666666667 156.757879479191 29.9642505645752 91 7
"655" 1 0 -42.75 -13.75 118.015287983296 29.128999710083 169 1
"656" 3 0 -44.0833333333333 -20.75 209.293837522023 28.6224994659424 290 15
"657" 3 0 -43.5833333333333 -10.75 80.9627751734321 33.0870018005371 168 1
"658" 1 0 -47.25 -4.08333333333333 46.5505878361983 32.0947494506836 326 22
"659" 3 0 -61.4166666666667 -21.0833333333333 349.184681588164 35.0737495422363 81 6
"660" 2 0 -59.5833333333333 -19.5833333333333 254.014303539181 35.3702507019043 109 15
"661" 2 0 -41.25 -17.0833333333333 185.325045762689 29.8279991149902 167 20
"662" 3 0 -41.75 -8.75 103.708118047563 34.5062484741211 126 0
"663" 1 0 -47.0833333333333 -5.08333333333333 48.5971589685011 32.2910003662109 267 12
"664" 3 0 -51.9166666666667 -27.0833333333333 331.510952118937 26.9549999237061 200 118
"665" 1 0 -40.5833333333333 -19.5833333333333 194.531633866486 31.46875 193 37
"666" 3 0 -50.25 -20.0833333333333 212.348020374552 31.8637504577637 216 15
"667" 2 0 -46.75 -10.75 88.1756063524167 32.9982490539551 232 1
"668" 3 0 -60.4166666666667 -20.9166666666667 320.656163761785 35.4379997253418 84 10
"669" 3 0 -58.75 -17.75 205.331165388248 34.3404998779297 209 28
"670" 2 0 -43.5833333333333 -13.4166666666667 104.107222897787 33.1317481994629 173 1
"671" 3 0 -50.25 -22.75 277.097213993264 30.8567504882812 190 41
"672" 1 0 -49.75 -5.91666666666666 50.8448895007343 32.3772506713867 303 23
"673" 2 0 -48.0833333333333 -4.58333333333333 47.186362121829 32.2485008239746 329 20
"674" 1 0 -40.4166666666667 -3.41666666666666 68.1439062313125 34.5202484130859 288 1
"675" 3 0 -61.0833333333333 -14.0833333333333 115.820714029459 32.6640014648438 279 13
"676" 3 0 -49.4166666666667 -29.0833333333333 337.395093619653 28.7577781677246 144 83
"677" 3 0 -58.9166666666667 -24.4166666666667 386.61169412611 34.2434997558594 119 18
"678" 2 0 -46.25 -20.4166666666667 236.539132413911 30.1842498779297 295 15
"679" 2 0 -53.75 -25.0833333333333 311.272822059964 28.3267498016357 217 96
"680" 3 0 -57.25 -14.9166666666667 132.668228100845 34.6344985961914 244 15
"681" 1 0 -53.75 -19.25 183.518155077269 31.544750213623 263 29
"682" 1 0 -56.75 -21.4166666666667 267.234137751452 31.3819999694824 179 39
"683" 1 0 -51.4166666666667 -18.5833333333333 160.841088493684 31.5002498626709 285 18
"684" 1 0 -53.75 -27.0833333333333 396.13211108352 30.4642505645752 195 139
"685" 1 0 -59.25 -20.4166666666667 280.229241914539 35.3317489624023 106 15
"686" 1 0 -56.5833333333333 -24.9166666666667 355.322715280152 32.8064994812012 174 57
"687" 3 0 -45.0833333333333 -10.25 105.883942814938 32.3230018615723 180 1
"688" 2 0 -60.9166666666667 -12.75 85.2508474822424 32.4869995117188 297 9
"689" 3 0 -44.4166666666667 -13.75 119.690646623561 30.9284992218018 204 0
"690" 2 0 -44.5833333333333 -22.5833333333333 236.059887929496 29.7744998931885 268 24
"691" 1 0 -59.4166666666667 -16.0833333333333 163.33067774077 31.8422508239746 267 25
"692" 1 0 -46.5833333333333 -23.25 230.091963586373 25.84375 239 29
"693" 2 0 -53.0833333333333 -10.0833333333333 40.6860064071928 33.6712493896484 361 4
"694" 3 0 -49.4166666666667 -27.25 315.687671037783 26.2145004272461 192 97
"695" 1 0 -55.0833333333333 -27.5833333333333 381.623999933767 30.8915004730225 171 117
"696" 3 0 -43.9166666666667 -3.25 65.2045674731077 33.6487503051758 410 26
"697" 2 0 -50.0833333333333 -23.0833333333333 290.147111862113 30.7952499389648 170 48
"698" 1 0 -47.25 -16.0833333333333 148.59220379709 29.5622501373291 268 6
"699" 2 0 -56.9166666666667 -13.4166666666667 82.857700111294 33.9549980163574 328 3
"700" 1 0 -47.9166666666667 -10.5833333333333 85.4491883900817 31.6412506103516 261 3
"701" 3 0 -48.25 -12.9166666666667 100.064360089951 33.1814994812012 262 2
"702" 1 0 -55.25 -20.0833333333333 206.891961270311 31.7889995574951 232 36
"703" 3 0 -53.4166666666667 -24.4166666666667 313.984786252324 29.9309997558594 194 78
"704" 2 0 -43.0833333333333 -16.75 170.28658775824 29.5555000305176 227 4
"705" 2 0 -55.75 -20.4166666666667 243.806985557944 32.3397483825684 226 31
"706" 3 0 -44.0833333333333 -7.91666666666666 102.056174727129 33.1759986877441 162 1
"707" 3 0 -48.5833333333333 -19.25 175.918933279039 30.6732501983643 280 17
"708" 1 0 -45.75 -12.75 87.3230446140411 31.0655002593994 261 2
"709" 1 0 -49.25 -9.41666666666666 53.6496533339107 33.1220016479492 272 6
"710" 2 0 -44.9166666666667 -4.25 85.4652126613281 34.5002517700195 361 15
"711" 2 0 -50.25 -7.75 40.8387859806851 32.7072486877441 278 12
"712" 3 0 -51.0833333333333 -27.9166666666667 329.200812471269 25.8657493591309 176 110
"713" 2 0 -42.25 -3.58333333333333 79.3443073425049 33.6030006408691 299 15
"714" 2 0 -46.25 -17.5833333333333 155.960603456137 32.1464996337891 262 5
"715" 1 0 -49.5833333333333 -13.5833333333333 101.572462695967 33.0434989929199 277 4
"716" 3 0 -49.9166666666667 -23.75 280.661947487111 29.7520008087158 166 44
"717" 1 0 -46.0833333333333 -21.5833333333333 234.707751336881 29.8780002593994 287 25
"718" 1 0 -43.25 -13.4166666666667 102.631537538933 32.6689987182617 184 1
"719" 1 0 -40.5833333333333 -2.75 59.8581513481297 34.9263153076172 332 2
"720" 3 0 -56.5833333333333 -26.4166666666667 381.634920712276 32.1832504272461 158 69
"721" 3 0 -44.5833333333333 -10.75 130.088063542117 32.8769989013672 193 0
"722" 1 0 -62.0833333333333 -22.9166666666667 414.236740084783 35.4592514038086 107 4
"723" 2 0 -52.4166666666667 -21.9166666666667 246.94739563041 31.736499786377 162 32
"724" 2 0 -57.75 -16.25 189.98772498826 33.9070014953613 233 20
"725" 2 0 -45.25 -17.75 178.0311833346 31.0160007476807 234 5
"726" 1 0 -55.4166666666667 -22.9166666666667 286.919092615977 30.8667507171631 190 53
"727" 1 0 -41.25 -16.75 179.040873015986 29.1647491455078 165 15
"728" 2 0 -53.4166666666667 -24.75 310.418035428781 28.527250289917 208 83
"729" 1 0 -50.25 -25.4166666666667 305.908960660801 27.113000869751 191 77
"730" 2 0 -52.9166666666667 -21.25 229.437339338168 31.6825008392334 187 29
"731" 1 0 -46.9166666666667 -21.75 230.530665610755 29.5400009155273 249 19
"732" 2 0 -53.5833333333333 -24.9166666666667 309.602215520394 28.2912502288818 204 86
"733" 2 0 -52.25 -8.41666666666666 33.0911474964031 31.9734992980957 302 10
"734" 1 0 -43.25 -10.9166666666667 62.0729293357215 34.2934989929199 138 1
"735" 3 0 -61.4166666666667 -20.5833333333333 329.148065278699 34.6720008850098 79 5
"736" 3 0 -48.4166666666667 -25.25 300.759874875947 29.4610424041748 283 72
"737" 2 0 -51.25 -15.4166666666667 132.250762949317 33.9809989929199 283 6
"738" 3 0 -50.5833333333333 -29.0833333333333 314.786107639438 24.4549999237061 189 130
"739" 3 0 -43.0833333333333 -21.0833333333333 226.177043746355 29.4977493286133 254 18
"740" 3 0 -48.4166666666667 -4.08333333333333 44.2388395694534 32.0562515258789 364 31
"741" 2 0 -43.25 -4.08333333333333 95.9051132239334 34.3892517089844 360 11
"742" 1 0 -56.25 -16.75 190.254000466255 34.3032493591309 223 20
"743" 1 0 -49.75 -23.5833333333333 271.437887758619 29.7827491760254 167 42
"744" 2 0 -53.75 -22.5833333333333 261.049029316582 31.2747497558594 216 33
"745" 3 0 -60.25 -13.0833333333333 96.9211041463164 32.7685012817383 321 11
"746" 1 0 -43.5833333333333 -14.25 127.649698451121 32.4792518615723 160 1
"747" 2 0 -60.25 -11.0833333333333 58.5681518792713 32.0087509155273 338 6
"748" 1 0 -49.25 -4.58333333333333 55.0244182918055 32.8502502441406 358 27
"749" 3 0 -52.75 -12.4166666666667 96.4139038354405 34.3540000915527 293 1
"750" 2 0 -40.4166666666667 -16.4166666666667 169.560972705874 29.9344997406006 131 36
"751" 1 0 -59.75 -18.5833333333333 232.450241880844 34.8147506713867 141 22
"752" 3 0 -55.5833333333333 -23.25 294.692891431754 30.8327503204346 193 61
"753" 2 0 -47.25 -14.25 105.873897318282 31.1817493438721 254 5
"754" 3 0 -46.75 -18.9166666666667 167.457081131205 28.2954998016357 316 11
"755" 1 0 -42.5833333333333 -14.9166666666667 135.54991032463 28.2482509613037 201 1
"756" 2 0 -57.25 -8.75 41.2169736543161 33.0270004272461 326 9
"757" 1 0 -59.9166666666667 -24.25 392.527380122123 34.5779991149902 113 17
"758" 3 0 -52.0833333333333 -15.75 144.500501316021 33.3549995422363 281 7
"759" 1 0 -61.75 -20.9166666666667 351.417754298171 34.6785011291504 83 5
"760" 3 0 -62.25 -20.0833333333333 307.934801813343 34.2022514343262 79 3
"761" 2 0 -52.75 -14.5833333333333 146.664123391699 33.4612503051758 278 3
"762" 2 0 -46.5833333333333 -10.5833333333333 87.0710017953528 32.1417503356934 226 1
"763" 2 0 -49.75 -17.75 136.784353221563 31.2430000305176 284 12
"764" 1 0 -46.0833333333333 -4.75 60.8979874545725 32.0712509155273 260 9
"765" 3 0 -55.4166666666667 -14.0833333333333 94.7754961648689 33.4902496337891 283 5
"766" 3 0 -46.4166666666667 -13.5833333333333 91.6129165869637 31.5542507171631 235 2
"767" 3 0 -49.9166666666667 -26.25 311.97994353033 25.9512500762939 169 80
"768" 2 0 -47.25 -6.75 53.7769799077504 32.3699989318848 277 12
"769" 1 0 -47.0833333333333 -2.91666666666666 42.2494223451643 31.5904998779297 383 47
"770" 1 0 -60.4166666666667 -12.25 76.936216651517 32.0794982910156 308 7
"771" 3 0 -57.9166666666667 -18.75 222.804223081551 33.9957504272461 171 19
"772" 3 0 -48.5833333333333 -15.0833333333333 116.997921523154 30.742000579834 252 6
"773" 3 0 -53.5833333333333 -21.25 218.655560124149 31.3417491912842 198 32
"774" 3 0 -60.5833333333333 -19.25 254.915795264584 34.0660018920898 93 15
"775" 1 0 -40.0833333333333 -7.91666666666666 128.9330877795 32.5349998474121 155 3
"776" 2 0 -53.0833333333333 -11.25 65.736825410137 34.5142517089844 339 2
"777" 3 0 -54.9166666666667 -14.25 116.38537949421 33.7174987792969 284 5
"778" 2 0 -50.4166666666667 -27.25 320.879849114299 24.3167495727539 166 98
"779" 1 0 -45.5833333333333 -16.9166666666667 177.467287209582 32.5395011901855 227 6
"780" 2 0 -58.5833333333333 -21.75 315.648846463285 34.7642517089844 121 20
"781" 1 0 -40.75 -15.9166666666667 168.852788720897 29.0402507781982 147 30
"782" 1 0 -41.25 -8.75 118.822686014302 33.3702507019043 130 1
"783" 1 0 -40.25 -16.75 169.025511648636 29.3667507171631 126 48
"784" 2 0 -45.5833333333333 -3.41666666666666 57.5162251090415 32.9412498474121 398 29
"785" 2 0 -48.9166666666667 -13.5833333333333 103.422080204355 33.2174987792969 269 3
"786" 1 0 -45.75 -11.4166666666667 95.672588726489 31.2145004272461 209 1
"787" 1 0 -50.25 -22.25 274.984294578121 31.2082500457764 196 33
"788" 1 0 -49.0833333333333 -14.5833333333333 113.249406019665 31.96875 257 4
"789" 2 0 -49.5833333333333 -8.41666666666666 47.291916030828 33.5487518310547 280 10
"790" 3 0 -47.0833333333333 -1.08333333333333 49.2263169399688 32.3402519226074 472 12
"791" 1 0 -47.25 -1.41666666666666 47.2339787335165 32.1842498779297 456 23
"792" 3 0 -39.75 -7.25 113.056152572668 29.7975006103516 225 7
"793" 2 0 -39.9166666666667 -6.75 109.524532173078 33.0062484741211 201 4
"794" 3 0 -51.5833333333333 -17.75 135.242385504437 29.5152492523193 293 16
"795" 3 0 -48.9166666666667 -16.0833333333333 103.910393495389 28.4570007324219 281 11
"796" 2 0 -49.9166666666667 -18.75 165.823092789684 32.1827507019043 272 14
"797" 1 0 -39.5833333333333 -16.4166666666667 159.671226454216 30.0149993896484 146 58
"798" 1 0 -41.9166666666667 -15.25 165.43538664903 28.1599998474121 156 4
"799" 2 0 -47.25 -5.41666666666666 45.5488502831603 32.4720001220703 262 10
"800" 2 0 -40.75 -20.5833333333333 206.725012453856 29.6667499542236 190 46
"801" 1 0 -57.75 -16.0833333333333 192.653474631801 34.2422485351562 236 19
"802" 3 0 -58.9166666666667 -19.75 250.761606788471 35.0755004882812 126 18
"803" 1 0 -51.0833333333333 -8.25 35.9412056842965 32.2117500305176 289 11
"804" 1 0 -49.75 -11.5833333333333 85.6208152943263 33.6959991455078 292 4
"805" 3 0 -40.5833333333333 -15.9166666666667 172.593712750103 30.0949993133545 148 29
"806" 3 0 -50.4166666666667 -5.25 48.3810648171195 32.1474990844727 326 24
"807" 1 0 -49.4166666666667 -21.0833333333333 219.311576132936 31.7329998016357 213 14
"808" 2 0 -49.5833333333333 -28.4166666666667 290.893334631712 23.0287494659424 181 108
"809" 3 0 -50.75 -20.25 236.850973360779 31.9717502593994 225 14
"810" 2 0 -39.9166666666667 -5.25 77.0419394444718 31.0790004730225 170 2
"811" 2 0 -42.0833333333333 -9.08333333333333 96.3068687945246 34.5772514343262 134 0
"812" 3 0 -50.25 -24.0833333333333 279.763034069003 28.4282493591309 177 62
"813" 2 0 -53.5833333333333 -20.0833333333333 192.739916007051 31.455249786377 241 33
"814" 1 0 -41.0833333333333 -9.08333333333333 117.066719126253 34.189998626709 125 1
"815" 1 0 -43.75 -18.0833333333333 173.22481636135 26.664249420166 269 8
"816" 1 0 -53.9166666666667 -13.75 121.559528978655 33.7700004577637 294 4
"817" 3 0 -54.4166666666667 -25.5833333333333 359.759600347893 30.6227493286133 208 107
"818" 2 0 -47.25 -11.9166666666667 92.4598210795682 33.1669998168945 266 2
"819" 1 0 -56.75 -9.08333333333333 50.3763393125512 33.5692481994629 333 8
"820" 3 0 -44.4166666666667 -11.4166666666667 130.524320977144 33.9827499389648 173 1
"821" 3 0 -53.0833333333333 -21.5833333333333 235.584902089389 31.7259998321533 179 29
"822" 2 0 -51.9166666666667 -26.9166666666667 320.351512551813 25.880500793457 199 117
"823" 2 0 -43.9166666666667 -4.58333333333333 102.880327130259 34.5815010070801 336 11
"824" 1 0 -42.25 -6.41666666666666 102.794030952116 33.351749420166 266 3
"825" 1 0 -58.4166666666667 -24.75 373.519132256784 33.7210006713867 130 19
"826" 2 0 -47.9166666666667 -19.75 168.971913788646 29.388500213623 288 21
"827" 3 0 -40.4166666666667 -9.91666666666666 161.939507188223 31.2935009002686 89 2
"828" 2 0 -44.0833333333333 -18.25 194.25165836434 30.6462497711182 220 4
"829" 1 0 -39.25 -6.91666666666666 111.060004638976 32.5870018005371 272 5
"830" 1 0 -38.4166666666667 -8.75 176.62113545114 32.8605003356934 115 2
"831" 1 0 -61.5833333333333 -18.75 249.243277779094 33.8359985351562 100 16
"832" 3 0 -56.75 -19.75 251.438328633168 33.5317497253418 202 31
"833" 2 0 -49.25 -15.0833333333333 115.032979056759 31.4265003204346 260 5
"834" 1 0 -54.4166666666667 -8.41666666666666 50.0453459515955 32.833251953125 325 11
"835" 3 0 -42.25 -19.75 214.46914607817 30.77174949646 232 14
"836" 3 0 -45.75 -15.4166666666667 138.939396086234 30.2087497711182 367 3
"837" 1 0 -53.0833333333333 -17.9166666666667 164.409407896355 29.951000213623 307 20
"838" 1 0 -45.5833333333333 -3.91666666666666 64.7009997509833 33.1712493896484 343 19
"839" 3 0 -51.9166666666667 -8.91666666666666 35.3447593667399 32.6044998168945 303 8
"840" 2 0 -59.0833333333333 -25.25 386.54329584241 33.7060012817383 133 18
"841" 1 0 -49.4166666666667 -26.5833333333333 308.093214771943 25.4729995727539 187 83
"842" 3 0 -39.5833333333333 -14.0833333333333 142.518770226744 27.7727508544922 140 97
"843" 2 0 -51.5833333333333 -16.4166666666667 132.136885986624 32.0209999084473 289 10
"844" 2 0 -61.4166666666667 -13.25 94.8746449384265 32.7367515563965 290 10
"845" 3 0 -42.25 -18.4166666666667 205.956213968458 31.4825000762939 236 13
"846" 1 0 -43.9166666666667 -9.41666666666666 85.3426652885665 32.3395004272461 149 0
"847" 3 0 -54.4166666666667 -24.0833333333333 321.04109115302 31.30299949646 188 66
"848" 2 0 -54.9166666666667 -25.75 365.352978764178 31.386999130249 195 102
"849" 1 0 -40.25 -5.91666666666666 93.3019569750728 31.8640003204346 155 7
"850" 2 0 -40.25 -13.5833333333333 154.814933239284 25.8307495117188 118 26
"851" 1 0 -57.9166666666667 -20.5833333333333 277.748677785042 34.3992500305176 152 28
"852" 2 0 -43.25 -18.5833333333333 230.383447879335 29.3137493133545 280 12
"853" 3 0 -43.4166666666667 -18.5833333333333 216.581028456063 28.3937492370605 277 13
"854" 3 0 -61.5833333333333 -17.75 222.697403515633 33.5137519836426 140 24
"855" 2 0 -61.9166666666667 -19.75 286.765788754103 33.8852500915527 79 5
"856" 3 0 -43.9166666666667 -8.58333333333333 100.187988681662 34.224250793457 156 1
"857" 1 0 -54.25 -22.9166666666667 278.587821467534 30.7847499847412 202 51
"858" 2 0 -59.0833333333333 -11.75 72.7119762567668 32.297248840332 331 5
"859" 2 0 -45.5833333333333 -16.4166666666667 175.428875384976 32.835750579834 224 4
"860" 1 0 -52.4166666666667 -18.75 168.305661036664 30.3705005645752 292 23
"861" 3 0 -45.9166666666667 -16.25 162.864195033256 32.1752510070801 242 6
"862" 3 0 -42.25 -6.75 104.406245808704 33.5730018615723 232 1
"863" 3 0 -52.0833333333333 -14.25 137.215656108099 34.2205009460449 265 2
"864" 2 0 -56.9166666666667 -15.4166666666667 153.058897356814 32.960750579834 208 18
"865" 2 0 -52.5833333333333 -28.5833333333333 366.335446762714 28.4462509155273 164 119
"866" 1 0 -42.4166666666667 -9.25 95.9688653153103 34.6707496643066 134 0
"867" 1 0 -37.25 -5.25 66.9856046290286 33.9127502441406 182 2
"868" 2 0 -44.0833333333333 -4.08333333333333 94.5728488821728 34.3769989013672 325 11
"869" 1 0 -55.75 -23.0833333333333 294.591119747624 31.8212490081787 189 55
"870" 1 0 -51.4166666666667 -22.25 235.362969101492 31.2512493133545 196 37
"871" 1 0 -48.25 -9.91666666666666 71.5205881059595 31.308500289917 265 4
"872" 2 0 -55.5833333333333 -24.0833333333333 324.734671923412 32.0895004272461 188 76
"873" 2 0 -39.0833333333333 -4.41666666666666 64.7271023497903 30.4292507171631 237 9
"874" 3 0 -57.9166666666667 -26.25 393.133206405229 32.502498626709 167 45
"875" 3 0 -44.4166666666667 -13.0833333333333 112.704916511671 30.589750289917 214 0
"876" 2 0 -43.0833333333333 -20.9166666666667 230.862298600419 29.4382495880127 257 19
"877" 3 0 -48.9166666666667 -27.75 303.452459537913 26.4274997711182 222 91
"878" 1 0 -53.5833333333333 -10.5833333333333 46.1386487105684 34.0692481994629 399 3
"879" 3 0 -41.25 -16.0833333333333 173.793406007279 28.8237495422363 169 11
"880" 1 0 -44.0833333333333 -7.25 111.012312929818 33.1027488708496 186 2
"881" 1 0 -59.5833333333333 -19.9166666666667 269.058490909151 35.5 104 15
"882" 1 0 -51.9166666666667 -13.5833333333333 115.396227309636 33.6407508850098 285 2
"883" 3 0 -59.9166666666667 -14.4166666666667 130.325002500704 33.4039993286133 291 11
"884" 3 0 -53.0833333333333 -24.9166666666667 310.755939916634 28.1532497406006 220 89
"885" 2 0 -60.75 -22.9166666666667 386.484805231068 35.6110000610352 94 7
"886" 3 0 -42.0833333333333 -5.25 106.341158968469 34.2287483215332 317 5
"887" 2 0 -42.9166666666667 -12.0833333333333 105.484405859843 32.8040008544922 148 1
"888" 2 0 -58.75 -17.9166666666667 205.905132514801 33.8019981384277 200 27
"889" 2 0 -61.75 -18.75 250.838350745351 33.8067512512207 100 15
"890" 3 0 -48.9166666666667 -12.9166666666667 96.6441136289232 33.4910011291504 280 3
"891" 2 0 -50.0833333333333 -9.41666666666666 45.7353483274051 33.3107490539551 289 7
"892" 3 0 -40.9166666666667 -3.75 75.1831705887412 31.0907497406006 323 4
"893" 1 0 -51.25 -8.08333333333333 31.8264639527865 32.5432510375977 282 10
"894" 2 0 -47.75 -15.75 123.21488351543 28.331750869751 258 7
"895" 3 0 -49.4166666666667 -1.91666666666666 39.2060337732115 31.8252506256104 426 48
"896" 3 0 -51.9166666666667 -20.0833333333333 215.026216074029 31.9907493591309 246 23
"897" 2 0 -58.9166666666667 -18.5833333333333 221.744924654287 34.1792488098145 159 22
"898" 2 0 -45.4166666666667 -8.58333333333333 92.4532425901017 33.1467514038086 195 1
"899" 1 0 -47.9166666666667 -18.9166666666667 156.103860023167 28.9652500152588 315 8
"900" 2 0 -56.5833333333333 -23.0833333333333 309.513006054324 32.6464996337891 189 47
"901" 2 0 -61.0833333333333 -22.25 369.114071175649 35.7492485046387 98 7
"902" 3 0 -43.9166666666667 -21.25 205.545891719192 27.7362499237061 281 16
"903" 3 0 -42.4166666666667 -5.91666666666666 107.858221153727 34.3190002441406 301 7
"904" 1 0 -52.9166666666667 -22.0833333333333 245.230722998807 31.4444999694824 162 30
"905" 2 0 -48.4166666666667 -12.5833333333333 96.566503294205 33.0260009765625 271 2
"906" 3 0 -49.4166666666667 -9.75 58.7127918962303 33.1797485351562 275 6
"907" 1 0 -43.75 -20.4166666666667 200.226845075462 27.2565002441406 301 12
"908" 2 0 -47.9166666666667 -18.5833333333333 163.556116680063 29.6625003814697 304 6
"909" 1 0 -54.0833333333333 -23.4166666666667 295.893880056384 31.0542507171631 190 61
"910" 3 0 -46.25 -10.25 88.0043555855056 32.1387481689453 214 1
"911" 2 0 -46.0833333333333 -14.75 116.653384517031 30.2609996795654 292 3
"912" 1 0 -43.4166666666667 -13.25 97.436185227119 33.2342491149902 179 1
"913" 2 0 -42.9166666666667 -2.58333333333333 42.9105986587441 32.659839630127 341 4
"914" 1 0 -44.5833333333333 -1.75 31.044044174732 31.1470012664795 315 2
"915" 3 0 -51.4166666666667 -13.0833333333333 110.173280177915 34.6762504577637 294 2
"916" 3 0 -49.75 -6.41666666666666 51.0276433121974 32.4290008544922 288 20
"917" 1 0 -46.75 -14.5833333333333 113.972070177567 32.4252510070801 225 4
"918" 3 0 -60.0833333333333 -18.0833333333333 213.794255775113 33.2190017700195 174 31
"919" 3 0 -47.0833333333333 -4.91666666666666 47.8982640069613 32.1147499084473 276 12
"920" 3 0 -41.4166666666667 -7.75 105.337203350717 34.1552505493164 193 0
"921" 1 0 -50.5833333333333 -16.4166666666667 121.475889853197 31.5197505950928 290 10
"922" 3 0 -54.25 -18.25 191.101918418126 32.9777488708496 266 21
"923" 3 0 -61.4166666666667 -23.0833333333333 403.559612607656 35.5537490844727 98 6
"924" 1 0 -57.0833333333333 -13.4166666666667 85.2632859934408 33.9237518310547 332 4
"925" 3 0 -45.75 -16.5833333333333 170.229679783835 31.6827507019043 234 6
"926" 1 0 -48.75 -26.75 315.773361114136 29.1466846466064 225 84
"927" 1 0 -38.9166666666667 -4.08333333333333 61.6460285640035 30.414249420166 250 10
"928" 2 0 -40.9166666666667 -13.5833333333333 134.867359504886 28.9282493591309 129 8
"929" 2 0 -48.75 -27.5833333333333 315.494559896093 28.6292495727539 209 92
"930" 2 0 -58.75 -25.25 381.891228612587 33.6840019226074 132 20
"931" 3 0 -45.5833333333333 -11.4166666666667 100.556747888571 31.5629997253418 205 1
"932" 2 0 -44.9166666666667 -14.5833333333333 135.414261782411 31.1277503967285 246 2
"933" 3 0 -51.25 -26.4166666666667 327.810727302974 25.7397499084473 165 104
"934" 1 0 -50.5833333333333 -17.25 128.458984581803 31.3792495727539 294 12
"935" 3 0 -49.9166666666667 -23.9166666666667 280.534253730779 29.3332500457764 171 46
"936" 2 0 -49.75 -5.58333333333333 51.6630436084403 32.7859992980957 313 23
"937" 1 0 -46.4166666666667 -7.25 70.9749524172298 32.0362510681152 215 8
"938" 3 0 -48.5833333333333 -1.25 43.3071997672157 30.7747497558594 457 57
"939" 1 0 -51.0833333333333 -15.75 128.007584438909 33.2719993591309 284 8
"940" 2 0 -52.25 -16.4166666666667 143.491160564555 30.6685009002686 305 11
"941" 3 0 -48.75 -24.0833333333333 297.922233101803 27.8097496032715 183 46
"942" 3 0 -39.75 -5.08333333333333 76.7168772861866 32.3092498779297 187 2
"943" 3 0 -42.75 -10.9166666666667 87.384880845857 34.4290008544922 134 1
"944" 2 0 -44.9166666666667 -17.75 184.706825354724 31.6632499694824 220 5
"945" 3 0 -55.0833333333333 -21.75 257.253676848886 31.3127498626709 191 43
"946" 3 0 -59.25 -18.4166666666667 220.440726718377 33.8607482910156 161 24
"947" 2 0 -62.25 -20.25 319.331932231877 34.2252502441406 76 2
"948" 1 0 -53.75 -10.75 48.3486429207273 34.0712509155273 390 3
"949" 3 0 -39.0833333333333 -8.41666666666666 175.923392176757 32.2314987182617 137 4
"950" 3 0 -51.4166666666667 -14.75 133.926242339599 34.0117492675781 283 5
"951" 2 0 -45.75 -7.25 82.4763798252493 32.5437507629395 213 6
"952" 2 0 -53.5833333333333 -12.5833333333333 100.870036748938 34.3190002441406 292 1
"953" 3 0 -55.0833333333333 -16.9166666666667 193.544475709079 34.2765007019043 255 16
"954" 3 0 -45.0833333333333 -8.41666666666666 97.9206806295732 33.1095008850098 184 1
"955" 3 0 -51.0833333333333 -23.75 272.947512094525 28.3102493286133 198 67
"956" 2 0 -44.4166666666667 -13.5833333333333 117.433592518808 31.3010005950928 211 0
"957" 3 0 -61.25 -14.9166666666667 139.493981371362 32.6992492675781 235 13
"958" 3 0 -40.25 -12.75 152.570988927587 29.0995006561279 100 13
"959" 3 0 -58.0833333333333 -13.75 100.461782124106 33.0825004577637 348 6
"960" 2 0 -47.4166666666667 -6.08333333333333 52.5151904180658 32.7062492370605 276 12
"961" 1 0 -58.25 -16.9166666666667 195.785756610438 34.9739990234375 237 25
"962" 3 0 -45.25 -10.75 114.684871467978 32.4469985961914 180 0
"963" 1 0 -47.75 -5.41666666666666 44.4635444185932 33.0579986572266 289 10
"964" 2 0 -41.4166666666667 -13.75 134.81888032148 27.4227504730225 134 15
"965" 2 0 -47.25 -5.75 45.5800885832271 32.5982513427734 247 15
"966" 3 0 -48.75 -12.9166666666667 96.8356220247481 33.367748260498 276 3
"967" 1 0 -53.9166666666667 -15.9166666666667 187.712646322451 31.4072494506836 303 5
"968" 2 0 -51.9166666666667 -23.9166666666667 298.884451178238 29.7889995574951 200 68
"969" 3 0 -46.0833333333333 -20.9166666666667 233.755116979679 29.1702499389648 279 19
"970" 3 0 -39.9166666666667 -3.58333333333333 68.4923370987027 33.7182502746582 243 1
"971" 3 0 -56.5833333333333 -23.9166666666667 337.261988912019 33.3305015563965 175 51
"972" 2 0 -49.25 -9.91666666666666 63.9232433271628 33.0252494812012 271 7
"973" 1 0 -56.4166666666667 -12.4166666666667 91.0007912013208 33.4835014343262 403 2
"974" 3 0 -53.5833333333333 -12.25 94.3046417859231 34.7057495117188 303 1
"975" 3 0 -47.4166666666667 -1.91666666666666 45.3834647653027 32.1912498474121 427 45
"976" 2 0 -47.4166666666667 -6.75 52.3619133522292 32.547248840332 285 12
"977" 1 0 -42.0833333333333 -3.58333333333333 80.3497762106053 33.4042510986328 308 13
"978" 3 0 -47.4166666666667 -3.91666666666666 44.1740422141117 31.7924995422363 340 27
"979" 1 0 -46.25 -2.58333333333333 40.2597289327488 31.5437507629395 397 35
"980" 2 0 -49.9166666666667 -11.0833333333333 80.4964379061223 33.5970001220703 292 5
"981" 2 0 -39.4166666666667 -5.08333333333333 76.0716951093058 33.0089988708496 179 2
"982" 3 0 -50.4166666666667 -18.5833333333333 158.486275155574 32.1357498168945 272 15
"983" 2 0 -46.0833333333333 -9.75 89.9182890145421 33.0299987792969 215 1
"984" 2 0 -47.75 -2.91666666666666 41.2184255562437 31.7297496795654 392 48
"985" 2 0 -46.5833333333333 -2.75 39.4286918998885 31.5262508392334 388 41
"986" 2 0 -55.0833333333333 -14.9166666666667 132.939855623979 32.84375 272 7
"987" 1 0 -55.4166666666667 -12.0833333333333 69.9270517441809 34.0514984130859 317 1
"988" 2 0 -41.0833333333333 -13.9166666666667 137.32071692672 29.9012508392334 124 6
"989" 3 0 -52.5833333333333 -15.0833333333333 154.832381769264 32.3907508850098 283 4
"990" 2 0 -51.75 -26.9166666666667 318.7626102656 25.482250213623 190 109
"991" 2 0 -42.75 -4.25 100.223306414488 34.6990013122559 368 14
"992" 1 0 -55.25 -16.25 164.10180809813 31.9657497406006 263 13
"993" 3 0 -49.25 -6.91666666666666 51.1887956009096 33.1227493286133 275 19
"994" 3 0 -43.25 -14.4166666666667 131.837307841503 31.9370002746582 163 0
"995" 1 0 -62.0833333333333 -21.75 377.84402412961 35.2962493896484 84 3
"996" 2 0 -60.0833333333333 -16.4166666666667 181.161835095617 33.3455009460449 247 25
"997" 3 0 -50.75 -19.0833333333333 177.005027924107 32.2924995422363 272 17
"998" 1 0 -54.25 -12.75 97.0714596012743 34.0439987182617 296 1
"999" 1 0 -50.5833333333333 -21.75 269.583035741786 31.4947490692139 205 24
"1000" 1 0 -44.0833333333333 -5.75 112.928531398183 34.3375015258789 226 6
