"group.all" "pa" "lon" "lat" "wc2.0_bio_10m_04" "wc2.0_bio_10m_05" "wc2.0_bio_10m_13" "wc2.0_bio_10m_14"
"1" 2 1 -49.86 -29.07 316.323798286777 26.5907497406006 163 107
"2" 1 1 -50.212736 -29.976883 336.833249771438 27.7387504577637 149 94
"3" 2 1 -36.435015 -9.244547 147.705200654232 28.2822494506836 231 26
"4" 3 1 -48.739722 -25.261389 295.454143898324 28.214750289917 259 71
"5" 1 1 -43.2486111 -22.9688889 208.661170152281 30.5919399261475 183 42
"6" 1 1 -48.8697223 -27.99 299.012439394117 25.7779998779297 215 93
"7" 3 1 -43.4183334 -22.5747223 224.895367340786 29.5942497253418 264 50
"8" 3 1 -39.9325 -19.1352777 190.344188663569 31.0419998168945 178 43
"9" 2 1 -40.5166667 -19.95 198.71825799419 28.324499130249 202 50
"10" 3 1 -40.525 -20.2677778 201.95813180513 28.7824993133545 199 53
"11" 2 1 -42.5494444 -22.5222223 226.986982361933 30.2532501220703 179 24
"12" 1 1 -43.8916667 -21.7 212.204339697165 26.9095001220703 283 19
"13" 2 1 -44.6819445 -23.0627778 240.523107731965 27.6232051849365 276 49
"14" 1 0 -46.4166666666667 -15.25 130.206275910813 30.4379997253418 296 3
"15" 2 0 -54.25 -25.4166666666667 360.029155137904 30.5405006408691 230 109
"16" 2 0 -56.5833333333333 -32.75 496.613393226423 30.1749992370605 126 81
"17" 3 0 -50.9166666666667 -28.5833333333333 315.536757484446 25.2352504730225 175 115
"18" 3 0 -38.25 -10.9166666666667 169.110497709174 30.8707504272461 111 30
"19" 3 0 -47.5833333333333 -24.0833333333333 267.795209036923 28.195499420166 250 67
"20" 2 0 -42.4166666666667 -10.25 99.0692261584317 34.6495018005371 132 0
"21" 1 0 -40.75 -16.4166666666667 175.241939066957 30.367000579834 154 26
"22" 1 0 -55.75 -27.25 390.193024561174 31.7560005187988 190 102
"23" 1 0 -35.9166666666667 -7.41666666666666 137.149336749494 29.8775005340576 112 8
"24" 1 0 -42.4166666666667 -17.0833333333333 172.690053000248 30.9842491149902 204 5
"25" 3 0 -46.5833333333333 -22.25 225.16243653672 28.36549949646 276 25
"26" 2 0 -44.75 -14.25 136.579847161721 31.5087509155273 224 1
"27" 1 0 -54.5833333333333 -25.0833333333333 349.172888044438 30.7597503662109 193 94
"28" 3 0 -51.5833333333333 -31.5833333333333 385.028202785857 27.2583332061768 130 74
"29" 2 0 -37.25 -7.08333333333333 97.8930227937023 32.8447494506836 205 3
"30" 2 0 -52.5833333333333 -31.4166666666667 401.148672208662 27.3299999237061 143 89
"31" 1 0 -50.0833333333333 -18.4166666666667 156.313030745777 32.3950004577637 273 14
"32" 3 0 -44.25 -14.4166666666667 128.257342214109 31.730749130249 209 1
"33" 2 0 -42.25 -18.0833333333333 200.174304589103 31.7754993438721 224 10
"34" 1 0 -48.5833333333333 -18.0833333333333 175.246009477241 31.1757507324219 284 10
"35" 1 0 -53.4166666666667 -20.25 198.553069385699 31.5717506408691 235 32
"36" 2 0 -55.4166666666667 -25.0833333333333 348.795363048602 31.4465007781982 202 79
"37" 3 0 -38.25 -7.91666666666666 173.137118201586 30.7014999389648 176 7
"38" 1 0 -53.0833333333333 -32.9166666666667 415.975213470864 27.1849994659424 128 81
"39" 1 0 -40.0833333333333 -5.58333333333333 87.7049463889408 30.8952503204346 175 4
"40" 1 0 -40.4166666666667 -12.0833333333333 164.184007734904 29.2152500152588 106 26
"41" 2 0 -42.4166666666667 -18.9166666666667 210.630576877809 30.5604991912842 260 16
"42" 3 0 -40.0833333333333 -10.4166666666667 166.181482758676 31.5725002288818 104 21
"43" 2 0 -38.9166666666667 -9.08333333333333 191.165006897656 31.8602504730225 105 3
"44" 1 0 -43.25 -18.4166666666667 216.514510349856 28.4462509155273 277 13
"45" 1 0 -41.0833333333333 -7.75 107.405085936806 33.5724983215332 151 0
"46" 1 0 -35.0833333333333 -6.41666666666666 118.306863614947 31.5813961029053 218 24
"47" 2 0 -45.75 -23.5833333333333 258.725177251656 25.3290004730225 287 58
"48" 3 0 -51.75 -22.75 261.131556780117 31.0594997406006 175 44
"49" 3 0 -53.75 -30.9166666666667 417.203317687974 29.1212501525879 147 107
"50" 1 0 -36.9166666666667 -5.25 85.7160348459376 33.0574989318848 183 1
"51" 1 0 -40.25 -7.41666666666666 115.250522934764 30.3852500915527 177 3
"52" 1 0 -49.75 -17.5833333333333 140.978246196093 32.1030006408691 286 11
"53" 3 0 -48.9166666666667 -28.75 310.097578879222 29.2999992370605 162 96
"54" 1 0 -56.25 -29.75 445.779592111814 31.0225009918213 168 91
"55" 1 0 -55.0833333333333 -24.4166666666667 327.972149852899 31.1639995574951 193 87
"56" 3 0 -55.4166666666667 -29.4166666666667 417.128792949597 30.5017490386963 173 115
"57" 1 0 -51.75 -31.25 388.20270860884 27.8095417022705 133 83
"58" 3 0 -44.4166666666667 -13.9166666666667 125.587220453779 30.650749206543 207 0
"59" 1 0 -52.5833333333333 -19.9166666666667 204.445270463901 31.8627490997314 248 26
"60" 1 0 -49.0833333333333 -18.9166666666667 192.919269362441 31.60325050354 276 14
"61" 2 0 -43.9166666666667 -15.75 139.80815229066 31.1257495880127 210 2
"62" 1 0 -36.4166666666667 -6.58333333333333 102.101232389028 30.6402492523193 139 3
"63" 1 0 -39.5833333333333 -10.0833333333333 183.827518459757 30.6492500305176 93 13
"64" 2 0 -46.9166666666667 -16.4166666666667 164.786547267538 31.5602493286133 266 8
"65" 1 0 -48.0833333333333 -24.4166666666667 297.31562807878 30.9732494354248 225 51
"66" 2 0 -37.0833333333333 -10.0833333333333 181.875179258733 31.5715007781982 122 19
"67" 1 0 -42.9166666666667 -17.4166666666667 181.845869041714 30.2317504882812 231 5
"68" 1 0 -40.75 -16.0833333333333 175.456798763589 30.6227493286133 154 23
"69" 2 0 -51.5833333333333 -25.4166666666667 288.767584515984 26.2552509307861 184 100
"70" 3 0 -53.5833333333333 -22.75 267.307874928963 31.4482498168945 194 37
"71" 2 0 -52.9166666666667 -30.4166666666667 415.234810349856 29.1872501373291 135 103
"72" 1 0 -50.5833333333333 -28.4166666666667 309.428323611724 25.2049999237061 157 108
"73" 1 0 -35.25 -8.08333333333333 119.427406946894 29.6707496643066 192 22
"74" 3 0 -44.9166666666667 -21.4166666666667 228.558320699303 29.3352508544922 308 19
"75" 2 0 -55.25 -30.0833333333333 428.57625090936 30.0844993591309 154 117
"76" 2 0 -39.75 -7.41666666666666 126.142683637871 29.5625 204 10
"77" 2 0 -42.75 -12.25 107.772335901387 33.2680015563965 141 0
"78" 2 0 -55.0833333333333 -24.25 324.779794175722 31.3689994812012 191 83
"79" 3 0 -50.9166666666667 -25.0833333333333 305.115005030394 27.8309993743896 170 80
"80" 3 0 -53.5833333333333 -25.4166666666667 350.745206437411 29.7292499542236 200 110
"81" 3 0 -50.4166666666667 -23.75 281.58699809747 29.7665004730225 183 65
"82" 3 0 -41.25 -9.41666666666666 113.983285284245 34.6949996948242 122 1
"83" 1 0 -41.9166666666667 -20.75 231.868717260803 29.3707504272461 223 21
"84" 3 0 -37.25 -7.75 144.101647559178 29.744499206543 157 7
"85" 2 0 -56.0833333333333 -32.4166666666667 484.813216189365 30.0009994506836 120 84
"86" 2 0 -41.75 -12.4166666666667 126.531250241965 28.335750579834 117 8
"87" 1 0 -53.4166666666667 -30.9166666666667 419.643441374861 28.9342498779297 143 103
"88" 2 0 -47.75 -24.4166666666667 289.553867154306 30.8425006866455 244 61
"89" 1 0 -53.0833333333333 -25.0833333333333 305.03067370683 27.3027496337891 218 95
"90" 2 0 -40.4166666666667 -9.25 130.890841276897 33.8512496948242 122 3
"91" 3 0 -51.4166666666667 -29.4166666666667 344.654414358521 27.2285003662109 154 109
"92" 2 0 -46.4166666666667 -18.75 165.434849191406 28.9424991607666 285 10
"93" 2 0 -39.75 -11.25 174.320740142722 31.3947505950928 82 13
"94" 1 0 -46.9166666666667 -18.75 159.407743765772 27.2509994506836 330 9
"95" 2 0 -42.25 -14.9166666666667 149.269738873977 28.7367496490479 167 2
"96" 1 0 -54.0833333333333 -21.25 215.760802351602 31.1475009918213 207 35
"97" 3 0 -40.75 -10.9166666666667 156.757879479191 29.9642505645752 91 7
"98" 3 0 -52.25 -19.75 203.4333495785 32.2309989929199 258 23
"99" 3 0 -52.75 -24.0833333333333 285.763860359602 29.0152492523193 170 77
"100" 2 0 -53.9166666666667 -29.75 404.838519630106 30.0349998474121 154 129
"101" 1 0 -40.9166666666667 -14.9166666666667 160.425651287282 27.20924949646 156 16
"102" 3 0 -53.4166666666667 -20.9166666666667 215.614838728157 31.7912502288818 203 32
"103" 3 0 -41.25 -21.9166666666667 197.323209757836 32.0929985046387 150 29
"104" 2 0 -40.9166666666667 -5.91666666666666 91.8531809201108 30.02174949646 213 3
"105" 2 0 -39.9166666666667 -19.4166666666667 194.394287488748 30.9852504730225 185 45
"106" 3 0 -39.25 -16.4166666666667 154.868287913773 29.7117500305176 150 87
"107" 3 0 -44.0833333333333 -15.0833333333333 137.882805352027 32.1512489318848 214 1
"108" 2 0 -35.4166666666667 -8.58333333333333 115.044631811927 28.85325050354 315 43
"109" 1 0 -46.25 -15.4166666666667 141.143699474867 31.3012504577637 316 4
"110" 1 0 -40.5833333333333 -12.25 160.217543485982 28.9400005340576 101 24
"111" 2 0 -39.75 -8.91666666666666 170.581001900417 32.1932487487793 104 2
"112" 2 0 -55.4166666666667 -34.5833333333333 440.367976798955 26.8934993743896 109 79
"113" 3 0 -48.75 -16.75 123.367134897079 29.0167503356934 286 10
"114" 1 0 -39.9166666666667 -14.9166666666667 157.736593088072 28.3619995117188 136 41
"115" 3 0 -49.4166666666667 -20.0833333333333 196.142686990832 32.2982482910156 249 14
"116" 3 0 -53.0833333333333 -27.25 387.909796457733 29.6499996185303 203 133
"117" 1 0 -54.0833333333333 -26.9166666666667 379.012993651722 29.7560005187988 185 124
"118" 3 0 -49.5833333333333 -19.4166666666667 184.358388010458 31.3665008544922 263 15
"119" 2 0 -36.4166666666667 -5.75 114.759733352587 31.5642490386963 131 1
"120" 1 0 -39.4166666666667 -3.75 60.6956844546679 32.232250213623 239 3
"121" 3 0 -52.25 -19.5833333333333 198.873719671563 32.1525001525879 265 23
"122" 2 0 -53.4166666666667 -20.5833333333333 203.549947384459 31.5370006561279 218 33
"123" 3 0 -52.4166666666667 -26.4166666666667 327.230053405358 27.0692501068115 229 135
"124" 1 0 -52.9166666666667 -22.4166666666667 250.760371535296 31.1844997406006 154 33
"125" 1 0 -35.25 -6.08333333333333 114.316872115281 31.4287490844727 214 15
"126" 1 0 -45.75 -20.0833333333333 246.361645699428 31.8262500762939 279 13
"127" 3 0 -48.5833333333333 -17.0833333333333 146.524701958538 30.0515003204346 293 10
"128" 3 0 -46.25 -21.4166666666667 234.251011056763 29.767749786377 274 21
"129" 2 0 -42.0833333333333 -21.25 241.464018282497 31.9799995422363 236 18
"130" 2 0 -52.4166666666667 -30.0833333333333 401.238901592801 29.431999206543 146 94
"131" 2 0 -48.4166666666667 -23.4166666666667 246.843743196317 28.9962501525879 198 35
"132" 2 0 -39.4166666666667 -9.41666666666666 185.692716797573 31.5547504425049 94 4
"133" 2 0 -46.75 -16.0833333333333 151.422550495946 30.1669998168945 266 7
"134" 2 0 -51.9166666666667 -28.0833333333333 350.785497936819 27.9444999694824 198 120
"135" 1 0 -37.25 -9.58333333333333 191.767156313729 31.6327495574951 106 14
"136" 1 0 -53.5833333333333 -25.9166666666667 359.966228468384 29.2175006866455 221 102
"137" 2 0 -41.25 -12.9166666666667 129.623246667568 29.1252498626709 154 16
"138" 1 0 -51.9166666666667 -25.75 310.738538203144 26.558500289917 189 107
"139" 2 0 -41.25 -15.4166666666667 165.956450916495 28.3360004425049 180 8
"140" 2 0 -55.75 -32.9166666666667 477.348146070785 29.7315006256104 114 89
"141" 3 0 -46.0833333333333 -19.0833333333333 180.290161328189 28.5855007171631 290 13
"142" 2 0 -36.75 -5.91666666666666 103.262302451284 33.3170013427734 192 4
"143" 2 0 -41.75 -9.25 100.47486597881 34.0530014038086 122 0
"144" 2 0 -43.4166666666667 -20.0833333333333 210.260377638007 28.3425006866455 310 15
"145" 3 0 -36.5833333333333 -6.08333333333333 100.036898747572 30.414249420166 171 3
"146" 2 0 -55.9166666666667 -25.25 351.706678726122 31.6515007019043 194 80
"147" 1 0 -50.9166666666667 -21.4166666666667 264.157216692394 31.4992504119873 202 20
"148" 3 0 -52.25 -31.75 402.119886512113 28.2843456268311 136 75
"149" 1 0 -41.9166666666667 -20.0833333333333 224.115329041404 30.0890007019043 221 18
"150" 1 0 -41.0833333333333 -7.25 101.998419107387 33.5892486572266 169 1
"151" 2 0 -40.75 -3.91666666666666 73.6455528563489 33.7412490844727 295 2
"152" 2 0 -54.5833333333333 -23.5833333333333 305.414371479355 31.2582492828369 196 63
"153" 1 0 -44.4166666666667 -21.25 221.892730486006 28.7397499084473 318 14
"154" 3 0 -49.5833333333333 -21.0833333333333 223.312095594098 31.6932506561279 212 15
"155" 1 0 -46.4166666666667 -19.9166666666667 212.092920747178 28.5002498626709 310 14
"156" 3 0 -50.25 -30.4166666666667 345.723911912599 27.5044937133789 148 88
"157" 3 0 -41.0833333333333 -4.58333333333333 83.8100674530457 31.8010005950928 203 1
"158" 2 0 -49.75 -24.0833333333333 280.844082488507 29.013500213623 184 50
"159" 3 0 -55.0833333333333 -24.0833333333333 317.288028743211 31.068000793457 193 77
"160" 1 0 -48.25 -22.75 243.869037557431 29.8784999847412 226 28
"161" 1 0 -46.5833333333333 -18.0833333333333 153.325504805655 30.5345001220703 314 8
"162" 2 0 -39.0833333333333 -16.5833333333333 155.919384097731 30.015344619751 162 95
"163" 3 0 -54.5833333333333 -28.9166666666667 395.334619678506 30.4732494354248 177 136
"164" 3 0 -41.5833333333333 -13.4166666666667 124.184375803709 28.5737495422363 132 11
"165" 3 0 -42.25 -12.4166666666667 112.2780139437 28.6817493438721 127 1
"166" 1 0 -41.75 -13.0833333333333 120.821488257447 26.8017501831055 157 21
"167" 2 0 -43.0833333333333 -17.4166666666667 177.204902345152 29.5127506256104 238 5
"168" 2 0 -39.25 -7.75 146.956473128318 31.1025009155273 196 4
"169" 2 0 -48.5833333333333 -28.0833333333333 307.765451685515 28.8400001525879 178 89
"170" 1 0 -51.5833333333333 -24.75 291.419661257514 27.3472499847412 203 86
"171" 3 0 -50.75 -30.0833333333333 347.726369101058 28.24049949646 147 92
"172" 1 0 -41.9166666666667 -10.9166666666667 126.185409568934 32.7482490539551 103 1
"173" 3 0 -46.75 -22.0833333333333 229.731554428493 29.1647491455078 266 23
"174" 1 0 -40.9166666666667 -18.0833333333333 184.019798860117 31.7889995574951 178 26
"175" 2 0 -47.75 -15.9166666666667 132.962973871512 28.6650009155273 271 7
"176" 1 0 -41.0833333333333 -9.91666666666666 132.267120827928 30.8339996337891 95 1
"177" 3 0 -36.0833333333333 -7.08333333333333 136.436061682228 28.5125007629395 106 4
"178" 1 0 -40.5833333333333 -3.75 71.0098569620598 33.9467506408691 282 2
"179" 3 0 -53.4166666666667 -30.0833333333333 410.626824431653 29.7835006713867 142 114
"180" 3 0 -49.75 -28.5833333333333 293.608203002419 23.3782501220703 173 109
"181" 1 0 -40.4166666666667 -10.9166666666667 157.944253519599 29.8735008239746 117 27
"182" 3 0 -48.9166666666667 -25.75 285.90178717996 26.6809997558594 236 83
"183" 2 0 -52.5833333333333 -26.4166666666667 331.463724341179 27.5919990539551 206 132
"184" 3 0 -49.4166666666667 -25.75 299.97952689448 25.8072509765625 169 70
"185" 3 0 -49.25 -22.75 241.240563231627 30.181999206543 196 27
"186" 2 0 -48.0833333333333 -21.0833333333333 198.702897369943 30.6485004425049 261 16
"187" 2 0 -43.0833333333333 -21.75 224.435012606292 29.4817504882812 267 18
"188" 1 0 -58.0833333333333 -29.0833333333333 458.746781378355 31.8727493286133 150 55
"189" 1 0 -53.9166666666667 -31.5833333333333 429.166649269926 29.3757495880127 136 97
"190" 3 0 -48.5833333333333 -23.5833333333333 258.848582477088 29.525749206543 196 35
"191" 3 0 -43.5833333333333 -17.0833333333333 165.721157072074 30.0157508850098 240 3
"192" 3 0 -39.25 -10.5833333333333 187.693852099564 31.0942497253418 70 14
"193" 3 0 -46.4166666666667 -19.4166666666667 190.910293467112 28.3207492828369 313 14
"194" 1 0 -56.0833333333333 -30.0833333333333 447.685194294907 30.4379997253418 158 98
"195" 2 0 -42.9166666666667 -18.75 236.617734552324 28.892749786377 300 13
"196" 1 0 -40.5833333333333 -10.0833333333333 155.351378601174 31.0152492523193 79 2
"197" 2 0 -49.4166666666667 -28.25 312.101220349311 27.6637496948242 187 84
"198" 1 0 -37.75 -5.75 111.299639790003 34.0795021057129 202 3
"199" 3 0 -50.25 -22.25 274.984294578121 31.2082500457764 196 33
"200" 2 0 -46.9166666666667 -15.9166666666667 145.528718587363 29.5454998016357 274 6
"201" 2 0 -39.5833333333333 -15.4166666666667 156.743572144915 28.2145004272461 138 70
"202" 2 0 -48.25 -23.4166666666667 249.452501797228 28.8882503509521 199 33
"203" 2 0 -52.4166666666667 -27.9166666666667 352.673044845105 28.480749130249 197 122
"204" 3 0 -56.9166666666667 -28.25 420.079211051531 31.4167499542236 156 75
"205" 1 0 -56.75 -27.9166666666667 409.690065258296 31.6125011444092 165 78
"206" 3 0 -41.0833333333333 -5.58333333333333 89.5189574541295 30.8787498474121 237 5
"207" 3 0 -54.9166666666667 -34.4166666666667 424.628542471739 26.1147499084473 111 83
"208" 1 0 -45.25 -23.0833333333333 254.363802387144 27.6742496490479 245 23
"209" 1 0 -56.0833333333333 -28.0833333333333 405.100922217148 31.8662490844727 167 92
"210" 3 0 -38.9166666666667 -4.25 64.5814645945015 28.2527503967285 286 21
"211" 2 0 -52.0833333333333 -32.25 403.248012782816 27.2000007629395 124 64
"212" 2 0 -47.4166666666667 -21.0833333333333 210.664390131431 29.2490005493164 267 20
"213" 2 0 -37.9166666666667 -8.58333333333333 190.918243457342 29.7210006713867 131 8
"214" 2 0 -57.25 -27.25 400.992368103725 32.0620002746582 172 58
"215" 1 0 -41.0833333333333 -5.08333333333333 90.3588931174763 32.3422508239746 222 2
"216" 1 0 -56.25 -27.4166666666667 387.91000650046 31.3787498474121 183 90
"217" 2 0 -41.25 -21.4166666666667 208.342962371479 32.2869987487793 174 28
"218" 3 0 -56.4166666666667 -30.4166666666667 458.168239863717 30.6582508087158 164 89
"219" 3 0 -51.25 -28.5833333333333 331.120159822405 26.1854991912842 184 116
"220" 3 0 -50.0833333333333 -28.0833333333333 308.780672607337 23.9112491607666 154 99
"221" 1 0 -45.4166666666667 -20.4166666666667 225.069223284879 29.6464996337891 288 18
"222" 1 0 -36.9166666666667 -7.41666666666666 136.752313366843 29.2102508544922 150 2
"223" 1 0 -35.25 -6.25 120.309162362327 31.7237491607666 195 15
"224" 1 0 -41.0833333333333 -4.41666666666666 84.2592774582666 31.0382499694824 205 2
"225" 3 0 -46.4166666666667 -17.0833333333333 171.228444464437 32.5670013427734 251 7
"226" 2 0 -42.25 -10.25 102.473794913401 34.7522506713867 127 0
"227" 1 0 -38.75 -12.25 156.680334406038 29.6012496948242 148 55
"228" 1 0 -44.75 -18.5833333333333 197.9514171333 31.4387493133545 259 7
"229" 2 0 -54.25 -34.4166666666667 418.814093927449 26.3742504119873 109 82
"230" 1 0 -43.5833333333333 -20.4166666666667 204.487935587301 26.0667495727539 304 15
"231" 3 0 -47.0833333333333 -22.75 238.779072187081 28.9892501831055 231 26
"232" 3 0 -44.9166666666667 -19.75 213.048221328163 31.2474994659424 296 10
"233" 2 0 -44.0833333333333 -16.9166666666667 164.085835415007 29.9122505187988 259 6
"234" 3 0 -56.4166666666667 -29.5833333333333 443.214919016645 31.0540008544922 171 86
"235" 1 0 -56.75 -28.25 418.927580708355 31.4737491607666 157 78
"236" 1 0 -39.75 -4.75 71.9401438922016 30.9172496795654 180 2
"237" 3 0 -54.0833333333333 -26.75 372.574770908695 29.6044998168945 185 122
"238" 2 0 -40.25 -14.75 164.552047464186 26.7842502593994 120 34
"239" 3 0 -38.9166666666667 -10.4166666666667 188.859934872301 30.6852493286133 78 22
"240" 1 0 -55.9166666666667 -26.9166666666667 382.274255553604 31.8747501373291 177 89
"241" 3 0 -52.0833333333333 -25.9166666666667 323.771881401981 26.818000793457 195 114
"242" 2 0 -47.5833333333333 -21.9166666666667 225.700837957283 29.9724998474121 254 21
"243" 3 0 -56.75 -30.9166666666667 471.161252979073 30.6652507781982 153 80
"244" 1 0 -41.75 -10.25 113.013772534731 33.9054985046387 116 1
"245" 1 0 -47.25 -22.4166666666667 243.557969490606 29.5935001373291 241 21
"246" 1 0 -49.4166666666667 -20.4166666666667 198.522924090646 31.8979988098145 241 13
"247" 2 0 -43.5833333333333 -20.75 217.971069993097 29.472749710083 271 17
"248" 2 0 -48.9166666666667 -18.0833333333333 170.027533173456 31.6987495422363 279 11
"249" 2 0 -45.0833333333333 -20.4166666666667 220.603768049939 29.7779998779297 293 16
"250" 1 0 -37.75 -4.75 68.1534454586452 33.2022514343262 257 3
"251" 3 0 -43.5833333333333 -15.75 139.807100272325 31.9064998626709 190 1
"252" 2 0 -44.9166666666667 -14.4166666666667 133.018136278004 30.9060001373291 240 1
"253" 2 0 -50.0833333333333 -30.0833333333333 339.455629198224 27.6590919494629 146 91
"254" 2 0 -56.4166666666667 -34.25 482.807772759541 28.83424949646 120 88
"255" 2 0 -41.4166666666667 -7.75 105.337203350717 34.1552505493164 193 0
"256" 1 0 -36.75 -7.58333333333333 135.490044197708 29.625 141 3
"257" 3 0 -54.75 -24.25 325.058034045897 31.195499420166 188 80
"258" 1 0 -56.0833333333333 -33.4166666666667 485.991994608961 29.6992511749268 121 92
"259" 2 0 -41.75 -15.0833333333333 160.172305467942 27.6302509307861 150 4
"260" 3 0 -53.75 -20.4166666666667 198.163588000493 31.7592506408691 227 35
"261" 3 0 -38.0833333333333 -11.9166666666667 154.092965560681 29.5979995727539 204 68
"262" 1 0 -49.9166666666667 -28.5833333333333 294.294876962461 23.0572490692139 166 113
"263" 3 0 -43.25 -8.75 85.6742813560934 32.9497489929199 151 1
"264" 1 0 -36.0833333333333 -5.58333333333333 118.761274082176 30.8355007171631 120 2
"265" 1 0 -52.75 -21.5833333333333 239.762392026064 31.673999786377 173 30
"266" 2 0 -47.75 -19.75 168.700640761488 28.6547508239746 290 20
"267" 1 0 -55.4166666666667 -22.0833333333333 269.501243827009 30.8729991912842 187 46
"268" 3 0 -40.4166666666667 -20.25 201.287162441032 31.0830326080322 198 55
"269" 3 0 -44.25 -20.5833333333333 198.717972423462 27.8207492828369 313 15
"270" 1 0 -38.25 -11.4166666666667 163.463137662875 30.6412506103516 115 36
"271" 2 0 -53.4166666666667 -24.25 312.52596531569 30.4237499237061 179 71
"272" 1 0 -37.9166666666667 -9.75 189.191833777592 31.8540000915527 71 11
"273" 2 0 -53.25 -20.75 212.335186370222 31.7350006103516 211 32
"274" 2 0 -54.5833333333333 -34.9166666666667 411.968908761753 25.9500007629395 96 71
"275" 1 0 -55.75 -26.25 367.418296938239 31.7002506256104 183 83
"276" 1 0 -55.0833333333333 -32.0833333333333 461.976172423149 29.7682495117188 123 96
"277" 3 0 -47.0833333333333 -22.0833333333333 234.275201305565 30.3810005187988 244 20
"278" 1 0 -51.0833333333333 -26.9166666666667 334.354938617269 26.2657508850098 172 93
"279" 3 0 -53.75 -26.75 372.092921721406 29.1704998016357 196 134
"280" 2 0 -39.0833333333333 -15.75 158.591666040472 29.7197494506836 158 106
"281" 2 0 -40.25 -13.75 151.539720396406 26.349250793457 123 23
"282" 2 0 -41.9166666666667 -9.91666666666666 100.31950334533 33.4637489318848 135 0
"283" 1 0 -45.9166666666667 -23.0833333333333 244.96007114377 27.7759990692139 234 29
"284" 1 0 -40.75 -5.25 97.21734656364 33.1440010070801 238 2
"285" 3 0 -40.5833333333333 -12.4166666666667 155.858868618799 28.6504993438721 92 20
"286" 1 0 -47.9166666666667 -18.25 162.098097388039 30.3727493286133 285 8
"287" 1 0 -41.9166666666667 -21.5833333333333 239.956805629055 31.5399990081787 207 18
"288" 2 0 -35.5833333333333 -7.91666666666666 133.542891524606 30.2277507781982 152 19
"289" 1 0 -43.4166666666667 -14.25 129.380272152057 32.3702507019043 154 1
"290" 1 0 -44.4166666666667 -22.4166666666667 240.027048894181 30.5812492370605 265 20
"291" 2 0 -42.4166666666667 -22.75 221.585810244845 31.6410007476807 165 28
"292" 2 0 -43.0833333333333 -22.75 216.073247765545 31.3978729248047 192 35
"293" 2 0 -43.5833333333333 -16.25 156.835072766371 31.7369995117188 210 2
"294" 3 0 -51.5833333333333 -27.25 342.324108630694 27.5057506561279 198 104
"295" 3 0 -41.5833333333333 -22.25 211.005980243189 31.5722770690918 177 37
"296" 1 0 -51.5833333333333 -20.75 243.573482031079 32.4747505187988 201 24
"297" 2 0 -55.9166666666667 -25.9166666666667 360.754677870605 31.3145008087158 193 79
"298" 3 0 -44.4166666666667 -22.5833333333333 233.418186517808 29.7800006866455 264 22
"299" 3 0 -47.5833333333333 -18.75 173.7821251672 28.4370002746582 311 5
"300" 3 0 -37.5833333333333 -9.41666666666666 196.604465549474 31.6962490081787 85 11
"301" 2 0 -35.9166666666667 -6.08333333333333 119.160710324412 30.9032497406006 124 3
"302" 2 0 -43.25 -16.0833333333333 162.990170525485 29.918249130249 202 3
"303" 1 0 -54.4166666666667 -31.5833333333333 438.038299382492 29.5314998626709 131 100
"304" 1 0 -42.9166666666667 -16.4166666666667 177.65805571955 29.4867496490479 215 5
"305" 3 0 -45.25 -15.5833333333333 156.300262471596 32.1554985046387 256 3
"306" 3 0 -53.4166666666667 -23.4166666666667 287.477697002156 30.8939990997314 168 58
"307" 1 0 -49.0833333333333 -26.4166666666667 309.951793272384 28.4702491760254 217 83
"308" 2 0 -52.4166666666667 -22.25 251.913426824379 31.7805004119873 163 32
"309" 3 0 -41.9166666666667 -9.41666666666666 93.3507174679902 34.5537490844727 130 0
"310" 1 0 -57.25 -28.5833333333333 431.714292393166 31.5209999084473 162 67
"311" 1 0 -38.25 -10.0833333333333 186.832346149748 31.338249206543 84 19
"312" 1 0 -39.75 -4.58333333333333 68.3069666616371 29.9109992980957 190 3
"313" 2 0 -46.5833333333333 -20.4166666666667 212.372233327448 27.1877498626709 299 16
"314" 1 0 -46.9166666666667 -22.5833333333333 237.958259601756 28.8735008239746 233 25
"315" 3 0 -38.25 -9.58333333333333 182.046994145633 32.4664993286133 86 11
"316" 3 0 -54.25 -21.9166666666667 246.078221089257 31.0370006561279 201 32
"317" 3 0 -56.9166666666667 -26.4166666666667 383.899727195331 32.2532501220703 161 70
"318" 2 0 -42.4166666666667 -11.9166666666667 112.426876154513 28.6240005493164 134 1
"319" 1 0 -36.75 -10.4166666666667 153.351859655595 31.0202503204346 214 29
"320" 3 0 -41.25 -7.91666666666666 110.129177823426 34.0730018615723 162 0
"321" 2 0 -53.5833333333333 -27.75 381.08504839927 30.0550003051758 194 133
"322" 1 0 -40.75 -8.75 133.794804254154 33.2682495117188 120 1
"323" 2 0 -47.75 -23.25 245.860359171756 28.58424949646 204 30
"324" 3 0 -48.4166666666667 -26.25 293.128366447926 28.2999992370605 272 89
"325" 1 0 -48.9166666666667 -22.9166666666667 232.328010237982 29.7005004882812 202 30
"326" 3 0 -40.4166666666667 -4.08333333333333 71.2595289986894 33.7637481689453 247 1
"327" 1 0 -44.25 -22.75 237.050571743082 27.6814994812012 258 28
"328" 1 0 -46.25 -15.9166666666667 157.335287849088 31.7527503967285 253 6
"329" 3 0 -52.75 -26.25 333.152571842396 27.9207496643066 202 126
"330" 2 0 -43.0833333333333 -19.75 223.046336693022 29.8635005950928 315 11
"331" 1 0 -55.4166666666667 -33.75 461.205907130687 28.1735000610352 115 95
"332" 1 0 -40.4166666666667 -10.25 161.718709448966 29.3957500457764 87 12
"333" 3 0 -49.9166666666667 -27.25 337.294198746557 27.8435001373291 172 105
"334" 2 0 -42.75 -11.4166666666667 92.493789738553 31.2549991607666 147 1
"335" 2 0 -39.25 -10.25 189.319592143921 30.3112506866455 87 20
"336" 3 0 -53.4166666666667 -29.25 384.100432401023 28.9517498016357 152 117
"337" 2 0 -43.9166666666667 -18.4166666666667 181.563463248448 27.0677509307861 280 5
"338" 3 0 -54.25 -23.9166666666667 314.058429696881 31.2600002288818 191 62
"339" 2 0 -50.75 -20.5833333333333 245.469252447312 31.9394989013672 216 17
"340" 3 0 -50.0833333333333 -19.4166666666667 185.795876669942 32.1469993591309 252 15
"341" 3 0 -45.0833333333333 -21.4166666666667 235.292241439395 29.6354999542236 293 19
"342" 3 0 -46.9166666666667 -23.4166666666667 232.078482383892 26.2600002288818 235 37
"343" 1 0 -43.0833333333333 -17.0833333333333 171.816597564709 29.7722492218018 232 5
"344" 3 0 -37.25 -6.08333333333333 105.90541820685 32.8305015563965 209 3
"345" 3 0 -54.25 -31.5833333333333 433.992989259771 29.4277496337891 133 99
"346" 3 0 -51.9166666666667 -31.0833333333333 393.635256884913 28.1415004730225 135 89
"347" 2 0 -56.5833333333333 -29.0833333333333 435.057070339224 31.3314990997314 174 80
"348" 1 0 -42.5833333333333 -14.0833333333333 123.704146755251 27.89674949646 187 4
"349" 2 0 -43.9166666666667 -14.0833333333333 124.086154414427 32.5605010986328 178 1
"350" 2 0 -42.0833333333333 -14.4166666666667 140.86222516772 30.0475006103516 139 1
"351" 3 0 -53.5833333333333 -30.9166666666667 418.346038456453 29.0659999847412 145 105
"352" 2 0 -56.25 -29.9166666666667 447.627279599446 30.7702503204346 160 92
"353" 1 0 -55.25 -26.75 381.606593043682 32.2727508544922 163 93
"354" 2 0 -45.0833333333333 -14.25 127.354083691078 30.5207500457764 240 1
"355" 1 0 -56.0833333333333 -25.5833333333333 356.616717874516 31.6537494659424 191 77
"356" 3 0 -49.5833333333333 -27.9166666666667 302.199589502868 23.6180000305176 183 103
"357" 3 0 -54.75 -24.4166666666667 327.347541651333 30.9699993133545 187 87
"358" 2 0 -35.4166666666667 -8.91666666666666 106.953021705048 28.7434997558594 276 45
"359" 1 0 -56.25 -30.25 452.983172276725 30.5317497253418 161 94
"360" 3 0 -43.75 -13.9166666666667 121.790341580806 32.6777496337891 154 1
"361" 2 0 -42.5833333333333 -17.5833333333333 185.229283129431 29.3632507324219 233 7
"362" 1 0 -41.5833333333333 -15.25 166.250947808977 28.3632507324219 172 6
"363" 1 0 -50.75 -23.5833333333333 266.876548681546 28.7159996032715 188 62
"364" 2 0 -39.5833333333333 -11.25 173.185273720098 31.3269996643066 78 13
"365" 2 0 -40.9166666666667 -6.25 93.5460454323789 30.0195007324219 198 3
"366" 1 0 -53.4166666666667 -31.5833333333333 414.547008940045 27.5499992370605 140 94
"367" 3 0 -49.25 -20.75 202.156916632183 31.4829998016357 237 14
"368" 3 0 -57.9166666666667 -29.9166666666667 461.706371069704 32.2915000915527 159 59
"369" 1 0 -39.25 -7.08333333333333 113.171212244381 32.2545013427734 269 6
"370" 1 0 -50.5833333333333 -30.75 352.962555374831 27.5322856903076 146 87
"371" 1 0 -57.25 -28.75 436.755612781303 31.5214996337891 166 67
"372" 1 0 -54.0833333333333 -21.9166666666667 244.36701571721 31.2395000457764 205 30
"373" 2 0 -51.5833333333333 -31.25 387.241106012138 27.7585372924805 132 82
"374" 2 0 -35.75 -9.08333333333333 123.614869953424 28.9712505340576 248 32
"375" 1 0 -55.4166666666667 -33.5833333333333 465.633846028154 28.2647495269775 114 96
"376" 3 0 -46.75 -23.5833333333333 238.368873317549 27.19700050354 249 41
"377" 1 0 -40.0833333333333 -3.58333333333333 68.0166538306803 34.1484985351562 239 1
"378" 1 0 -36.5833333333333 -5.25 97.6654735143075 32.1539993286133 169 1
"379" 2 0 -49.9166666666667 -17.9166666666667 138.957401280203 31.6487503051758 279 13
"380" 3 0 -53.4166666666667 -24.5833333333333 311.273565401277 29.1280002593994 196 79
"381" 2 0 -49.25 -22.9166666666667 244.573892138817 30.0602493286133 193 27
"382" 2 0 -54.0833333333333 -32.25 449.827296346098 28.9762496948242 125 86
"383" 3 0 -54.75 -27.0833333333333 370.080766798551 30.2297496795654 169 111
"384" 2 0 -43.0833333333333 -7.91666666666666 96.9142341629341 33.4005012512207 169 1
"385" 2 0 -48.25 -24.0833333333333 291.584752473169 27.6450004577637 198 44
"386" 1 0 -43.4166666666667 -17.5833333333333 181.67656547118 30.3490009307861 234 7
"387" 1 0 -53.5833333333333 -30.5833333333333 411.068185008108 28.4662494659424 145 112
"388" 2 0 -43.4166666666667 -18.25 189.987454229255 27.2077503204346 269 7
"389" 1 0 -37.25 -5.41666666666666 81.0552158003471 34.0014991760254 182 2
"390" 2 0 -51.0833333333333 -27.25 325.815195436007 25.3390007019043 178 100
"391" 3 0 -50.9166666666667 -18.9166666666667 171.609397222878 32.1287498474121 278 16
"392" 2 0 -51.4166666666667 -27.75 337.550516136554 26.8064994812012 191 108
"393" 1 0 -53.5833333333333 -21.0833333333333 213.319198428494 31.2332496643066 201 32
"394" 1 0 -40.25 -17.25 176.265111355774 31.5230007171631 159 43
"395" 3 0 -38.5833333333333 -11.75 159.514674292129 29.4637508392334 100 37
"396" 2 0 -39.9166666666667 -5.75 91.1177409170254 31.14674949646 182 5
"397" 3 0 -53.4166666666667 -23.5833333333333 290.888791034708 30.54075050354 166 63
"398" 2 0 -42.25 -14.4166666666667 138.312423412876 29.6812496185303 157 2
"399" 1 0 -38.5833333333333 -10.25 180.535594747128 29.0149993896484 87 24
"400" 2 0 -37.4166666666667 -11.25 137.606688043197 30.6097507476807 296 57
"401" 1 0 -47.25 -17.9166666666667 163.212446696219 29.3957500457764 328 7
"402" 3 0 -53.9166666666667 -30.25 413.726632619409 29.6415004730225 148 118
"403" 1 0 -55.75 -25.4166666666667 356.012596187833 31.6627502441406 201 83
"404" 1 0 -39.9166666666667 -17.25 167.296040783533 31.0555000305176 143 53
"405" 3 0 -39.75 -9.75 181.44306577252 31.4832496643066 91 5
"406" 3 0 -52.5833333333333 -23.4166666666667 285.12967092111 30.2182502746582 159 54
"407" 1 0 -40.25 -17.0833333333333 171.968567638816 29.7899990081787 150 52
"408" 2 0 -51.9166666666667 -27.25 341.492365250676 27.6429996490479 200 123
"409" 1 0 -48.25 -25.4166666666667 297.743009207664 29.396032333374 306 84
"410" 3 0 -42.5833333333333 -13.9166666666667 120.097260512052 27.945499420166 180 3
"411" 1 0 -50.9166666666667 -23.25 267.064682399343 30.2707500457764 184 51
"412" 2 0 -40.4166666666667 -11.75 163.934126293577 29.263500213623 96 29
"413" 1 0 -41.9166666666667 -13.25 117.917564742257 25.9985008239746 182 18
"414" 1 0 -56.75 -32.25 490.199094747624 30.6292495727539 134 81
"415" 1 0 -49.0833333333333 -23.9166666666667 286.007899019602 29.3705005645752 173 46
"416" 2 0 -49.25 -27.25 316.945320402825 26.8662490844727 197 94
"417" 1 0 -51.4166666666667 -20.4166666666667 235.924677727976 32.2815017700195 223 20
"418" 1 0 -39.0833333333333 -14.5833333333333 133.376347960323 29.3431663513184 206 117
"419" 2 0 -46.0833333333333 -19.75 218.747338096152 29.076000213623 296 14
"420" 2 0 -47.0833333333333 -16.5833333333333 158.333675101143 29.199499130249 288 8
"421" 2 0 -46.5833333333333 -18.4166666666667 155.847561391366 28.6650009155273 310 9
"422" 2 0 -42.25 -13.25 115.605047658937 30.3692493438721 157 2
"423" 1 0 -46.4166666666667 -15.75 143.167608713769 30.2565002441406 273 6
"424" 3 0 -48.75 -18.9166666666667 186.516808384332 30.7822494506836 276 14
"425" 3 0 -38.75 -8.41666666666666 181.450249922702 31.2492504119873 143 7
"426" 1 0 -42.5833333333333 -15.4166666666667 160.473911854953 28.9475002288818 199 2
"427" 1 0 -53.0833333333333 -24.5833333333333 315.666252256026 29.6264991760254 215 81
"428" 2 0 -41.5833333333333 -8.91666666666666 108.200611159516 33.6542510986328 119 1
"429" 1 0 -42.4166666666667 -11.75 113.020319345318 28.9697494506836 138 3
"430" 1 0 -52.9166666666667 -25.9166666666667 350.128958181391 28.7817497253418 217 112
"431" 3 0 -51.25 -27.5833333333333 335.494750231151 26.3912506103516 185 107
"432" 2 0 -42.5833333333333 -18.75 228.488615189325 29.0077495574951 288 15
"433" 2 0 -54.0833333333333 -30.25 416.011091221946 30.03125 149 118
"434" 3 0 -54.9166666666667 -27.9166666666667 395.037661819825 31.5305004119873 179 126
"435" 2 0 -43.75 -15.25 137.629270943394 32.1479988098145 191 1
"436" 1 0 -45.4166666666667 -18.25 175.93024884191 31.1415004730225 249 7
"437" 3 0 -45.4166666666667 -23.75 250.987559515526 29.7684421539307 297 92
"438" 1 0 -53.75 -24.5833333333333 312.606786293781 29.494499206543 186 74
"439" 3 0 -36.25 -6.41666666666666 109.310546074768 29.8910007476807 168 5
"440" 3 0 -57.75 -31.0833333333333 479.290234111407 31.273250579834 156 64
"441" 2 0 -54.25 -26.9166666666667 373.67386490293 29.6240005493164 179 117
"442" 2 0 -47.75 -20.25 179.871864727494 29.5087509155273 299 10
"443" 3 0 -57.75 -32.25 484.350013400173 30.5377502441406 141 67
"444" 3 0 -44.75 -17.0833333333333 189.538318587102 33.0547485351562 220 4
"445" 3 0 -38.75 -11.4166666666667 163.511420585392 29.6577491760254 84 29
"446" 1 0 -39.0833333333333 -9.91666666666666 187.866376872055 31.4925003051758 92 9
"447" 2 0 -35.75 -9.41666666666666 121.870365840974 29.7374992370605 308 37
"448" 2 0 -53.0833333333333 -24.9166666666667 310.755939916634 28.1532497406006 220 89
"449" 1 0 -43.0833333333333 -10.25 85.3436413301202 33.9140014648438 132 1
"450" 1 0 -34.9166666666667 -8.41666666666666 101.088018023324 29.1051731109619 234 29
"451" 2 0 -39.5833333333333 -12.0833333333333 166.622416307828 29.7455005645752 74 20
"452" 2 0 -45.9166666666667 -18.5833333333333 167.824178338576 29.6145000457764 273 9
"453" 3 0 -50.25 -24.0833333333333 279.763034069003 28.4282493591309 177 62
"454" 3 0 -45.0833333333333 -16.9166666666667 183.171181907137 32.40625 223 5
"455" 2 0 -51.75 -29.9166666666667 374.361113592925 28.835750579834 150 95
"456" 1 0 -52.75 -26.5833333333333 342.660520933308 28.3229999542236 210 142
"457" 2 0 -37.75 -8.91666666666666 199.574061421237 30.8094997406006 104 12
"458" 1 0 -50.5833333333333 -24.5833333333333 289.3733414735 27.482250213623 161 75
"459" 3 0 -40.0833333333333 -4.58333333333333 69.7167341297473 31.8432502746582 201 1
"460" 1 0 -41.5833333333333 -12.5833333333333 126.472257516087 27.2042503356934 123 13
"461" 2 0 -40.25 -4.91666666666666 77.6995819296587 31.1112499237061 186 2
"462" 1 0 -50.5833333333333 -25.75 323.960169545638 26.963249206543 176 79
"463" 1 0 -37.9166666666667 -5.08333333333333 68.7494843657843 33.4052505493164 218 1
"464" 3 0 -37.25 -5.75 101.29966253815 33.9044990539551 210 4
"465" 1 0 -41.75 -12.9166666666667 119.926736817224 27.0265007019043 140 11
"466" 1 0 -38.5833333333333 -4.41666666666666 58.5465884686733 32.304500579834 234 5
"467" 1 0 -38.4166666666667 -6.08333333333333 89.040292925842 31.480749130249 242 6
"468" 3 0 -53.25 -24.4166666666667 313.985062370474 29.97825050354 203 77
"469" 1 0 -56.0833333333333 -32.9166666666667 484.728793760728 29.7450008392334 118 88
"470" 1 0 -40.75 -11.75 167.634302441258 28.105749130249 111 34
"471" 2 0 -54.4166666666667 -30.75 424.318186565203 29.7045001983643 146 112
"472" 3 0 -53.0833333333333 -26.25 324.192130187244 28.2122497558594 210 129
"473" 3 0 -50.9166666666667 -23.4166666666667 268.544568773349 29.949499130249 188 56
"474" 3 0 -51.4166666666667 -24.5833333333333 303.7391054557 28.9810009002686 186 79
"475" 3 0 -42.5833333333333 -12.5833333333333 108.102527299437 32.9109992980957 139 1
"476" 1 0 -43.25 -22.4166666666667 219.69159559357 26.0580005645752 292 45
"477" 1 0 -42.5833333333333 -8.41666666666666 98.5862261543919 34.6292495727539 146 1
"478" 3 0 -53.4166666666667 -25.75 353.547293627558 29.2280006408691 233 98
"479" 2 0 -38.5833333333333 -4.75 57.639431183058 32.9869995117188 212 3
"480" 2 0 -48.25 -16.9166666666667 152.109464162393 29.882999420166 299 9
"481" 1 0 -43.25 -19.25 232.717052776312 30.7325000762939 301 11
"482" 3 0 -37.0833333333333 -4.91666666666666 66.6886497096286 32.7160568237305 196 1
"483" 1 0 -44.0833333333333 -21.25 214.785060912897 28.3899993896484 288 14
"484" 2 0 -53.5833333333333 -26.0833333333333 354.231748586623 28.9492492675781 215 110
"485" 3 0 -42.5833333333333 -22.75 220.643635476029 31.0419998168945 178 25
"486" 1 0 -42.4166666666667 -8.91666666666666 101.225156950733 34.9695014953613 140 0
"487" 3 0 -57.0833333333333 -27.9166666666667 412.752964061444 31.7665004730225 163 69
"488" 3 0 -53.0833333333333 -30.0833333333333 409.607859256579 29.6295013427734 141 107
"489" 3 0 -42.5833333333333 -6.91666666666666 110.243730083163 33.9129981994629 207 1
"490" 2 0 -42.4166666666667 -10.9166666666667 106.22925818714 33.3847503662109 109 1
"491" 1 0 -42.0833333333333 -22.0833333333333 238.416612735846 28.1892490386963 228 28
"492" 2 0 -54.75 -33.75 445.502964464991 28.2697505950928 117 96
"493" 3 0 -50.25 -18.5833333333333 160.381792759214 32.3962516784668 271 14
"494" 3 0 -58.0833333333333 -29.9166666666667 460.162761272438 32.1935005187988 153 56
"495" 2 0 -54.75 -32.0833333333333 455.767679726925 29.4307498931885 122 95
"496" 3 0 -57.25 -31.9166666666667 486.598729477048 30.5902500152588 144 73
"497" 2 0 -40.5833333333333 -20.4166666666667 202.693838581199 30.0292491912842 195 51
"498" 2 0 -57.75 -28.25 429.139934531358 31.8142490386963 160 60
"499" 2 0 -53.75 -23.5833333333333 294.651357144929 30.7730007171631 175 60
"500" 2 0 -50.75 -25.75 318.985765777262 26.536750793457 170 83
"501" 3 0 -38.0833333333333 -4.25 52.8656502483363 31.585075378418 293 9
"502" 1 0 -49.0833333333333 -25.25 283.053130039769 26.42799949646 225 80
"503" 2 0 -53.75 -21.0833333333333 212.277902099676 31.2582492828369 203 33
"504" 2 0 -46.5833333333333 -16.5833333333333 168.764797632179 32.1552505493164 246 7
"505" 2 0 -45.9166666666667 -18.75 173.232429101537 29.5972499847412 278 10
"506" 1 0 -54.4166666666667 -32.9166666666667 447.955110270928 27.9274997711182 131 98
"507" 2 0 -51.4166666666667 -25.9166666666667 317.373604179881 26.097749710083 180 113
"508" 1 0 -43.9166666666667 -16.4166666666667 154.389571592434 30.2329998016357 233 2
"509" 1 0 -53.4166666666667 -21.5833333333333 232.223699964554 31.6219997406006 189 29
"510" 1 0 -51.25 -20.5833333333333 243.528607000932 31.9549999237061 213 19
"511" 1 0 -39.75 -18.5833333333333 179.694812626498 30.8516807556152 167 57
"512" 2 0 -49.25 -21.5833333333333 241.473601986618 31.5244998931885 229 20
"513" 3 0 -39.4166666666667 -9.58333333333333 187.827658540841 31.2047500610352 96 5
"514" 3 0 -39.0833333333333 -12.9166666666667 142.638149774295 28.3642501831055 171 77
"515" 1 0 -41.4166666666667 -6.08333333333333 96.0694613240096 32.9357490539551 217 1
"516" 2 0 -46.9166666666667 -16.9166666666667 169.305292481208 30.972749710083 285 8
"517" 1 0 -42.75 -14.75 124.077346147825 31.1867504119873 169 1
"518" 2 0 -42.4166666666667 -13.5833333333333 117.112848645576 29.0917491912842 164 1
"519" 1 0 -39.4166666666667 -17.4166666666667 161.542471722872 30.597749710083 152 71
"520" 2 0 -51.9166666666667 -22.25 249.979117917446 31.5410003662109 178 36
"521" 3 0 -55.0833333333333 -34.9166666666667 414.527592286467 25.7772731781006 95 69
"522" 2 0 -50.9166666666667 -28.0833333333333 323.722069949816 25.5114994049072 169 109
"523" 1 0 -39.9166666666667 -6.08333333333333 100.629441528647 31.4692497253418 184 6
"524" 2 0 -50.9166666666667 -30.0833333333333 351.028611055616 28.4169998168945 144 93
"525" 2 0 -53.4166666666667 -31.0833333333333 417.218569693807 28.7115001678467 143 100
"526" 1 0 -45.5833333333333 -23.9166666666667 250.488916545529 30.6000003814697 297 95
"527" 1 0 -49.0833333333333 -24.4166666666667 308.981031546832 28.0562496185303 182 56
"528" 2 0 -54.4166666666667 -28.9166666666667 390.670794655206 30.253999710083 177 136
"529" 2 0 -38.25 -12.75 124.960447003694 29.8154888153076 303 71
"530" 1 0 -39.25 -15.5833333333333 157.547545262482 29.5562496185303 157 93
"531" 1 0 -35.9166666666667 -8.41666666666666 150.750843215507 28.3777503967285 134 13
"532" 3 0 -40.4166666666667 -9.58333333333333 150.129344530385 33.4447479248047 105 2
"533" 3 0 -54.5833333333333 -24.5833333333333 333.062095106692 30.793249130249 173 92
"534" 1 0 -40.4166666666667 -19.5833333333333 195.443876854987 31.5362491607666 192 38
"535" 2 0 -42.0833333333333 -8.91666666666666 98.6584535677012 35.0844993591309 133 0
"536" 2 0 -55.9166666666667 -28.5833333333333 418.26902702556 32.0149993896484 172 93
"537" 1 0 -40.9166666666667 -17.9166666666667 184.341813644225 31.7670001983643 176 27
"538" 3 0 -43.4166666666667 -14.75 133.223304084621 32.2700004577637 173 1
"539" 1 0 -57.4166666666667 -31.75 487.141419624988 30.8457508087158 146 70
"540" 2 0 -41.75 -19.25 190.49691010724 31.8377494812012 209 18
"541" 3 0 -40.0833333333333 -18.4166666666667 181.707450172454 31.5227508544922 170 45
"542" 2 0 -55.0833333333333 -27.4166666666667 377.913657373601 31.0174999237061 168 116
"543" 3 0 -47.0833333333333 -17.25 175.314330227284 31.0009994506836 303 7
"544" 1 0 -42.0833333333333 -12.4166666666667 116.53965501859 27.8582496643066 125 3
"545" 3 0 -41.0833333333333 -13.75 135.763247603736 30.0480003356934 129 6
"546" 2 0 -53.75 -28.5833333333333 374.753199534705 29.7832508087158 184 128
"547" 3 0 -41.4166666666667 -5.25 92.3030324286329 32.6417503356934 263 4
"548" 2 0 -43.75 -19.75 189.850788096242 29.7097492218018 312 11
"549" 2 0 -57.75 -30.75 469.946041642002 31.3137493133545 156 64
"550" 2 0 -41.25 -20.75 214.778437883768 31.9657497406006 190 26
"551" 2 0 -46.0833333333333 -21.4166666666667 239.200467440404 29.986499786377 278 23
"552" 2 0 -40.0833333333333 -15.5833333333333 168.138497896198 29.9847507476807 134 32
"553" 3 0 -50.75 -21.5833333333333 265.839882288178 31.4577503204346 203 23
"554" 1 0 -53.0833333333333 -33.0833333333333 412.816369923388 26.9372501373291 125 82
"555" 3 0 -55.9166666666667 -29.5833333333333 433.95399151914 30.9055004119873 175 99
"556" 3 0 -52.25 -20.5833333333333 226.794674280554 31.9144992828369 212 25
"557" 1 0 -44.0833333333333 -14.25 129.932921833645 32.4107513427734 199 1
"558" 2 0 -52.75 -20.5833333333333 220.492296291079 32.0815010070801 213 28
"559" 2 0 -53.25 -21.0833333333333 221.622670978875 31.7644996643066 196 31
"560" 3 0 -48.0833333333333 -18.25 163.505942937277 30.5472507476807 286 9
"561" 3 0 -40.0833333333333 -5.08333333333333 78.1799638684326 30.5672492980957 169 2
"562" 2 0 -53.0833333333333 -19.75 193.40795756503 31.8107490539551 250 28
"563" 2 0 -35.0833333333333 -6.25 117.864014649783 31.4364337921143 220 21
"564" 1 0 -40.9166666666667 -13.0833333333333 135.082796566811 29.6840000152588 129 13
"565" 2 0 -48.9166666666667 -20.4166666666667 192.127531711136 31.9680004119873 246 12
"566" 1 0 -51.4166666666667 -24.75 300.433519488494 28.0459995269775 189 85
"567" 1 0 -46.4166666666667 -22.25 225.765445969274 28.789249420166 277 27
"568" 2 0 -52.4166666666667 -24.25 274.943499319227 28.1637496948242 197 83
"569" 3 0 -41.0833333333333 -5.25 89.0877033619908 31.3470001220703 248 4
"570" 2 0 -42.9166666666667 -14.9166666666667 125.090560632961 29.6229991912842 188 1
"571" 3 0 -56.5833333333333 -30.5833333333333 465.864386318021 30.5165004730225 165 84
"572" 2 0 -43.0833333333333 -18.0833333333333 197.136725677137 27.824499130249 268 10
"573" 2 0 -49.25 -25.75 293.662486277762 25.7110004425049 182 76
"574" 2 0 -52.0833333333333 -28.75 354.559198300326 27.320499420166 168 121
"575" 1 0 -40.5833333333333 -17.5833333333333 180.172821080439 31.6895008087158 169 31
"576" 1 0 -43.5833333333333 -16.9166666666667 158.174509319539 30.0774993896484 246 2
"577" 3 0 -36.5833333333333 -6.41666666666666 91.2829428849021 32.1669998168945 148 2
"578" 2 0 -43.4166666666667 -16.9166666666667 159.424530224338 27.9587497711182 242 2
"579" 1 0 -41.75 -15.75 170.323823183838 27.9797496795654 180 5
"580" 2 0 -49.0833333333333 -20.4166666666667 194.223285344968 31.9674987792969 243 12
"581" 2 0 -51.4166666666667 -21.4166666666667 263.233100946295 31.5122509002686 188 25
"582" 1 0 -37.0833333333333 -6.91666666666666 101.31887271903 32.5622482299805 197 2
"583" 3 0 -42.25 -21.25 240.625015911756 31.4787502288818 251 20
"584" 1 0 -39.25 -12.9166666666667 147.688668028822 28.0260009765625 129 66
"585" 3 0 -50.4166666666667 -28.5833333333333 299.006595067552 24.8880004882812 154 109
"586" 2 0 -39.75 -5.41666666666666 82.9194875949821 30.5104999542236 197 4
"587" 3 0 -41.75 -18.0833333333333 191.542837460155 31.1324996948242 201 16
"588" 1 0 -46.5833333333333 -19.4166666666667 191.628056007368 29.1707496643066 322 14
"589" 3 0 -52.9166666666667 -28.4166666666667 368.679727051585 29.2347507476807 166 125
"590" 3 0 -56.9166666666667 -31.4166666666667 483.794364765249 31.0030002593994 145 77
"591" 2 0 -38.9166666666667 -11.4166666666667 164.738704750576 30.7929992675781 82 24
"592" 2 0 -51.4166666666667 -29.25 337.342699169526 25.5275001525879 167 120
"593" 2 0 -38.9166666666667 -8.25 176.737201652428 30.8677501678467 150 4
"594" 3 0 -49.9166666666667 -29.4166666666667 325.747482673837 27.4620609283447 152 98
"595" 3 0 -46.0833333333333 -22.0833333333333 231.399446228166 28.5739994049072 290 30
"596" 2 0 -52.0833333333333 -27.4166666666667 350.135788441849 28.1630001068115 195 127
"597" 1 0 -54.25 -20.5833333333333 190.117640967343 31.1434993743896 226 41
"598" 2 0 -36.4166666666667 -10.0833333333333 152.799243917251 30.5400009155273 217 28
"599" 2 0 -48.25 -16.75 147.056959187804 29.644250869751 297 9
"600" 2 0 -54.75 -22.0833333333333 266.955702682704 31.1515007019043 191 43
"601" 3 0 -53.75 -30.0833333333333 410.958840113387 29.9077491760254 146 119
"602" 3 0 -54.9166666666667 -31.25 444.175678878865 29.6844997406006 133 105
"603" 3 0 -55.4166666666667 -24.9166666666667 344.298017412938 31.6622505187988 199 81
"604" 1 0 -40.9166666666667 -13.4166666666667 134.658172066822 28.5872497558594 129 11
"605" 2 0 -49.9166666666667 -28.4166666666667 296.195483788068 23.2019996643066 163 106
"606" 3 0 -49.75 -23.0833333333333 280.764294396294 30.6284999847412 191 39
"607" 1 0 -37.4166666666667 -9.58333333333333 194.054025445688 31.4664993286133 93 13
"608" 1 0 -57.75 -29.0833333333333 454.1500761631 31.7904987335205 161 60
"609" 3 0 -56.5833333333333 -31.4166666666667 477.073700894419 30.5402507781982 140 81
"610" 2 0 -55.25 -27.0833333333333 379.275768272243 31.736499786377 163 98
"611" 3 0 -43.9166666666667 -19.25 210.295883206602 30.6065006256104 274 8
"612" 3 0 -45.4166666666667 -23.9166666666667 253.134091569881 28.072078704834 314 98
"613" 2 0 -45.25 -17.25 182.01252317031 32.1457481384277 224 5
"614" 3 0 -41.25 -13.25 131.220763926233 26.5547504425049 149 33
"615" 3 0 -38.75 -4.25 59.8706652023147 30.6669998168945 262 10
"616" 3 0 -46.75 -22.25 228.157774332215 28.4472503662109 267 23
"617" 3 0 -53.25 -31.0833333333333 417.525078978814 28.5557498931885 142 98
"618" 3 0 -36.0833333333333 -7.58333333333333 135.539317277785 29.7840003967285 99 5
"619" 3 0 -43.0833333333333 -7.75 101.272431453797 33.6464996337891 176 1
"620" 1 0 -37.0833333333333 -8.58333333333333 159.874748819125 29.5890007019043 120 17
"621" 1 0 -47.4166666666667 -17.75 164.666465292539 29.5532493591309 322 8
"622" 3 0 -45.5833333333333 -22.4166666666667 261.14444630047 29.9540004730225 265 23
"623" 3 0 -53.4166666666667 -24.9166666666667 310.17730359141 27.9790000915527 212 91
"624" 3 0 -46.0833333333333 -18.25 152.795947161798 29.9085006713867 276 7
"625" 2 0 -43.25 -22.0833333333333 229.72346942066 29.9039993286133 251 26
"626" 3 0 -55.75 -31.4166666666667 457.278861560325 29.9132499694824 129 91
"627" 3 0 -42.25 -20.0833333333333 226.048096790686 29.9039993286133 236 16
"628" 3 0 -45.25 -16.25 179.864913363988 33.0537490844727 214 3
"629" 3 0 -42.9166666666667 -19.4166666666667 222.213756559229 28.5284996032715 314 14
"630" 2 0 -49.25 -26.0833333333333 307.693502165342 25.2352504730225 184 82
"631" 2 0 -44.5833333333333 -19.5833333333333 205.50983053586 31.1282501220703 284 10
"632" 2 0 -50.4166666666667 -22.75 273.059319096466 30.789249420166 187 42
"633" 2 0 -47.4166666666667 -18.4166666666667 173.030157613048 29.5357494354248 311 5
"634" 3 0 -55.4166666666667 -29.5833333333333 422.650563729854 30.6857509613037 171 116
"635" 1 0 -50.5833333333333 -27.0833333333333 328.175894640015 25.2679996490479 166 93
"636" 2 0 -45.25 -20.9166666666667 231.544850945425 29.84375 297 21
"637" 1 0 -47.4166666666667 -16.75 160.359776355831 29.2572498321533 303 8
"638" 1 0 -39.9166666666667 -14.5833333333333 151.993075221426 28.6692504882812 146 45
"639" 3 0 -38.75 -8.75 173.11569964537 32.9857482910156 109 3
"640" 3 0 -56.75 -26.0833333333333 366.896379903236 31.4152507781982 155 70
"641" 2 0 -54.4166666666667 -29.75 408.950749784358 30.11549949646 157 126
"642" 1 0 -48.0833333333333 -18.0833333333333 167.038619697908 30.6342506408691 283 10
"643" 3 0 -43.9166666666667 -20.4166666666667 195.604051144223 27.5537490844727 304 13
"644" 1 0 -53.5833333333333 -31.25 420.140705710825 28.6380004882812 144 100
"645" 1 0 -53.75 -33.4166666666667 426.838249583098 27.2467498779297 129 91
"646" 3 0 -40.0833333333333 -16.75 165.206033709756 29.6377506256104 123 50
"647" 1 0 -44.0833333333333 -19.5833333333333 192.353031766939 30.5189990997314 281 12
"648" 3 0 -49.75 -25.5833333333333 298.651123852565 26.3632507324219 168 73
"649" 2 0 -51.0833333333333 -19.0833333333333 179.135884877208 32.2077484130859 282 18
"650" 1 0 -54.75 -29.4166666666667 401.018650243891 29.7115001678467 163 131
"651" 2 0 -50.25 -25.9166666666667 321.419516450166 26.6867504119873 181 73
"652" 2 0 -44.4166666666667 -17.25 182.762117712538 31.5912494659424 218 4
"653" 2 0 -40.5833333333333 -10.5833333333333 159.508855581797 29.2367496490479 97 10
"654" 3 0 -35.25 -7.75 127.341334204085 31.0677509307861 197 23
"655" 3 0 -41.0833333333333 -6.75 99.8986785533247 32.047248840332 191 1
"656" 2 0 -42.9166666666667 -10.25 88.3472183798507 33.914249420166 132 0
"657" 2 0 -37.0833333333333 -10.25 175.724475974202 31.0370006561279 141 23
"658" 3 0 -55.5833333333333 -27.4166666666667 388.887409634207 31.628999710083 181 103
"659" 1 0 -38.9166666666667 -5.08333333333333 63.5001212351276 33.5779991149902 192 2
"660" 1 0 -52.9166666666667 -20.5833333333333 216.570103869628 31.9954986572266 217 30
"661" 2 0 -45.0833333333333 -15.25 147.759843493479 31.746000289917 265 3
"662" 1 0 -56.5833333333333 -31.75 482.501753462153 30.4270000457764 136 81
"663" 3 0 -56.25 -30.0833333333333 449.829792966284 30.5520000457764 162 94
"664" 2 0 -54.75 -26.0833333333333 379.090643820456 31.2967491149902 173 95
"665" 3 0 -48.4166666666667 -24.25 300.714305949575 26.7767505645752 205 49
"666" 3 0 -38.75 -12.0833333333333 160.121775113874 29.2832508087158 129 50
"667" 1 0 -42.9166666666667 -15.9166666666667 173.164384748183 29.4705009460449 211 3
"668" 1 0 -42.0833333333333 -8.25 102.928931776731 34.955249786377 160 1
"669" 3 0 -42.75 -8.08333333333333 97.861730975663 34.8655014038086 161 2
"670" 3 0 -39.4166666666667 -16.75 155.925846811085 30.2294998168945 147 73
"671" 1 0 -36.5833333333333 -6.25 94.701807166087 31.9634990692139 151 3
"672" 3 0 -54.9166666666667 -25.0833333333333 347.675470106485 31.138500213623 200 90
"673" 2 0 -54.9166666666667 -32.75 461.610578351334 28.6552505493164 120 96
"674" 2 0 -48.25 -16.5833333333333 138.872648950716 29.0172500610352 294 8
"675" 3 0 -42.25 -8.58333333333333 102.43798156335 34.3450012207031 141 1
"676" 1 0 -51.9166666666667 -19.75 201.106853011609 31.50950050354 266 22
"677" 3 0 -52.75 -30.9166666666667 415.401536623226 28.2487506866455 142 96
"678" 1 0 -50.0833333333333 -20.4166666666667 216.785477727643 31.8232498168945 221 17
"679" 3 0 -43.0833333333333 -18.4166666666667 228.689994756674 29.1714992523193 281 11
"680" 2 0 -43.75 -18.0833333333333 173.22481636135 26.664249420166 269 8
"681" 3 0 -50.5833333333333 -25.4166666666667 308.028989770788 26.8677501678467 169 75
"682" 3 0 -52.9166666666667 -21.9166666666667 242.731257606358 31.3617496490479 168 29
"683" 2 0 -46.5833333333333 -17.9166666666667 160.288882636797 31.7019996643066 290 7
"684" 3 0 -38.0833333333333 -10.25 183.027551475671 30.9855003356934 77 15
"685" 1 0 -58.0833333333333 -30.25 466.541645843489 32.0144996643066 154 58
"686" 2 0 -34.75 -7.41666666666666 104.083944159859 30.2671642303467 293 44
"687" 1 0 -48.9166666666667 -19.25 188.337129626541 31.3227500915527 279 16
"688" 3 0 -45.75 -15.4166666666667 138.939396086234 30.2087497711182 367 3
"689" 3 0 -36.25 -6.08333333333333 109.774067786952 30.3392505645752 148 3
"690" 3 0 -55.0833333333333 -23.4166666666667 306.351910698759 31.4559993743896 196 69
"691" 2 0 -46.25 -22.4166666666667 239.444051963749 27.4309997558594 294 29
"692" 2 0 -37.4166666666667 -4.75 66.6105219173099 32.7690277099609 241 3
"693" 3 0 -40.9166666666667 -19.75 199.197033238402 30.3355007171631 200 35
"694" 1 0 -41.75 -8.91666666666666 103.810398756983 34.1277503967285 122 0
"695" 1 0 -42.5833333333333 -19.9166666666667 215.071335385718 32.3465003967285 244 11
"696" 1 0 -40.25 -13.5833333333333 154.814933239284 25.8307495117188 118 26
"697" 1 0 -45.25 -14.5833333333333 127.783323777957 30.5839996337891 267 2
"698" 1 0 -48.0833333333333 -24.25 290.904281249348 29.3505001068115 215 53
"699" 1 0 -43.25 -20.4166666666667 225.143289792438 30.0820007324219 274 15
"700" 3 0 -44.9166666666667 -20.25 219.137901654134 30.5305004119873 297 14
"701" 2 0 -49.4166666666667 -25.4166666666667 289.590609759039 26.2935009002686 209 77
"702" 3 0 -44.4166666666667 -19.9166666666667 196.263358644521 30.2905006408691 326 14
"703" 2 0 -41.5833333333333 -5.41666666666666 96.0701577839659 33.4797515869141 270 3
"704" 1 0 -50.75 -27.25 335.164272598968 25.8819999694824 167 100
"705" 1 0 -41.4166666666667 -17.5833333333333 189.194478443735 31.4025001525879 175 19
"706" 2 0 -55.4166666666667 -24.0833333333333 317.398851228897 31.4462509155273 189 77
"707" 3 0 -42.9166666666667 -8.58333333333333 91.8730842354149 33.6269989013672 152 2
"708" 1 0 -35.25 -7.25 121.996650904962 31.4942493438721 157 22
"709" 3 0 -49.25 -28.4166666666667 317.858180409056 28.7502498626709 181 81
"710" 2 0 -41.5833333333333 -14.0833333333333 138.18234364578 30.5797500610352 119 3
"711" 1 0 -40.0833333333333 -8.58333333333333 152.332211821928 32.0947494506836 125 3
"712" 2 0 -41.25 -17.9166666666667 186.526047868289 31.0769996643066 180 23
"713" 1 0 -45.9166666666667 -20.9166666666667 233.477867296248 29.1275005340576 286 20
"714" 3 0 -37.0833333333333 -7.41666666666666 142.493716750575 29.1207504272461 156 4
"715" 1 0 -49.0833333333333 -28.75 316.012929382362 29.2520961761475 161 84
"716" 3 0 -50.5833333333333 -26.5833333333333 325.573859240203 25.3887500762939 164 86
"717" 2 0 -46.0833333333333 -23.4166666666667 245.057701450086 26.8427505493164 235 43
"718" 2 0 -48.0833333333333 -19.0833333333333 149.835900792501 29.1177501678467 309 13
"719" 3 0 -35.75 -7.41666666666666 134.07481438156 30.4214992523193 119 12
"720" 3 0 -56.4166666666667 -26.5833333333333 381.526598096352 32.1327514648438 164 71
"721" 1 0 -48.9166666666667 -24.5833333333333 324.173867572926 29.0647506713867 179 59
"722" 1 0 -55.4166666666667 -27.0833333333333 382.086455332966 31.9375 162 98
"723" 2 0 -49.4166666666667 -24.9166666666667 309.943741589963 29.5557498931885 158 66
"724" 2 0 -43.4166666666667 -14.4166666666667 130.576660582199 32.1797485351562 165 1
"725" 3 0 -41.75 -16.9166666666667 174.884508631216 29.7115001678467 178 9
"726" 2 0 -40.9166666666667 -5.58333333333333 89.2634010163632 30.1722507476807 238 6
"727" 2 0 -53.4166666666667 -22.75 266.163425167108 31.6432495117188 183 35
"728" 1 0 -47.25 -18.9166666666667 171.322268652391 27.6545009613037 324 8
"729" 3 0 -45.75 -23.4166666666667 251.842408749272 26.8754997253418 240 38
"730" 1 0 -41.9166666666667 -14.75 153.501590118897 28.4047508239746 119 1
"731" 1 0 -45.25 -16.9166666666667 183.922824057453 32.9412498474121 221 5
"732" 1 0 -47.4166666666667 -18.0833333333333 171.184994566944 30.0865001678467 312 7
"733" 3 0 -39.5833333333333 -14.4166666666667 144.705194229457 28.4740009307861 136 74
"734" 3 0 -40.9166666666667 -15.9166666666667 167.651133336216 28.6979999542236 142 21
"735" 1 0 -41.25 -10.4166666666667 140.291982901666 29.2310009002686 94 5
"736" 2 0 -52.4166666666667 -27.4166666666667 346.383324436627 27.8605003356934 192 127
"737" 2 0 -41.75 -13.75 130.849098057028 30.1577491760254 131 4
"738" 2 0 -55.75 -24.75 339.859454496687 31.7870006561279 188 83
"739" 1 0 -46.25 -18.0833333333333 151.552028005039 30.4642505645752 280 6
"740" 1 0 -47.75 -22.25 234.088006278188 28.5617504119873 251 24
"741" 2 0 -52.25 -30.5833333333333 401.546942225521 27.7385005950928 137 102
"742" 1 0 -52.9166666666667 -29.9166666666667 404.30630356861 29.4950008392334 148 100
"743" 2 0 -45.4166666666667 -16.4166666666667 178.857474865241 32.9597511291504 217 4
"744" 1 0 -51.9166666666667 -19.5833333333333 194.430057851534 31.3642501831055 273 22
"745" 2 0 -56.9166666666667 -30.75 471.311001842991 30.9734992980957 159 77
"746" 2 0 -53.9166666666667 -22.4166666666667 254.789858655896 31.0157508850098 238 29
"747" 1 0 -36.25 -7.58333333333333 137.420868771887 29.5820007324219 96 4
"748" 3 0 -40.4166666666667 -6.75 103.398653826679 31.9409999847412 162 3
"749" 3 0 -54.25 -28.0833333333333 385.180567690854 30.6917495727539 189 136
"750" 2 0 -46.9166666666667 -20.4166666666667 213.398840663053 29.2992496490479 286 13
"751" 3 0 -55.5833333333333 -34.75 441.038747300947 26.7514381408691 102 74
"752" 3 0 -50.5833333333333 -26.25 335.416359391177 26.9047508239746 162 84
"753" 3 0 -42.25 -17.25 173.163366027536 31.1277503967285 198 6
"754" 2 0 -54.0833333333333 -30.4166666666667 416.005798280991 29.5685005187988 148 114
"755" 1 0 -42.4166666666667 -16.75 172.333895440275 31.44700050354 199 5
"756" 1 0 -38.75 -4.41666666666666 58.5786299403028 32.104248046875 236 5
"757" 2 0 -44.25 -16.0833333333333 152.306298519334 30.382999420166 230 4
"758" 3 0 -48.25 -17.5833333333333 175.685188510689 30.8419990539551 298 9
"759" 1 0 -46.75 -18.9166666666667 167.457081131205 28.2954998016357 316 11
"760" 2 0 -57.25 -32.5833333333333 486.117391741369 30.3120002746582 142 80
"761" 1 0 -41.9166666666667 -6.58333333333333 100.279631426228 32.9467506408691 224 2
"762" 3 0 -41.9166666666667 -11.0833333333333 124.017777932648 31.2647495269775 106 1
"763" 2 0 -39.0833333333333 -14.25 130.823149058451 28.9467506408691 223 130
"764" 1 0 -43.25 -14.25 131.318926453151 32.0892486572266 154 1
"765" 3 0 -51.4166666666667 -27.0833333333333 340.68240153496 27.1270008087158 191 100
"766" 2 0 -40.0833333333333 -14.0833333333333 151.065881898723 26.7802505493164 123 38
"767" 3 0 -55.0833333333333 -28.25 397.555521297951 31.3675003051758 184 133
"768" 1 0 -38.0833333333333 -5.58333333333333 87.3113911994603 33.505500793457 211 2
"769" 2 0 -41.25 -6.58333333333333 99.1615287862418 32.7084999084473 207 1
"770" 1 0 -38.9166666666667 -15.75 159.937231731317 29.8303031921387 176 113
"771" 3 0 -51.0833333333333 -28.5833333333333 322.365322842403 25.6177501678467 181 116
"772" 1 0 -41.75 -11.4166666666667 130.402278607531 29.679500579834 109 1
"773" 3 0 -42.0833333333333 -20.75 233.749530495031 29.4362506866455 229 20
"774" 2 0 -46.0833333333333 -15.5833333333333 146.814950637246 31.2590007781982 321 4
"775" 2 0 -37.75 -9.58333333333333 192.060188065796 32.0082511901855 73 10
"776" 2 0 -55.75 -24.5833333333333 341.205929683904 32.2592506408691 183 84
"777" 1 0 -53.9166666666667 -24.25 318.549869489643 30.6497497558594 178 71
"778" 3 0 -43.75 -18.75 200.449516951542 27.3802490234375 288 12
"779" 3 0 -39.5833333333333 -14.5833333333333 144.918481254058 28.1132507324219 132 72
"780" 3 0 -52.75 -32.0833333333333 411.777401176467 28.4039993286133 130 79
"781" 2 0 -45.0833333333333 -18.0833333333333 183.305487359211 31.4409999847412 235 6
"782" 1 0 -40.4166666666667 -5.08333333333333 84.9839688209451 32.0834999084473 201 2
"783" 1 0 -50.75 -24.9166666666667 294.363164753755 27.0715007781982 165 79
"784" 3 0 -47.5833333333333 -23.25 242.704833039476 28.3910007476807 211 30
"785" 3 0 -55.0833333333333 -22.5833333333333 279.190773360583 30.5464992523193 188 50
"786" 3 0 -56.0833333333333 -27.0833333333333 390.326957413018 32.1149978637695 186 89
"787" 3 0 -41.0833333333333 -6.58333333333333 99.3862959387937 31.9230003356934 200 1
"788" 1 0 -40.75 -9.75 139.56724632531 32.4237518310547 96 1
"789" 2 0 -54.0833333333333 -26.5833333333333 364.330049653385 28.9942493438721 186 121
"790" 3 0 -37.4166666666667 -5.58333333333333 97.1810045044778 33.7639999389648 205 4
"791" 2 0 -42.0833333333333 -18.9166666666667 188.620160134986 32.8692512512207 219 15
"792" 1 0 -53.75 -31.0833333333333 416.881272326325 28.8400001525879 147 105
"793" 2 0 -56.4166666666667 -33.5833333333333 491.812006086789 29.8827495574951 127 91
"794" 1 0 -41.5833333333333 -14.4166666666667 146.531580712599 29.8080005645752 104 3
"795" 1 0 -45.9166666666667 -23.75 245.406806862902 29.0760955810547 333 106
"796" 1 0 -43.9166666666667 -14.5833333333333 134.012863915407 32.411750793457 186 1
"797" 2 0 -52.5833333333333 -30.9166666666667 414.400280371646 28.5949993133545 143 94
"798" 2 0 -55.75 -34.0833333333333 469.157841958218 28.5340003967285 114 92
"799" 1 0 -48.25 -17.75 178.83190978929 31.1817493438721 296 9
"800" 1 0 -38.25 -9.91666666666666 186.832806635641 31.0202503204346 83 17
"801" 1 0 -51.9166666666667 -19.4166666666667 187.408391946781 31.2000007629395 278 21
"802" 2 0 -41.0833333333333 -15.75 163.659079009666 27.6159992218018 136 16
"803" 3 0 -55.9166666666667 -28.9166666666667 421.556758004019 31.4722499847412 174 95
"804" 1 0 -48.25 -24.4166666666667 300.522446895058 29.3939990997314 216 52
"805" 3 0 -56.4166666666667 -29.75 449.111170078573 31.1362495422363 167 87
"806" 2 0 -41.4166666666667 -21.4166666666667 212.643407090021 32.0082511901855 185 25
"807" 3 0 -37.5833333333333 -6.41666666666666 102.709756717814 33.3562507629395 221 3
"808" 3 0 -44.25 -13.75 116.060554199671 30.4312496185303 204 0
"809" 2 0 -46.5833333333333 -23.0833333333333 236.613043891437 26.9685001373291 234 29
"810" 1 0 -46.25 -20.9166666666667 231.665651558546 29.2145004272461 279 18
"811" 1 0 -45.4166666666667 -19.4166666666667 212.950836095482 31.8699989318848 271 10
"812" 2 0 -36.75 -6.25 95.5328561976667 32.7775001525879 176 3
"813" 2 0 -41.75 -15.9166666666667 174.501069698034 28.371000289917 180 6
"814" 1 0 -36.0833333333333 -6.08333333333333 116.520209064001 30.7102508544922 133 2
"815" 3 0 -50.5833333333333 -24.4166666666667 294.884606729862 28.1722507476807 156 71
"816" 1 0 -50.0833333333333 -23.5833333333333 286.397272751648 30.4629993438721 162 65
"817" 1 0 -42.0833333333333 -13.5833333333333 124.019476825724 28.7560005187988 154 4
"818" 3 0 -38.75 -3.91666666666666 60.1936245388581 30.8232498168945 283 10
"819" 3 0 -40.4166666666667 -4.41666666666666 74.2155043200281 33.1522483825684 244 1
"820" 1 0 -42.25 -17.5833333333333 183.35888949247 28.3299999237061 221 9
"821" 2 0 -45.25 -19.4166666666667 208.005187742429 31.6054992675781 259 10
"822" 3 0 -48.25 -25.0833333333333 297.949003109199 28.4650001525879 288 71
"823" 2 0 -42.75 -13.0833333333333 106.967113755301 29.894250869751 161 1
"824" 2 0 -38.0833333333333 -8.41666666666666 190.444274532807 31.1324996948242 138 3
"825" 3 0 -39.5833333333333 -17.0833333333333 161.014091779068 30.7320003509521 145 62
"826" 2 0 -38.9166666666667 -6.91666666666666 112.617360708312 33.4910011291504 238 5
"827" 1 0 -56.5833333333333 -34.25 481.341505654867 28.8034992218018 124 84
"828" 1 0 -49.4166666666667 -19.5833333333333 192.774007466077 32.2272491455078 264 15
"829" 1 0 -51.4166666666667 -23.25 264.253391003629 28.7684993743896 189 52
"830" 3 0 -54.75 -31.4166666666667 443.943892718065 29.6569995880127 131 106
"831" 2 0 -54.9166666666667 -30.9166666666667 437.017612119347 29.7657489776611 137 110
"832" 1 0 -37.25 -7.41666666666666 148.272901523191 28.8892498016357 166 5
"833" 3 0 -51.5833333333333 -24.9166666666667 285.490549760016 26.2859992980957 213 91
"834" 3 0 -54.4166666666667 -28.4166666666667 391.868660095849 30.6862506866455 187 139
"835" 2 0 -43.5833333333333 -20.5833333333333 208.748745700572 26.9527492523193 291 15
"836" 2 0 -37.5833333333333 -6.75 108.011221209518 33.0595016479492 201 2
"837" 1 0 -49.0833333333333 -21.25 216.895260883953 31.4330005645752 229 20
"838" 1 0 -46.0833333333333 -17.5833333333333 151.581101946962 31.8274993896484 258 5
"839" 2 0 -55.75 -33.4166666666667 479.18294600682 29.3740005493164 116 94
"840" 3 0 -37.9166666666667 -8.91666666666666 197.216637660959 30.7625007629395 105 12
"841" 2 0 -54.9166666666667 -22.5833333333333 279.087664668853 30.5532493591309 190 49
"842" 1 0 -52.25 -21.0833333333333 241.580186951968 31.80299949646 187 26
"843" 1 0 -42.25 -10.4166666666667 103.072972007295 34.320499420166 122 1
"844" 1 0 -56.5833333333333 -26.5833333333333 383.654789530663 32.1867523193359 164 70
"845" 3 0 -52.4166666666667 -22.9166666666667 267.431856369689 30.4802494049072 158 46
"846" 2 0 -52.0833333333333 -26.5833333333333 321.781653788587 26.1087493896484 209 115
"847" 1 0 -40.4166666666667 -8.91666666666666 140.338116852827 33.1604995727539 131 2
"848" 3 0 -42.4166666666667 -8.58333333333333 100.687559291231 34.5527496337891 143 1
"849" 3 0 -53.4166666666667 -26.0833333333333 337.569773240302 28.4937496185303 215 113
"850" 1 0 -51.0833333333333 -25.5833333333333 290.508545538921 25.0482501983643 182 94
"851" 1 0 -52.0833333333333 -23.5833333333333 299.304689176767 29.2565002441406 168 54
"852" 3 0 -56.5833333333333 -31.9166666666667 482.956992289902 30.1744995117188 135 81
"853" 2 0 -51.25 -26.25 332.612223598858 26.3964996337891 168 112
"854" 1 0 -47.5833333333333 -23.4166666666667 243.757684181851 27.714750289917 213 32
"855" 3 0 -53.5833333333333 -22.25 249.580614478797 31.6490001678467 207 28
"856" 2 0 -53.25 -31.9166666666667 416.791925573307 28.2164993286133 134 87
"857" 2 0 -54.25 -31.75 440.837491589181 29.4447498321533 129 96
"858" 3 0 -39.25 -11.9166666666667 165.154054948671 30.4747505187988 75 28
"859" 1 0 -49.25 -17.9166666666667 147.58737092115 30.1847496032715 283 12
"860" 3 0 -54.75 -23.9166666666667 315.287847411434 31.3624992370605 191 68
"861" 2 0 -41.75 -15.25 164.182476531163 27.9342498779297 161 5
"862" 1 0 -53.4166666666667 -27.75 377.029711815306 29.7707500457764 194 132
"863" 2 0 -40.5833333333333 -18.0833333333333 182.69867411464 31.7217502593994 174 33
"864" 1 0 -39.9166666666667 -12.9166666666667 148.731318328409 26.7447490692139 98 16
"865" 2 0 -50.4166666666667 -22.9166666666667 276.05294802218 31.1200008392334 175 45
"866" 3 0 -40.75 -15.5833333333333 163.787898795646 27.4780006408691 163 28
"867" 3 0 -54.4166666666667 -33.5833333333333 441.88434869288 28.0370006561279 128 96
"868" 2 0 -48.5833333333333 -26.25 292.766165983981 28.6477279663086 272 84
"869" 3 0 -50.25 -29.4166666666667 311.130864042015 24.3215007781982 185 126
"870" 1 0 -51.0833333333333 -24.5833333333333 293.447443473544 27.7814998626709 175 82
"871" 2 0 -55.75 -28.0833333333333 402.372222264558 31.8052501678467 182 99
"872" 2 0 -52.75 -22.25 249.953890509852 31.5224990844727 156 32
"873" 1 0 -47.4166666666667 -24.75 285.646740062194 30.2218742370605 257 91
"874" 3 0 -38.9166666666667 -9.91666666666666 187.038804166857 31.4755001068115 88 9
"875" 3 0 -35.75 -6.08333333333333 121.311826742975 31.2355003356934 121 4
"876" 3 0 -39.9166666666667 -10.75 172.996402067698 32.0222511291504 94 19
"877" 2 0 -51.0833333333333 -27.4166666666667 329.931057644948 25.7304992675781 179 103
"878" 2 0 -47.25 -16.0833333333333 148.59220379709 29.5622501373291 268 6
"879" 1 0 -46.75 -16.75 171.547302044226 31.984748840332 263 8
"880" 1 0 -40.4166666666667 -7.08333333333333 107.633702638445 32.7862510681152 165 2
"881" 2 0 -42.5833333333333 -7.75 99.2678464859208 34.6822509765625 166 1
"882" 1 0 -51.4166666666667 -24.25 299.39442645794 29.2952499389648 196 76
"883" 1 0 -54.25 -30.25 417.380563880647 30.1180000305176 149 120
"884" 1 0 -44.5833333333333 -15.5833333333333 146.384903690681 32.4097480773926 219 2
"885" 2 0 -36.9166666666667 -9.25 178.475645448832 31.0615005493164 101 15
"886" 2 0 -52.5833333333333 -31.25 405.706092379423 27.2430000305176 143 91
"887" 3 0 -39.0833333333333 -12.4166666666667 158.442181223335 29.4902496337891 109 48
"888" 3 0 -44.5833333333333 -17.5833333333333 183.417711141807 31.4382495880127 208 4
"889" 2 0 -55.25 -25.9166666666667 366.792276689363 31.5797500610352 198 99
"890" 3 0 -35.9166666666667 -6.58333333333333 130.979696154835 29.3880004882812 133 6
"891" 1 0 -36.4166666666667 -5.41666666666666 110.834870752965 31.8727493286133 149 1
"892" 3 0 -45.4166666666667 -20.75 232.252840098525 30.0252494812012 289 19
"893" 1 0 -39.5833333333333 -18.0833333333333 171.141727765187 30.687629699707 190 85
"894" 1 0 -56.0833333333333 -24.4166666666667 341.025190252933 32.7169990539551 179 69
"895" 1 0 -45.9166666666667 -17.75 150.933543417059 30.9167499542236 257 6
"896" 3 0 -56.9166666666667 -26.25 379.460257388594 32.2374992370605 154 71
"897" 3 0 -40.0833333333333 -12.5833333333333 154.26832466307 29.6282501220703 94 15
"898" 2 0 -46.0833333333333 -19.4166666666667 195.169331096949 28.4349994659424 298 16
"899" 3 0 -35.9166666666667 -7.08333333333333 137.789351515485 28.142749786377 130 12
"900" 2 0 -50.25 -18.4166666666667 153.063055505958 32.0182495117188 272 14
"901" 2 0 -46.4166666666667 -23.25 235.205242660763 25.7072505950928 239 30
"902" 2 0 -49.4166666666667 -22.4166666666667 247.144784843846 30.648250579834 201 32
"903" 3 0 -46.9166666666667 -22.25 236.296492031902 29.6367492675781 253 21
"904" 2 0 -56.4166666666667 -29.9166666666667 451.965677632342 30.9029998779297 164 88
"905" 3 0 -37.75 -8.58333333333333 192.367661395461 29.9330005645752 133 7
"906" 1 0 -41.25 -9.75 117.811268742683 33.7517509460449 106 0
"907" 2 0 -51.75 -21.75 252.267864562678 31.7140007019043 186 31
"908" 3 0 -55.9166666666667 -29.25 427.503150967252 31.3107490539551 175 98
"909" 3 0 -42.0833333333333 -21.5833333333333 248.903801779154 32.0400009155273 223 18
"910" 2 0 -43.0833333333333 -21.4166666666667 226.000181560914 30.6702499389648 255 13
"911" 2 0 -36.5833333333333 -7.58333333333333 137.175394809974 29.6040000915527 118 4
"912" 1 0 -54.5833333333333 -21.0833333333333 208.463603544493 30.7590007781982 209 41
"913" 2 0 -44.25 -18.75 217.009762437013 31.9332504272461 250 6
"914" 2 0 -56.75 -33.25 492.94363206284 30.3810005187988 132 88
"915" 3 0 -40.75 -5.41666666666666 93.7366756367758 32.5924987792969 236 4
"916" 3 0 -39.25 -14.0833333333333 134.018953275162 28.0750007629395 200 123
"917" 1 0 -40.4166666666667 -7.58333333333333 115.791294572531 30.8917503356934 183 4
"918" 2 0 -57.9166666666667 -28.4166666666667 434.433397191693 31.6352500915527 155 57
"919" 3 0 -52.25 -23.9166666666667 288.552017989069 29.2957496643066 179 69
"920" 1 0 -49.4166666666667 -25.25 289.507492904973 26.7432498931885 218 78
"921" 2 0 -39.75 -11.75 168.708222807367 30.5284996032715 69 15
"922" 1 0 -40.5833333333333 -10.25 155.797938274846 30.6525001525879 74 4
"923" 3 0 -54.4166666666667 -28.0833333333333 388.087968259721 30.7002506256104 188 136
"924" 2 0 -39.0833333333333 -4.08333333333333 63.2684451182008 31.9055004119873 205 3
"925" 1 0 -37.9166666666667 -5.75 100.990623336797 33.671501159668 212 3
"926" 2 0 -37.0833333333333 -7.08333333333333 109.077451525683 31.4437503814697 181 1
"927" 1 0 -53.9166666666667 -32.9166666666667 440.273520269728 28.3042488098145 132 92
"928" 3 0 -45.9166666666667 -17.5833333333333 154.82266178435 31.8422508239746 250 5
"929" 3 0 -41.4166666666667 -6.41666666666666 98.2746663092306 32.783748626709 206 1
"930" 1 0 -50.4166666666667 -20.5833333333333 233.281399018442 31.8077507019043 219 16
"931" 3 0 -51.75 -22.5833333333333 255.205445559512 31.4990005493164 177 42
"932" 3 0 -39.0833333333333 -4.41666666666666 64.7271023497903 30.4292507171631 237 9
"933" 3 0 -37.4166666666667 -9.25 194.377841756308 31.0127506256104 94 12
"934" 1 0 -40.25 -17.4166666666667 177.263921972551 31.7427501678467 159 37
"935" 3 0 -52.5833333333333 -27.25 351.513251390312 28.394250869751 197 126
"936" 3 0 -50.25 -23.75 281.316069582622 29.6457500457764 177 63
"937" 1 0 -54.4166666666667 -24.9166666666667 345.500650221801 30.3972492218018 204 90
"938" 3 0 -57.25 -29.5833333333333 456.600594739223 31.2957496643066 181 68
"939" 1 0 -39.25 -6.58333333333333 114.463327457651 33.484001159668 253 8
"940" 1 0 -52.5833333333333 -32.25 407.783755975132 27.8519992828369 126 75
"941" 2 0 -52.25 -22.5833333333333 256.221782526893 31.2514991760254 161 40
"942" 2 0 -48.75 -19.0833333333333 187.306373207727 31.0227508544922 278 15
"943" 2 0 -56.75 -31.0833333333333 474.658737362408 30.8522491455078 147 80
"944" 3 0 -54.9166666666667 -25.4166666666667 355.414336301333 31.195499420166 205 93
"945" 2 0 -42.25 -16.9166666666667 170.968626720442 32.9412498474121 181 4
"946" 3 0 -45.25 -23.75 249.577470926729 28.1725196838379 310 92
"947" 1 0 -52.9166666666667 -21.75 240.046057004359 31.5322494506836 170 28
"948" 3 0 -34.75 -7.25 97.1367878081045 30.7658233642578 303 41
"949" 2 0 -49.4166666666667 -21.5833333333333 245.871748015598 31.4252490997314 218 21
"950" 1 0 -38.4166666666667 -8.91666666666666 179.818857526658 32.2682495117188 109 4
"951" 3 0 -43.4166666666667 -16.0833333333333 155.233949577088 31.2297496795654 203 2
"952" 1 0 -55.4166666666667 -25.9166666666667 363.742212184586 31.4237499237061 200 94
"953" 2 0 -38.9166666666667 -15.4166666666667 155.472431600571 29.9837493896484 179 112
"954" 3 0 -53.25 -30.75 417.513602091913 28.6637496948242 140 105
"955" 3 0 -50.9166666666667 -20.9166666666667 250.317909326179 31.8395004272461 201 19
"956" 3 0 -39.0833333333333 -12.5833333333333 155.969922424954 28.838249206543 126 56
"957" 2 0 -46.9166666666667 -19.0833333333333 171.250011892364 27.4242496490479 330 11
"958" 3 0 -53.9166666666667 -20.9166666666667 206.006597191141 31.3689994812012 210 36
"959" 3 0 -43.5833333333333 -14.75 136.896702938907 32.388500213623 178 1
"960" 2 0 -41.5833333333333 -15.0833333333333 160.833781168692 27.9227504730225 154 5
"961" 1 0 -40.0833333333333 -9.58333333333333 170.705193884602 32.3387489318848 105 3
"962" 3 0 -48.75 -22.25 235.139663250347 30.6497497558594 214 24
"963" 3 0 -44.75 -20.9166666666667 214.710687684546 28.5949993133545 363 18
"964" 2 0 -55.0833333333333 -23.25 299.746889210708 31.3225002288818 196 65
"965" 2 0 -44.9166666666667 -16.9166666666667 188.567040852295 33.1987495422363 234 5
"966" 3 0 -47.9166666666667 -22.5833333333333 247.949260623089 29.3010005950928 244 26
"967" 3 0 -39.75 -14.0833333333333 145.685913489531 28.2032508850098 142 84
"968" 3 0 -45.9166666666667 -20.4166666666667 240.114949729807 30.3969993591309 291 18
"969" 2 0 -44.25 -18.0833333333333 196.787488634897 31.3904991149902 208 3
"970" 3 0 -42.5833333333333 -21.0833333333333 235.823302203127 29.6322498321533 248 18
"971" 3 0 -44.5833333333333 -21.75 232.598642841054 29.2212505340576 300 19
"972" 3 0 -56.9166666666667 -28.5833333333333 428.501520405028 31.5069999694824 162 74
"973" 2 0 -44.0833333333333 -16.5833333333333 158.545275806576 29.8794994354248 242 3
"974" 1 0 -41.9166666666667 -20.25 226.250082028564 29.5289993286133 223 21
"975" 3 0 -40.75 -13.25 140.640670938199 28.793249130249 118 11
"976" 1 0 -39.0833333333333 -3.58333333333333 59.1099626172303 31.8635005950928 279 3
"977" 2 0 -45.4166666666667 -22.4166666666667 267.606435559854 28.9605007171631 275 23
"978" 2 0 -50.4166666666667 -23.9166666666667 283.487111648386 29.1722507476807 183 64
"979" 3 0 -54.4166666666667 -25.0833333333333 348.657036866559 30.3972492218018 210 95
"980" 1 0 -41.0833333333333 -13.5833333333333 133.071741380428 28.4174995422363 142 12
"981" 2 0 -52.0833333333333 -25.0833333333333 293.569418680934 26.6142501831055 205 97
"982" 3 0 -40.25 -19.9166666666667 197.853499431759 31.222843170166 194 50
"983" 3 0 -37.9166666666667 -12.25 137.013742627915 29.5177936553955 295 75
"984" 3 0 -56.9166666666667 -29.5833333333333 450.134096596309 30.9642505645752 179 75
"985" 2 0 -38.0833333333333 -4.75 61.4498262323423 33.1672515869141 217 2
"986" 1 0 -36.9166666666667 -7.75 133.438766027455 30.2220001220703 155 7
"987" 3 0 -54.0833333333333 -28.75 383.128320287171 29.8777503967285 181 132
"988" 3 0 -40.25 -4.41666666666666 71.7092715350823 32.9090003967285 235 1
"989" 2 0 -37.5833333333333 -5.08333333333333 69.5922592924263 33.357250213623 219 1
"990" 1 0 -53.5833333333333 -24.4166666666667 318.020087583891 30.1959991455078 180 77
"991" 3 0 -40.75 -4.91666666666666 90.4915778349844 32.7537498474121 224 2
"992" 1 0 -49.5833333333333 -17.75 140.549280266306 30.9405002593994 283 12
"993" 2 0 -40.75 -13.75 138.773139088325 29.8442497253418 116 4
"994" 2 0 -54.75 -30.25 421.47851044131 29.9850006103516 150 117
"995" 3 0 -49.0833333333333 -18.75 185.062319543021 31.164249420166 276 13
"996" 2 0 -41.25 -21.0833333333333 214.320506552139 30.9657497406006 184 30
"997" 2 0 -56.5833333333333 -32.0833333333333 485.988749152322 30.4619998931885 133 82
"998" 2 0 -40.5833333333333 -4.91666666666666 84.9093666720479 32.4565010070801 232 2
"999" 2 0 -41.4166666666667 -12.0833333333333 145.826322823185 26.9502506256104 105 28
"1000" 1 0 -51.0833333333333 -24.75 303.904843775969 28.169750213623 177 81
"1001" 2 0 -53.0833333333333 -30.75 415.109541435865 28.3125 140 104
"1002" 3 0 -41.0833333333333 -10.0833333333333 138.047028899704 29.6742496490479 92 2
"1003" 2 0 -57.4166666666667 -32.75 491.479581044126 30.5685005187988 144 83
"1004" 2 0 -47.75 -17.75 169.253364723474 30.0844993591309 305 8
"1005" 1 0 -56.4166666666667 -25.4166666666667 359.852850868556 32.1842498779297 176 70
"1006" 3 0 -41.9166666666667 -5.08333333333333 105.732615116804 34.0955009460449 308 5
"1007" 3 0 -51.4166666666667 -23.0833333333333 265.859452813095 29.5834999084473 183 48
"1008" 1 0 -43.25 -21.75 215.249042249172 28.5419998168945 269 18
"1009" 2 0 -55.4166666666667 -33.9166666666667 456.458231966722 27.7992496490479 117 93
"1010" 3 0 -50.4166666666667 -25.5833333333333 310.515412088745 26.5485000610352 182 74
"1011" 1 0 -40.4166666666667 -17.0833333333333 178.062872942942 30.9907493591309 161 42
"1012" 1 0 -42.9166666666667 -16.5833333333333 175.170855606998 29.7797508239746 218 5
"1013" 1 0 -39.0833333333333 -14.9166666666667 137.598200556724 29.6292819976807 186 126
