"group.all" "pa" "lon" "lat" "bio4" "bio5" "bio13" "bio14"
"1" 2 1 -40.5166667 -19.95 1656 285 206 39
"2" 1 1 -39.9325 -19.1352777 1611 313 181 45
"3" 2 1 -44.5666667 -22.25 2064 234 318 23
"4" 3 1 -42.05 -22 2062 274 240 28
"6" 3 1 -42.5 -22.55 1975 303 177 34
"8" 1 1 -42.25 -22.5 1882 301 163 35
"11" 1 1 -42.0333333 -20.7666667 2010 290 233 20
"14" 2 1 -43.4183334 -22.5747223 2077 291 266 47
"15" 3 1 -48.8697223 -27.99 2853 250 217 92
"17" 1 1 -43.0002778 -22.7716667 2212 309 175 46
"18" 3 1 -43.2486111 -22.9688889 2018 297 171 52
"19" 2 1 -44.6794445 -23.0677778 2198 262 265 45
"22" 3 1 -43.8916667 -21.7 1936 262 289 17
"23" 1 1 -42.5494444 -22.5222223 2061 296 211 34
"24" 2 1 -40.525 -20.2677778 1678 290 199 42
"1100" 1 0 -45.4166666666667 -21.5833333333333 2289 286 270 19
"2100" 2 0 -42.4166666666667 -18.5833333333333 1928 287 277 15
"3100" 2 0 -46.25 -21.5833333333333 2140 275 279 22
"4100" 3 0 -41.9166666666667 -21.75 2256 302 213 22
"5" 3 0 -40.4166666666667 -17.4166666666667 1554 310 172 41
"6100" 3 0 -43.75 -19.9166666666667 1889 278 320 11
"7" 2 0 -49.0833333333333 -25.75 2803 250 201 80
"8100" 1 0 -51.25 -28.5833333333333 2955 268 188 128
"9" 1 0 -42.9166666666667 -22.9166666666667 2089 305 162 50
"10" 1 0 -49.4166666666667 -29.0833333333333 2936 280 143 82
"1110" 1 0 -50.9166666666667 -27.9166666666667 3049 262 167 119
"12" 3 0 -49.4166666666667 -27.25 2951 270 189 92
"13" 2 0 -47.5833333333333 -23.25 2333 278 210 31
"1410" 1 0 -40.25 -18.4166666666667 1510 312 172 41
"1510" 3 0 -43.5833333333333 -21.25 1914 272 286 19
"16" 2 0 -46.75 -24.0833333333333 2359 290 321 84
"1710" 2 0 -41.5833333333333 -18.5833333333333 1641 316 216 20
"1810" 1 0 -46.75 -22.0833333333333 2223 275 272 24
"1910" 3 0 -41.75 -20.9166666666667 1954 292 227 25
"20" 2 0 -49.75 -28.25 2555 228 176 112
"21" 1 0 -50.25 -29.4166666666667 2836 248 183 134
"2210" 1 0 -41.25 -17.4166666666667 1639 318 176 20
"2310" 2 0 -42.75 -18.0833333333333 1862 286 259 12
"2410" 3 0 -39.0833333333333 -17.75 1386 304 180 58
"25" 1 0 -46.5833333333333 -23.5833333333333 2186 259 224 35
"26" 1 0 -45.4166666666667 -21.0833333333333 2114 288 261 18
"27" 1 0 -51.9166666666667 -27.4166666666667 3113 289 200 118
"28" 2 0 -41.4166666666667 -20.4166666666667 1877 288 218 25
"29" 3 0 -49.5833333333333 -27.4166666666667 3049 280 183 88
"30" 2 0 -50.4166666666667 -26.75 3070 250 168 101
"31" 1 0 -50.0833333333333 -27.4166666666667 3067 264 166 92
"32" 1 0 -40.5833333333333 -19.25 1533 311 196 29
"33" 1 0 -44.75 -21.4166666666667 1938 272 320 14
"34" 2 0 -51.25 -28.4166666666667 2950 266 188 127
"35" 3 0 -46.0833333333333 -23.25 2276 264 226 27
"36" 3 0 -42.25 -21.0833333333333 2246 317 256 18
"37" 1 0 -45.9166666666667 -21.25 2169 288 270 23
"38" 1 0 -51.0833333333333 -28.9166666666667 2900 269 188 122
"39" 1 0 -44.4166666666667 -20.75 1913 272 321 15
"40" 3 0 -47.5833333333333 -23.9166666666667 2469 250 259 50
"41" 1 0 -50.5833333333333 -27.25 3043 250 168 106
"42" 1 0 -40.5833333333333 -17.4166666666667 1569 312 178 38
"43" 3 0 -50.5833333333333 -28.25 2935 260 161 112
"44" 1 0 -41.5833333333333 -18.9166666666667 1656 327 204 17
"45" 3 0 -39.75 -17.4166666666667 1428 307 136 56
"46" 1 0 -40.5833333333333 -20.9166666666667 1722 313 164 40
"47" 1 0 -40.0833333333333 -19.25 1628 314 185 37
"48" 2 0 -46.4166666666667 -23.5833333333333 2270 252 239 42
"49" 1 0 -51.4166666666667 -27.4166666666667 3149 268 186 114
"50" 1 0 -43.25 -18.25 1787 278 310 11
"51" 2 0 -50.4166666666667 -25.75 3110 270 180 72
"52" 1 0 -44.5833333333333 -23.4166666666667 2196 306 270 85
"53" 2 0 -46.0833333333333 -20.75 2111 283 292 18
"54" 1 0 -41.4166666666667 -16.9166666666667 1714 296 173 19
"55" 1 0 -50.25 -27.0833333333333 3093 264 168 92
"56" 2 0 -49.0833333333333 -27.75 2774 244 211 99
"57" 3 0 -42.9166666666667 -20.0833333333333 2103 291 242 13
"58" 2 0 -41.9166666666667 -19.75 1956 295 232 19
"59" 1 0 -44.0833333333333 -19.0833333333333 1814 301 249 7
"60" 1 0 -45.75 -22.4166666666667 2258 271 266 23
"61" 3 0 -44.0833333333333 -18.75 1933 302 253 6
"62" 2 0 -50.5833333333333 -26.0833333333333 3273 275 160 77
"63" 2 0 -41.0833333333333 -18.4166666666667 1550 302 194 29
"64" 2 0 -43.75 -22.5833333333333 2043 299 235 30
"65" 2 0 -50.75 -27.5833333333333 3086 260 163 115
"66" 3 0 -41.0833333333333 -22.0833333333333 1964 302 148 29
"67" 3 0 -50.4166666666667 -28.9166666666667 2795 254 178 129
"68" 3 0 -43.25 -18.75 2023 291 358 9
"69" 3 0 -41.0833333333333 -19.9166666666667 1774 317 209 25
"70" 1 0 -50.9166666666667 -27.4166666666667 3086 257 173 118
"71" 3 0 -46.25 -20.5833333333333 1976 270 296 17
"72" 2 0 -41.5833333333333 -16.9166666666667 1717 294 176 16
"73" 2 0 -50.0833333333333 -25.5833333333333 2997 269 191 76
"74" 1 0 -48.5833333333333 -26.5833333333333 2807 290 247 79
"75" 2 0 -45.25 -19.4166666666667 1783 305 288 10
"76" 1 0 -49.5833333333333 -28.9166666666667 2995 283 148 81
"77" 2 0 -46.9166666666667 -23.5833333333333 2261 256 246 44
"78" 3 0 -41.25 -21.9166666666667 1963 309 149 27
"79" 2 0 -46.0833333333333 -22.25 2138 270 267 22
"80" 2 0 -49.4166666666667 -26.9166666666667 2952 282 179 90
"81" 1 0 -40.4166666666667 -20.4166666666667 1667 317 181 48
"82" 2 0 -40.5833333333333 -16.4166666666667 1779 315 145 28
"83" 1 0 -41.9166666666667 -18.25 1698 316 235 14
"84" 3 0 -42.75 -22.25 2100 256 282 31
"85" 3 0 -44.25 -22.9166666666667 2161 285 250 37
"86" 3 0 -44.75 -22.0833333333333 2085 240 319 21
"87" 2 0 -44.4166666666667 -20.0833333333333 1879 289 306 9
"88" 1 0 -41.9166666666667 -18.4166666666667 1698 322 227 14
"89" 3 0 -41.4166666666667 -21.25 1917 314 195 24
"90" 3 0 -50.9166666666667 -26.5833333333333 3094 253 167 114
"91" 2 0 -46.9166666666667 -23.25 2262 257 229 32
"92" 2 0 -41.9166666666667 -17.0833333333333 1713 304 183 10
"93" 3 0 -48.75 -26.25 2787 290 260 79
"94" 3 0 -51.0833333333333 -29.0833333333333 2846 263 196 123
"95" 2 0 -46.5833333333333 -22.9166666666667 2246 257 244 31
"96" 1 0 -51.75 -28.0833333333333 3008 275 197 120
"97" 1 0 -46.75 -20.9166666666667 1843 260 275 16
"98" 2 0 -44.5833333333333 -19.75 1800 293 294 6
"99" 2 0 -44.25 -20.5833333333333 1892 273 310 15
"100" 3 0 -47.5833333333333 -22.25 2300 280 248 21
"101" 1 0 -45.0833333333333 -20.5833333333333 1927 280 307 11
"102" 3 0 -42.5833333333333 -19.75 2004 321 212 12
"103" 3 0 -49.0833333333333 -26.5833333333333 2868 289 206 81
"104" 1 0 -44.5833333333333 -21.0833333333333 1927 276 346 15
"105" 3 0 -50.0833333333333 -27.25 3127 276 167 88
"106" 2 0 -39.25 -18.0833333333333 1394 302 196 74
"107" 1 0 -45.75 -20.0833333333333 2136 299 267 9
"108" 3 0 -50.5833333333333 -27.0833333333333 3085 253 168 105
"109" 2 0 -45.5833333333333 -23.4166666666667 2219 253 241 34
"110" 3 0 -49.25 -27.0833333333333 2936 275 191 92
"111" 1 0 -45.0833333333333 -22.5833333333333 2280 273 273 23
"112" 1 0 -41.25 -19.9166666666667 1785 299 216 24
"113" 1 0 -50.25 -29.25 2795 244 189 137
"114" 3 0 -41.25 -19.4166666666667 1738 326 210 20
"115" 3 0 -49.9166666666667 -26.5833333333333 3123 277 165 82
"116" 2 0 -48.4166666666667 -25.25 3022 301 301 74
"117" 2 0 -40.9166666666667 -20.9166666666667 1767 317 169 34
"118" 2 0 -42.4166666666667 -19.4166666666667 1867 324 210 12
"119" 2 0 -48.4166666666667 -27.4166666666667 2692 281 199 75
"120" 2 0 -45.4166666666667 -22.75 2269 248 323 28
"121" 2 0 -41.9166666666667 -20.75 1975 288 231 21
"122" 1 0 -39.25 -16.4166666666667 1293 297 148 79
"123" 1 0 -45.75 -23.25 2238 260 226 25
"124" 2 0 -44.9166666666667 -22.25 2368 270 284 18
"125" 1 0 -46.25 -20.0833333333333 2069 286 279 8
"126" 2 0 -46.4166666666667 -20.25 1922 269 287 13
"127" 2 0 -42.75 -19.9166666666667 2071 311 221 12
"128" 3 0 -48.0833333333333 -25.4166666666667 2814 302 349 88
"129" 2 0 -49.5833333333333 -26.9166666666667 2983 273 177 89
"130" 2 0 -50.4166666666667 -25.5833333333333 3003 268 182 75
"131" 2 0 -41.25 -16.75 1718 294 172 22
"132" 3 0 -42.9166666666667 -21.0833333333333 2294 315 271 15
"133" 2 0 -47.25 -22.75 2381 281 234 25
"134" 1 0 -40.5833333333333 -20.5833333333333 1707 305 181 45
"135" 3 0 -45.4166666666667 -20.25 1989 287 283 16
"136" 1 0 -40.9166666666667 -20.25 1718 272 213 36
"137" 1 0 -47.0833333333333 -23.0833333333333 2340 270 214 25
"138" 2 0 -47.0833333333333 -24.25 2470 287 291 67
"139" 2 0 -51.0833333333333 -27.5833333333333 3115 264 174 112
"140" 1 0 -41.75 -22.0833333333333 2056 305 185 33
"141" 3 0 -44.9166666666667 -20.0833333333333 1951 296 294 6
"142" 1 0 -45.25 -19.5833333333333 1840 304 293 11
"143" 3 0 -41.0833333333333 -20.0833333333333 1768 299 211 28
"144" 3 0 -42.25 -17.5833333333333 1739 286 217 13
"145" 2 0 -46.25 -20.25 2130 287 273 10
"146" 3 0 -47.5833333333333 -22.9166666666667 2387 283 225 27
"147" 1 0 -42.9166666666667 -19.75 2064 290 271 12
"148" 1 0 -40.0833333333333 -17.5833333333333 1490 309 146 41
"149" 2 0 -40.4166666666667 -16.9166666666667 1630 299 154 47
"150" 3 0 -43.4166666666667 -21.75 1990 281 285 18
"151" 3 0 -41.5833333333333 -18.4166666666667 1647 317 220 19
"152" 3 0 -43.9166666666667 -18.5833333333333 1798 283 297 7
"153" 1 0 -42.75 -19.0833333333333 2019 303 283 12
"154" 2 0 -45.5833333333333 -22.75 2268 223 331 34
"155" 2 0 -50.5833333333333 -27.9166666666667 3073 260 154 112
"156" 2 0 -47.25 -22.5833333333333 2362 280 238 23
"157" 1 0 -41.5833333333333 -18.0833333333333 1638 310 226 20
"158" 3 0 -43.5833333333333 -18.75 1841 278 335 9
"159" 1 0 -39.9166666666667 -18.25 1501 309 170 60
"160" 3 0 -43.9166666666667 -22.75 2229 295 234 26
"161" 1 0 -50.75 -29.25 2896 256 197 137
"162" 2 0 -50.5833333333333 -27.4166666666667 3058 254 164 105
"163" 1 0 -47.25 -21.25 1853 269 273 18
"164" 3 0 -44.75 -22.25 2050 228 331 24
"165" 1 0 -46.75 -22.5833333333333 2229 263 273 27
"166" 3 0 -49.4166666666667 -28.75 3042 289 157 79
"167" 3 0 -50.5833333333333 -28.4166666666667 2867 258 165 114
"168" 1 0 -44.9166666666667 -22.4166666666667 2214 242 323 24
"169" 3 0 -46.0833333333333 -19.9166666666667 2111 294 285 5
"170" 2 0 -50.4166666666667 -29.0833333333333 2818 249 188 135
"171" 3 0 -40.9166666666667 -22.0833333333333 1943 300 148 29
"172" 3 0 -50.4166666666667 -26.0833333333333 3249 274 167 75
"173" 2 0 -44.4166666666667 -20.25 1879 282 303 11
"174" 2 0 -45.25 -20.75 1941 278 296 15
"175" 1 0 -49.25 -27.4166666666667 2926 264 201 92
"176" 1 0 -40.4166666666667 -17.5833333333333 1541 310 168 38
"177" 3 0 -43.25 -20.5833333333333 2132 287 235 12
"178" 3 0 -39.9166666666667 -17.75 1456 309 148 54
"179" 3 0 -44.9166666666667 -20.25 1961 294 293 7
"180" 3 0 -40.0833333333333 -16.9166666666667 1548 298 139 59
"181" 1 0 -49.5833333333333 -27.0833333333333 3043 287 175 88
"182" 2 0 -46.5833333333333 -22.75 2227 253 265 30
"183" 1 0 -47.25 -22.9166666666667 2389 278 223 29
"184" 2 0 -50.4166666666667 -28.75 2788 254 171 121
"185" 1 0 -46.0833333333333 -21.25 2146 283 272 22
"186" 3 0 -40.25 -16.5833333333333 1637 297 120 49
"187" 2 0 -50.75 -26.25 3407 279 157 90
"188" 2 0 -44.75 -23.4166666666667 2192 300 289 90
"189" 2 0 -43.9166666666667 -20.0833333333333 1874 270 333 12
"190" 2 0 -49.5833333333333 -27.25 3022 279 180 89
"191" 3 0 -42.25 -20.5833333333333 1968 279 236 18
"192" 1 0 -47.5833333333333 -23.4166666666667 2337 273 209 33
"193" 3 0 -40.25 -17.9166666666667 1501 311 160 39
"194" 3 0 -42.0833333333333 -20.25 1951 283 234 17
"195" 1 0 -44.25 -22.4166666666667 2262 294 258 17
"196" 1 0 -44.75 -19.25 1704 302 258 11
"197" 3 0 -51.25 -28.0833333333333 3004 263 184 123
"198" 2 0 -48.5833333333333 -27.4166666666667 2781 280 203 81
"199" 2 0 -41.25 -19.25 1679 325 208 20
"200" 2 0 -42.25 -18.4166666666667 1825 313 243 12
"201" 2 0 -40.75 -19.0833333333333 1540 315 195 26
"202" 1 0 -44.0833333333333 -22.9166666666667 2171 285 237 35
"203" 1 0 -46.0833333333333 -22.0833333333333 2152 259 289 24
"204" 2 0 -49.75 -25.9166666666667 3066 268 151 68
"205" 3 0 -46.25 -21.9166666666667 2160 263 295 25
"206" 3 0 -43.4166666666667 -21.25 2120 292 281 17
"207" 3 0 -41.5833333333333 -18.75 1642 321 209 19
"208" 1 0 -41.75 -19.9166666666667 1904 309 216 18
"209" 1 0 -40.9166666666667 -21.4166666666667 1770 294 160 26
"210" 1 0 -43.4166666666667 -20.9166666666667 2114 287 264 16
"211" 1 0 -40.0833333333333 -19.0833333333333 1578 313 182 39
"212" 3 0 -40.9166666666667 -19.25 1599 307 207 26
"213" 2 0 -49.4166666666667 -28.25 2979 279 187 85
"214" 1 0 -44.5833333333333 -20.0833333333333 1877 289 305 8
"215" 1 0 -41.9166666666667 -21.4166666666667 2157 310 231 19
"216" 2 0 -44.0833333333333 -21.4166666666667 1951 269 297 16
"217" 1 0 -50.5833333333333 -30.25 3490 285 146 96
"218" 3 0 -41.0833333333333 -20.9166666666667 1843 321 175 29
"219" 3 0 -41.0833333333333 -16.9166666666667 1710 303 171 24
"220" 2 0 -40.4166666666667 -20.25 1687 315 187 47
"221" 3 0 -43.4166666666667 -18.75 1980 291 354 8
"222" 1 0 -50.75 -30.25 3559 291 146 93
"223" 1 0 -40.4166666666667 -20.5833333333333 1692 315 174 47
"224" 3 0 -46.4166666666667 -23.75 2293 247 310 89
"225" 2 0 -45.4166666666667 -21.4166666666667 2232 284 269 20
"226" 3 0 -42.4166666666667 -21.4166666666667 2231 321 256 18
"227" 1 0 -49.5833333333333 -25.25 2842 272 192 72
"228" 3 0 -48.9166666666667 -25.25 2867 258 227 80
"229" 2 0 -49.5833333333333 -26.25 3002 265 168 79
"230" 3 0 -45.75 -22.25 2247 277 257 21
"231" 1 0 -51.25 -26.9166666666667 3169 264 186 123
"232" 1 0 -40.25 -18.9166666666667 1529 313 181 36
"233" 1 0 -41.5833333333333 -22.0833333333333 2041 306 166 35
"234" 2 0 -45.75 -23.5833333333333 2272 235 288 71
"235" 2 0 -49.4166666666667 -26.25 2977 261 175 81
"236" 2 0 -42.5833333333333 -20.0833333333333 2077 316 210 13
"237" 1 0 -42.4166666666667 -22.75 1922 299 155 39
"238" 3 0 -48.5833333333333 -28.0833333333333 2894 275 188 77
"239" 2 0 -45.5833333333333 -23.9166666666667 2262 294 252 74
"240" 2 0 -44.5833333333333 -22.75 2174 235 286 28
"241" 2 0 -48.9166666666667 -26.25 2839 291 240 78
"242" 2 0 -46.4166666666667 -20.5833333333333 1980 273 284 15
"243" 1 0 -43.4166666666667 -19.5833333333333 1961 291 322 9
"244" 3 0 -39.5833333333333 -18.25 1496 304 188 81
"245" 1 0 -51.4166666666667 -26.4166666666667 3007 254 177 111
"246" 2 0 -51.75 -28.4166666666667 2994 271 196 128
"247" 3 0 -40.9166666666667 -21.25 1761 298 166 27
"248" 3 0 -48.5833333333333 -27.9166666666667 2857 275 204 73
"249" 1 0 -50.75 -28.75 2877 263 179 126
"250" 3 0 -45.9166666666667 -22.9166666666667 2268 245 287 34
"251" 1 0 -41.4166666666667 -17.9166666666667 1623 314 200 23
"252" 1 0 -44.75 -19.9166666666667 1896 295 291 5
"253" 2 0 -51.75 -28.25 2950 268 200 124
"254" 1 0 -47.25 -23.5833333333333 2304 253 238 42
"255" 3 0 -40.5833333333333 -16.75 1632 293 152 44
"256" 3 0 -51.5833333333333 -26.75 2985 248 194 123
"257" 1 0 -42.0833333333333 -21.5833333333333 2348 315 224 17
"258" 2 0 -40.25 -19.5833333333333 1685 317 192 34
"259" 1 0 -48.9166666666667 -27.0833333333333 3018 285 203 87
"260" 2 0 -42.75 -18.4166666666667 2106 292 291 11
"261" 2 0 -41.0833333333333 -18.0833333333333 1553 317 181 26
"262" 1 0 -43.75 -23.0833333333333 2001 308 168 46
"263" 1 0 -39.25 -17.4166666666667 1349 305 143 52
"264" 3 0 -50.0833333333333 -26.75 3148 276 166 85
"265" 1 0 -47.25 -21.9166666666667 2217 286 220 17
"266" 3 0 -40.4166666666667 -17.25 1568 311 175 43
"267" 2 0 -39.4166666666667 -17.75 1386 306 177 80
"268" 2 0 -44.75 -20.0833333333333 1896 294 299 6
"269" 2 0 -46.4166666666667 -22.5833333333333 2172 246 283 28
"270" 1 0 -48.75 -26.0833333333333 2805 289 267 81
"271" 1 0 -41.9166666666667 -19.0833333333333 1731 321 211 14
"272" 3 0 -43.0833333333333 -19.9166666666667 2088 288 269 12
"273" 1 0 -44.4166666666667 -21.4166666666667 2020 275 310 14
"274" 1 0 -41.4166666666667 -22.25 1980 303 144 35
"275" 2 0 -41.5833333333333 -19.75 1873 317 212 19
"276" 1 0 -41.4166666666667 -21.75 2043 316 181 26
"277" 1 0 -43.9166666666667 -21.4166666666667 1887 267 290 18
"278" 2 0 -51.75 -28.9166666666667 3116 282 166 119
"279" 2 0 -40.75 -19.4166666666667 1599 317 203 26
"280" 2 0 -41.25 -18.5833333333333 1558 311 204 25
"281" 3 0 -40.5833333333333 -18.9166666666667 1510 313 186 29
"282" 3 0 -46.75 -23.9166666666667 2308 247 307 87
"283" 1 0 -45.0833333333333 -21.9166666666667 2233 279 283 17
"284" 2 0 -49.4166666666667 -25.25 2705 261 213 78
"285" 3 0 -49.4166666666667 -27.4166666666667 2961 266 192 92
"286" 3 0 -50.0833333333333 -25.4166666666667 2902 269 209 79
"287" 3 0 -50.75 -29.4166666666667 2982 267 179 126
"288" 2 0 -45.4166666666667 -22.9166666666667 2275 278 241 20
"289" 2 0 -50.4166666666667 -28.4166666666667 2835 256 162 110
"290" 1 0 -42.75 -21.75 2235 305 279 18
"291" 1 0 -45.0833333333333 -22.0833333333333 2292 279 283 20
"292" 3 0 -46.25 -23.75 2316 242 340 111
"293" 3 0 -48.5833333333333 -25.25 3219 298 291 72
"294" 1 0 -51.5833333333333 -29.4166666666667 3101 279 161 107
"295" 2 0 -50.0833333333333 -29.0833333333333 2706 240 182 134
"296" 3 0 -50.4166666666667 -26.5833333333333 3170 262 165 93
"297" 1 0 -48.5833333333333 -26.0833333333333 2738 289 278 82
"298" 1 0 -39.75 -16.75 1511 311 135 54
"299" 1 0 -44.9166666666667 -19.25 1669 303 261 11
"300" 2 0 -47.5833333333333 -22.5833333333333 2415 285 243 23
"301" 1 0 -46.25 -21.4166666666667 2132 278 272 21
"302" 3 0 -45.25 -21.0833333333333 2036 289 268 16
"303" 3 0 -43.25 -19.25 2052 296 356 10
"304" 3 0 -42.4166666666667 -20.5833333333333 1925 262 250 20
"305" 2 0 -40.0833333333333 -18.5833333333333 1507 314 173 45
"306" 1 0 -45.25 -20.5833333333333 1932 279 299 14
"307" 3 0 -45.0833333333333 -20.75 1895 277 310 14
"308" 2 0 -41.5833333333333 -17.0833333333333 1683 295 177 18
"309" 1 0 -42.9166666666667 -21.9166666666667 2308 297 282 20
"310" 2 0 -42.75 -20.9166666666667 2193 302 255 18
"311" 3 0 -46.9166666666667 -22.0833333333333 2232 280 255 22
"312" 1 0 -51.75 -28.75 3073 277 182 122
"313" 3 0 -51.25 -26.5833333333333 3075 258 173 117
"314" 1 0 -41.5833333333333 -22.25 1977 302 160 38
"315" 1 0 -43.9166666666667 -20.9166666666667 1924 273 292 17
"316" 3 0 -42.9166666666667 -20.75 2165 290 246 18
"317" 2 0 -43.75 -21.0833333333333 1868 267 284 19
"318" 1 0 -46.25 -23.4166666666667 2268 256 226 32
"319" 1 0 -43.0833333333333 -18.9166666666667 2069 287 360 10
"320" 3 0 -41.9166666666667 -17.9166666666667 1697 312 230 13
"321" 2 0 -43.4166666666667 -20.5833333333333 2075 278 263 15
"322" 2 0 -41.4166666666667 -20.5833333333333 1869 297 212 25
"323" 3 0 -41.5833333333333 -20.9166666666667 1904 287 222 27
"324" 2 0 -48.5833333333333 -25.4166666666667 3099 293 301 76
"325" 3 0 -50.5833333333333 -29.5833333333333 3095 270 164 117
"326" 2 0 -48.75 -25.75 2963 286 275 82
"327" 3 0 -40.9166666666667 -19.5833333333333 1687 321 208 24
"328" 3 0 -46.0833333333333 -21.5833333333333 2129 280 283 25
"329" 3 0 -50.0833333333333 -27.75 3020 261 160 96
"330" 1 0 -44.0833333333333 -20.5833333333333 1952 280 297 14
"331" 3 0 -47.4166666666667 -21.5833333333333 2035 283 266 20
"332" 3 0 -41.5833333333333 -20.75 1907 299 216 24
"333" 3 0 -42.75 -20.0833333333333 2111 315 213 12
"334" 2 0 -40.75 -17.5833333333333 1588 315 178 31
"335" 1 0 -41.5833333333333 -19.25 1767 307 219 21
"336" 2 0 -51.25 -29.25 2938 271 182 115
"337" 2 0 -49.4166666666667 -28.9166666666667 2996 284 148 81
"338" 3 0 -42.4166666666667 -21.9166666666667 2145 299 267 20
"339" 2 0 -39.5833333333333 -17.9166666666667 1431 305 174 85
"340" 1 0 -42.0833333333333 -18.25 1745 320 235 11
"341" 2 0 -39.75 -19.0833333333333 1605 311 181 51
"342" 1 0 -40.4166666666667 -16.4166666666667 1709 304 130 37
"343" 3 0 -41.75 -17.4166666666667 1673 291 193 18
"344" 3 0 -41.9166666666667 -22.9166666666667 1693 285 112 38
"345" 2 0 -44.25 -19.5833333333333 1680 290 293 8
"346" 1 0 -50.0833333333333 -29.5833333333333 2898 261 151 111
"347" 3 0 -39.75 -17.5833333333333 1435 308 139 58
"348" 2 0 -40.25 -18.25 1479 312 168 42
"349" 1 0 -51.4166666666667 -28.5833333333333 2987 273 188 126
"350" 1 0 -42.75 -21.9166666666667 2286 311 273 19
"351" 2 0 -47.25 -22.25 2290 281 240 20
"352" 2 0 -41.9166666666667 -18.9166666666667 1700 325 206 13
"353" 1 0 -43.0833333333333 -21.5833333333333 2228 304 280 18
"354" 3 0 -40.9166666666667 -19.0833333333333 1573 306 203 27
"355" 3 0 -47.4166666666667 -24.0833333333333 2510 271 268 65
"356" 1 0 -51.25 -27.75 3098 269 178 114
"357" 1 0 -43.25 -21.75 2072 285 292 19
"358" 1 0 -44.25 -21.5833333333333 2015 269 300 15
"359" 1 0 -45.4166666666667 -23.4166666666667 2207 251 256 38
"360" 2 0 -48.75 -26.9166666666667 2951 289 211 79
"361" 2 0 -45.0833333333333 -20.9166666666667 1917 282 300 14
"362" 1 0 -39.9166666666667 -17.25 1484 310 148 53
"363" 3 0 -47.0833333333333 -22.5833333333333 2325 278 240 23
"364" 1 0 -49.25 -26.5833333333333 2921 278 190 85
"365" 1 0 -46.9166666666667 -20.75 1791 273 271 13
"366" 2 0 -47.0833333333333 -21.75 2209 284 235 17
"367" 3 0 -43.5833333333333 -21.4166666666667 1951 270 301 18
"368" 2 0 -47.25 -23.9166666666667 2397 254 283 62
"369" 2 0 -40.0833333333333 -16.4166666666667 1609 289 118 53
"370" 3 0 -47.5833333333333 -22.75 2428 287 239 25
"371" 2 0 -50.5833333333333 -25.75 3120 271 171 73
"372" 2 0 -41.75 -20.4166666666667 1820 246 248 28
"373" 1 0 -48.4166666666667 -27.75 2709 278 199 69
"374" 1 0 -48.9166666666667 -28.75 2966 283 159 85
"375" 2 0 -45.4166666666667 -22.5833333333333 2265 236 335 29
"376" 1 0 -49.0833333333333 -26.4166666666667 2891 290 213 79
"377" 2 0 -43.5833333333333 -20.25 1879 256 333 14
"378" 3 0 -46.5833333333333 -23.9166666666667 2336 251 350 109
"379" 2 0 -50.0833333333333 -26.5833333333333 3187 280 163 81
"380" 1 0 -46.0833333333333 -20.4166666666667 2134 289 296 14
"381" 1 0 -46.25 -23.9166666666667 2285 281 335 114
"382" 3 0 -44.0833333333333 -19.9166666666667 1857 289 302 11
"383" 2 0 -39.25 -17.9166666666667 1402 303 197 74
"384" 3 0 -41.25 -20.75 1913 326 186 25
"385" 2 0 -47.4166666666667 -21.4166666666667 2025 290 260 20
"386" 1 0 -42.75 -20.25 2108 308 218 13
"387" 2 0 -45.4166666666667 -22.25 2276 264 285 23
"388" 1 0 -51.25 -28.75 2908 265 193 130
"389" 3 0 -50.75 -26.0833333333333 3282 275 163 83
"390" 1 0 -40.25 -19.75 1722 317 191 36
"391" 1 0 -51.4166666666667 -28.25 2981 267 191 127
"392" 3 0 -43.0833333333333 -21.9166666666667 2346 297 283 21
"393" 3 0 -48.75 -26.75 2904 289 220 78
"394" 1 0 -51.4166666666667 -27.75 3071 270 187 115
"395" 2 0 -45.75 -21.75 2206 288 269 24
"396" 1 0 -50.5833333333333 -29.0833333333333 2878 251 194 136
"397" 3 0 -41.9166666666667 -21.0833333333333 2075 315 234 16
"398" 1 0 -43.4166666666667 -19.9166666666667 1996 285 297 10
"399" 2 0 -41.25 -19.0833333333333 1648 325 205 21
"400" 1 0 -39.4166666666667 -16.9166666666667 1360 305 134 68
"401" 1 0 -44.25 -22.25 2215 277 270 17
"402" 1 0 -48.75 -28.0833333333333 2923 272 194 79
"403" 2 0 -42.0833333333333 -17.9166666666667 1747 308 230 12
"404" 1 0 -51.9166666666667 -28.75 3101 280 175 123
"405" 1 0 -39.25 -16.5833333333333 1307 300 142 80
"406" 2 0 -42.25 -21.5833333333333 2315 317 247 18
"407" 2 0 -41.4166666666667 -20.25 1835 273 226 26
"408" 2 0 -40.4166666666667 -19.25 1558 309 192 32
"409" 2 0 -45.25 -23.4166666666667 2225 252 280 49
"410" 1 0 -47.4166666666667 -23.9166666666667 2430 250 277 53
"411" 3 0 -41.0833333333333 -19.0833333333333 1613 316 205 24
"412" 3 0 -45.25 -20.4166666666667 1928 279 302 14
"413" 1 0 -40.9166666666667 -18.4166666666667 1517 304 186 30
"414" 1 0 -40.5833333333333 -17.25 1605 313 181 38
"415" 2 0 -46.9166666666667 -23.9166666666667 2322 250 303 79
"416" 1 0 -50.5833333333333 -27.5833333333333 3083 256 158 108
"417" 1 0 -51.4166666666667 -26.9166666666667 3144 263 193 123
"418" 3 0 -51.4166666666667 -29.25 2971 271 175 116
"419" 2 0 -41.25 -18.4166666666667 1573 310 203 26
"420" 2 0 -44.9166666666667 -20.4166666666667 1953 290 289 7
"421" 3 0 -42.75 -19.4166666666667 2015 278 301 15
"422" 2 0 -50.25 -28.9166666666667 2753 249 178 130
"423" 1 0 -45.4166666666667 -23.5833333333333 2234 270 276 60
"424" 3 0 -46.0833333333333 -22.75 2240 234 295 32
"425" 1 0 -47.25 -24.0833333333333 2454 274 277 64
"426" 3 0 -42.25 -19.0833333333333 1812 321 218 13
"427" 3 0 -43.4166666666667 -22.9166666666667 2087 306 174 43
"428" 2 0 -40.4166666666667 -18.0833333333333 1492 311 168 36
"429" 2 0 -42.5833333333333 -19.0833333333333 1958 298 271 14
"430" 3 0 -44.75 -21.75 2110 267 300 15
"431" 3 0 -48.9166666666667 -25.9166666666667 2863 258 228 87
"432" 3 0 -44.4166666666667 -20.4166666666667 1892 282 299 12
"433" 1 0 -51.4166666666667 -28.75 2973 273 187 126
"434" 2 0 -40.9166666666667 -17.25 1666 318 178 27
"435" 2 0 -41.5833333333333 -19.9166666666667 1879 310 214 20
"436" 1 0 -46.9166666666667 -23.4166666666667 2233 260 232 37
"437" 1 0 -43.4166666666667 -22.4166666666667 2069 277 272 37
"438" 2 0 -43.4166666666667 -18.25 1787 281 315 10
"439" 2 0 -42.0833333333333 -18.75 1730 318 222 14
"440" 3 0 -41.25 -17.5833333333333 1647 315 179 22
"441" 3 0 -45.0833333333333 -21.0833333333333 1921 284 297 14
"442" 2 0 -40.75 -17.75 1564 317 176 30
"443" 1 0 -46.75 -21.9166666666667 2243 268 277 23
"444" 2 0 -44.0833333333333 -22.75 2318 287 246 22
"445" 1 0 -48.75 -25.9166666666667 2845 290 271 83
"446" 3 0 -45.75 -24.0833333333333 2303 286 305 91
"447" 1 0 -38.75 -18.0833333333333 1386 296 183 65
"448" 2 0 -42.4166666666667 -20.0833333333333 2021 307 214 14
"449" 1 0 -46.25 -19.9166666666667 1883 274 296 10
"450" 1 0 -40.5833333333333 -19.5833333333333 1643 320 199 29
"451" 3 0 -50.9166666666667 -29.4166666666667 2926 264 186 130
"452" 1 0 -43.75 -20.4166666666667 1907 265 325 14
"453" 1 0 -39.75 -17.25 1467 309 139 55
"454" 1 0 -42.9166666666667 -21.4166666666667 2185 299 276 19
"455" 3 0 -45.25 -21.9166666666667 2175 278 293 17
"456" 1 0 -50.5833333333333 -29.9166666666667 3405 284 147 101
"457" 1 0 -47.5833333333333 -21.9166666666667 2151 282 254 21
"458" 2 0 -49.25 -28.5833333333333 3011 289 172 79
"459" 3 0 -40.4166666666667 -18.25 1492 312 171 37
"460" 3 0 -40.5833333333333 -17.0833333333333 1644 313 177 36
"461" 3 0 -49.0833333333333 -27.4166666666667 2915 263 210 91
"462" 3 0 -40.9166666666667 -18.5833333333333 1505 314 186 27
"463" 1 0 -44.9166666666667 -19.5833333333333 1834 300 272 8
"464" 1 0 -45.5833333333333 -19.5833333333333 1907 304 288 9
"465" 3 0 -43.75 -21.4166666666667 1846 264 289 19
"466" 2 0 -44.25 -21.0833333333333 2051 282 305 13
"467" 2 0 -49.75 -28.75 2917 278 162 90
"468" 1 0 -44.0833333333333 -19.25 1737 300 264 6
"469" 3 0 -42.9166666666667 -19.25 2039 293 313 12
"470" 1 0 -42.0833333333333 -20.0833333333333 1918 275 240 19
"471" 2 0 -43.4166666666667 -20.75 2096 285 256 15
"472" 3 0 -39.75 -16.5833333333333 1528 308 133 49
"473" 1 0 -43.9166666666667 -19.5833333333333 1705 294 303 7
"474" 3 0 -46.4166666666667 -21.5833333333333 2162 271 274 19
"475" 3 0 -47.5833333333333 -23.5833333333333 2359 269 199 35
"476" 3 0 -50.9166666666667 -27.25 3089 256 175 121
"477" 2 0 -45.25 -19.9166666666667 1929 292 285 11
"478" 1 0 -46.9166666666667 -20.9166666666667 1803 265 273 15
"479" 2 0 -45.0833333333333 -23.0833333333333 2235 255 246 25
"480" 3 0 -42.5833333333333 -19.25 1933 306 251 14
"481" 3 0 -42.0833333333333 -18.5833333333333 1747 322 225 13
"482" 2 0 -42.25 -19.9166666666667 1961 293 225 15
"483" 3 0 -45.75 -21.0833333333333 2148 287 268 21
"484" 2 0 -44.0833333333333 -20.4166666666667 1939 283 299 12
"485" 2 0 -42.75 -21.25 2189 308 264 18
"486" 2 0 -46.75 -21.25 1997 266 268 17
"487" 2 0 -43.9166666666667 -21.9166666666667 2011 264 279 17
"488" 3 0 -40.5833333333333 -19.0833333333333 1509 315 190 28
"489" 1 0 -51.0833333333333 -29.75 3317 292 144 105
"490" 2 0 -49.75 -26.9166666666667 3068 285 170 86
"491" 2 0 -46.75 -23.25 2255 259 235 32
"492" 2 0 -39.9166666666667 -18.75 1526 314 173 48
"493" 1 0 -41.9166666666667 -20.0833333333333 1937 295 225 18
"494" 2 0 -43.4166666666667 -19.0833333333333 2011 291 389 9
"495" 1 0 -45.4166666666667 -23.9166666666667 2280 261 302 94
"496" 1 0 -44.0833333333333 -21.25 1974 276 294 15
"497" 1 0 -43.25 -23.0833333333333 2062 299 162 55
"498" 1 0 -39.9166666666667 -17.5833333333333 1452 309 140 51
"499" 2 0 -43.9166666666667 -20.25 1857 264 336 13
"500" 3 0 -47.4166666666667 -23.75 2379 248 253 44
"501" 3 0 -44.75 -23.25 2208 290 278 71
"502" 1 0 -45.4166666666667 -20.75 2033 286 273 15
"503" 2 0 -49.9166666666667 -29.25 2823 268 145 95
"504" 1 0 -41.25 -18.0833333333333 1581 311 194 26
"505" 2 0 -43.75 -20.9166666666667 1971 277 281 18
"506" 1 0 -39.25 -16.75 1318 302 138 80
"507" 2 0 -42.9166666666667 -19.0833333333333 2059 290 328 12
"508" 3 0 -48.4166666666667 -27.0833333333333 2802 286 211 80
"509" 2 0 -43.9166666666667 -21.0833333333333 1908 273 287 17
"510" 1 0 -51.5833333333333 -27.5833333333333 3126 275 196 116
"511" 2 0 -46.9166666666667 -24.4166666666667 2484 299 289 72
"512" 2 0 -44.25 -20.9166666666667 1981 277 310 15
"513" 1 0 -45.75 -23.75 2271 268 313 93
"514" 1 0 -42.25 -19.5833333333333 2030 302 237 16
"515" 2 0 -42.4166666666667 -22.4166666666667 1997 272 236 30
"516" 2 0 -45.75 -19.9166666666667 2095 300 275 9
"517" 1 0 -50.0833333333333 -26.25 3162 271 164 76
"518" 1 0 -46.9166666666667 -23.0833333333333 2312 263 223 29
"519" 3 0 -45.4166666666667 -19.9166666666667 1974 299 277 14
"520" 3 0 -44.5833333333333 -21.4166666666667 1998 272 320 14
"521" 1 0 -45.4166666666667 -19.4166666666667 1802 306 292 10
"522" 2 0 -42.25 -18.75 1827 304 247 15
"523" 2 0 -48.0833333333333 -25.25 2889 306 362 88
"524" 1 0 -45.25 -21.25 2084 286 270 17
"525" 3 0 -50.0833333333333 -27.5833333333333 3063 264 163 92
"526" 1 0 -51.9166666666667 -28.5833333333333 3051 278 186 128
"527" 2 0 -39.75 -16.4166666666667 1511 305 137 44
"528" 3 0 -40.4166666666667 -19.9166666666667 1680 311 195 38
"529" 2 0 -47.0833333333333 -22.4166666666667 2278 277 245 21
"530" 3 0 -43.9166666666667 -21.5833333333333 1889 263 293 17
"531" 1 0 -45.9166666666667 -20.5833333333333 2042 277 304 19
"532" 3 0 -40.75 -16.5833333333333 1704 297 157 35
"533" 2 0 -44.75 -22.4166666666667 2083 233 326 27
"534" 3 0 -46.9166666666667 -23.75 2294 248 269 58
"535" 2 0 -50.5833333333333 -26.9166666666667 3050 249 167 107
"536" 2 0 -48.75 -28.25 2901 275 172 82
"537" 2 0 -49.9166666666667 -26.9166666666667 3092 278 168 86
"538" 2 0 -49.25 -27.25 2955 274 195 91
"539" 2 0 -43.4166666666667 -23.0833333333333 2062 307 155 47
"540" 3 0 -46.25 -21.0833333333333 2041 269 278 20
"541" 1 0 -43.0833333333333 -21.4166666666667 2231 308 278 18
"542" 3 0 -42.9166666666667 -21.5833333333333 2239 303 277 18
"543" 3 0 -48.5833333333333 -27.0833333333333 2881 284 210 82
"544" 1 0 -43.0833333333333 -19.4166666666667 2071 291 326 12
"545" 2 0 -45.25 -20.9166666666667 1988 285 278 15
"546" 2 0 -42.0833333333333 -19.0833333333333 1737 324 211 13
"547" 3 0 -39.4166666666667 -17.25 1366 307 137 61
"548" 3 0 -42.0833333333333 -20.9166666666667 2122 306 234 18
"549" 2 0 -44.9166666666667 -19.9166666666667 1918 298 282 5
"550" 2 0 -42.9166666666667 -22.25 2183 270 293 31
"551" 1 0 -46.5833333333333 -22.5833333333333 2179 262 270 28
"552" 2 0 -43.0833333333333 -20.0833333333333 2099 290 250 12
"553" 1 0 -50.4166666666667 -28.0833333333333 2942 256 155 109
"554" 1 0 -49.25 -28.0833333333333 2991 275 197 84
"555" 2 0 -51.75 -27.75 3048 279 199 118
"556" 3 0 -46.25 -21.75 2158 264 291 24
"557" 2 0 -47.4166666666667 -23.0833333333333 2343 279 217 30
"558" 3 0 -41.75 -18.4166666666667 1652 322 223 16
"559" 2 0 -50.4166666666667 -25.9166666666667 3197 273 174 72
"560" 2 0 -41.75 -18.9166666666667 1658 328 203 14
"561" 2 0 -50.5833333333333 -29.75 3264 279 152 107
"562" 1 0 -41.25 -17.25 1669 309 175 21
"563" 1 0 -42.5833333333333 -17.9166666666667 1817 290 238 11
"564" 3 0 -51.4166666666667 -26.75 3013 249 187 123
"565" 2 0 -46.9166666666667 -21.5833333333333 2162 278 261 19
"566" 1 0 -43.75 -20.25 1956 274 325 12
"567" 2 0 -44.4166666666667 -20.9166666666667 1934 274 327 15
"568" 2 0 -46.9166666666667 -20.5833333333333 1806 275 272 12
"569" 1 0 -40.5833333333333 -18.25 1501 313 174 33
"570" 3 0 -42.4166666666667 -21.25 2229 315 266 18
"571" 1 0 -45.5833333333333 -19.75 1996 303 281 11
"572" 3 0 -40.5833333333333 -18.5833333333333 1482 313 180 31
"573" 2 0 -40.0833333333333 -17.4166666666667 1506 310 147 43
"574" 3 0 -40.25 -19.0833333333333 1544 313 184 35
"575" 1 0 -41.25 -18.9166666666667 1620 316 206 23
"576" 3 0 -51.4166666666667 -27.9166666666667 3028 267 188 118
"577" 3 0 -49.5833333333333 -28.75 3051 288 157 81
"578" 2 0 -49.4166666666667 -27.75 2872 255 194 97
"579" 2 0 -50.25 -26.4166666666667 3225 274 164 81
"580" 2 0 -50.4166666666667 -30.4166666666667 3399 280 144 97
"581" 3 0 -49.5833333333333 -27.75 2860 255 185 98
"582" 3 0 -44.4166666666667 -22.75 2203 254 271 26
"583" 2 0 -49.25 -28.9166666666667 2990 285 149 81
"584" 1 0 -40.9166666666667 -17.0833333333333 1698 318 175 25
"585" 2 0 -40.9166666666667 -20.4166666666667 1713 267 212 38
"586" 2 0 -40.9166666666667 -20.75 1763 295 190 36
"587" 2 0 -42.75 -20.4166666666667 2129 304 223 14
"588" 3 0 -45.4166666666667 -19.5833333333333 1867 304 292 11
"589" 3 0 -46.75 -20.4166666666667 1922 279 274 12
"590" 3 0 -42.25 -20.4166666666667 1969 278 235 17
"591" 1 0 -49.0833333333333 -26.75 2891 289 200 84
"592" 2 0 -50.0833333333333 -29.9166666666667 3115 270 145 109
"593" 3 0 -45.9166666666667 -19.75 2019 295 292 7
"594" 1 0 -45.0833333333333 -22.75 2265 280 241 21
"595" 1 0 -39.9166666666667 -19.4166666666667 1680 313 185 42
"596" 3 0 -46.5833333333333 -23.0833333333333 2265 258 239 31
"597" 2 0 -49.0833333333333 -27.25 2979 277 200 90
"598" 3 0 -41.4166666666667 -20.9166666666667 1883 299 208 28
"599" 3 0 -50.25 -30.4166666666667 3361 277 143 99
"600" 2 0 -42.4166666666667 -18.25 1886 308 250 11
"601" 3 0 -41.4166666666667 -17.0833333333333 1678 297 175 20
"602" 3 0 -51.0833333333333 -27.25 3094 255 182 116
"603" 3 0 -43.75 -18.9166666666667 1811 277 309 9
"604" 3 0 -45.75 -23.0833333333333 2250 271 231 25
"605" 3 0 -42.25 -18.9166666666667 1785 318 227 13
"606" 3 0 -45.4166666666667 -20.5833333333333 2016 287 281 15
"607" 1 0 -49.75 -27.0833333333333 3061 283 172 87
"608" 1 0 -50.0833333333333 -27.0833333333333 3139 279 167 87
"609" 3 0 -48.4166666666667 -25.4166666666667 2825 295 297 78
"610" 3 0 -42.9166666666667 -19.9166666666667 2058 289 257 13
"611" 3 0 -39.5833333333333 -16.9166666666667 1437 307 134 62
"612" 2 0 -44.25 -22.5833333333333 2262 292 256 19
"613" 3 0 -44.0833333333333 -21.5833333333333 1943 267 295 16
"614" 3 0 -43.25 -20.75 2146 289 247 14
"615" 3 0 -50.9166666666667 -27.0833333333333 3103 254 175 123
"616" 3 0 -45.9166666666667 -22.25 2192 277 256 20
"617" 2 0 -51.0833333333333 -26.5833333333333 3078 255 170 117
"618" 2 0 -46.4166666666667 -24.0833333333333 2299 290 345 94
"619" 2 0 -48.9166666666667 -27.4166666666667 2940 269 215 89
"620" 2 0 -41.9166666666667 -20.25 1946 291 228 18
"621" 3 0 -49.4166666666667 -27.0833333333333 2999 289 179 90
"622" 1 0 -42.4166666666667 -20.4166666666667 1983 281 234 17
"623" 2 0 -43.0833333333333 -18.4166666666667 2020 290 310 10
"624" 1 0 -45.75 -20.4166666666667 2112 291 281 16
"625" 1 0 -49.5833333333333 -25.4166666666667 2791 261 204 77
"626" 3 0 -50.5833333333333 -26.25 3333 276 161 83
"627" 3 0 -39.25 -16.9166666666667 1326 304 136 76
"628" 2 0 -47.25 -21.5833333333333 2108 284 257 18
"629" 1 0 -43.5833333333333 -19.5833333333333 1809 271 321 10
"630" 3 0 -39.75 -19.4166666666667 1676 310 183 48
"631" 1 0 -40.0833333333333 -18.4166666666667 1513 312 171 48
"632" 1 0 -40.75 -18.5833333333333 1500 316 182 28
"633" 3 0 -41.75 -18.0833333333333 1677 312 234 16
"634" 1 0 -46.25 -22.9166666666667 2246 245 269 31
"635" 3 0 -40.25 -17.75 1499 309 158 39
"636" 2 0 -40.75 -21.0833333333333 1750 309 163 35
"637" 1 0 -40.0833333333333 -18.9166666666667 1532 314 178 40
"638" 2 0 -42.4166666666667 -19.9166666666667 2013 308 217 13
"639" 2 0 -46.75 -23.0833333333333 2275 260 232 31
"640" 2 0 -46.75 -21.5833333333333 2147 268 273 19
"641" 3 0 -44.0833333333333 -21.0833333333333 2009 278 295 15
"642" 3 0 -48.5833333333333 -26.9166666666667 2922 288 215 79
"643" 2 0 -39.0833333333333 -16.5833333333333 1274 299 156 91
"644" 2 0 -50.5833333333333 -27.75 3119 264 154 106
"645" 3 0 -43.4166666666667 -19.75 2003 292 303 9
"646" 1 0 -44.5833333333333 -23.25 2163 303 271 78
"647" 1 0 -50.75 -26.9166666666667 3094 253 166 112
"648" 2 0 -42.5833333333333 -21.9166666666667 2177 307 270 18
"649" 1 0 -49.25 -27.75 2840 252 203 97
"650" 3 0 -49.25 -25.4166666666667 2591 258 189 77
"651" 2 0 -51.4166666666667 -27.5833333333333 3144 273 186 114
"652" 3 0 -47.0833333333333 -21.9166666666667 2241 285 231 18
"653" 3 0 -45.5833333333333 -23.75 2274 271 294 84
"654" 1 0 -40.75 -19.75 1676 314 205 29
"655" 1 0 -51.9166666666667 -27.75 3022 284 199 118
"656" 3 0 -43.0833333333333 -18.75 2073 287 350 10
"657" 3 0 -46.9166666666667 -22.75 2322 270 249 29
"658" 1 0 -47.5833333333333 -22.4166666666667 2380 283 244 21
"659" 3 0 -49.0833333333333 -26.0833333333333 2882 254 200 86
"660" 2 0 -40.25 -16.9166666666667 1590 298 144 54
"661" 2 0 -40.25 -19.4166666666667 1639 316 191 33
"662" 3 0 -42.75 -22.4166666666667 2102 278 255 35
"663" 1 0 -50.75 -29.0833333333333 2903 254 196 136
"664" 3 0 -42.0833333333333 -17.5833333333333 1710 295 212 14
"665" 1 0 -43.75 -18.5833333333333 1820 284 317 6
"666" 3 0 -40.25 -20.0833333333333 1671 315 183 44
"667" 2 0 -40.5833333333333 -18.0833333333333 1495 311 173 33
"668" 3 0 -49.4166666666667 -26.4166666666667 2946 262 179 85
"669" 3 0 -46.5833333333333 -22.4166666666667 2123 263 276 25
"670" 2 0 -49.9166666666667 -27.5833333333333 3012 263 169 93
"671" 3 0 -45.9166666666667 -23.5833333333333 2282 243 271 71
"672" 1 0 -42.0833333333333 -22.4166666666667 1907 295 187 34
"673" 2 0 -39.5833333333333 -17.4166666666667 1403 307 135 59
"674" 1 0 -49.4166666666667 -25.5833333333333 2762 259 186 68
"675" 3 0 -41.25 -19.75 1792 320 211 22
"676" 3 0 -50.9166666666667 -25.9166666666667 3044 264 174 89
"677" 3 0 -46.4166666666667 -22.4166666666667 2117 258 278 25
"678" 2 0 -41.4166666666667 -18.25 1594 318 212 21
"679" 2 0 -45.0833333333333 -23.75 2274 292 268 77
"680" 3 0 -48.75 -26.5833333333333 2818 290 233 78
"681" 1 0 -42.25 -21.4166666666667 2281 317 255 18
"682" 1 0 -42.5833333333333 -18.0833333333333 1889 301 248 10
"683" 1 0 -44.25 -21.9166666666667 2052 257 296 17
"684" 1 0 -39.5833333333333 -16.4166666666667 1420 301 150 51
"685" 1 0 -46.0833333333333 -22.4166666666667 2162 251 284 26
"686" 1 0 -40.0833333333333 -20.0833333333333 1697 316 182 43
"687" 3 0 -46.0833333333333 -22.9166666666667 2299 229 296 35
"688" 2 0 -45.9166666666667 -23.0833333333333 2245 266 237 27
"689" 3 0 -46.5833333333333 -20.9166666666667 1916 264 276 17
"690" 2 0 -41.75 -22.25 1967 301 178 41
"691" 1 0 -41.75 -19.0833333333333 1711 325 207 15
"692" 1 0 -39.4166666666667 -17.4166666666667 1374 306 140 62
"693" 2 0 -47.0833333333333 -23.75 2318 247 285 62
"694" 3 0 -40.5833333333333 -16.5833333333333 1724 307 145 34
"695" 1 0 -50.4166666666667 -26.9166666666667 3049 248 169 103
"696" 3 0 -48.5833333333333 -25.5833333333333 2811 287 290 80
"697" 2 0 -45.25 -21.75 2287 284 282 15
"698" 1 0 -46.5833333333333 -21.25 2035 264 265 17
"699" 2 0 -42.25 -20.75 2020 285 237 19
"700" 1 0 -39.9166666666667 -19.25 1651 313 183 43
"701" 3 0 -46.5833333333333 -21.4166666666667 2089 261 267 17
"702" 1 0 -51.5833333333333 -28.25 2985 268 196 126
"703" 3 0 -49.5833333333333 -25.5833333333333 2857 261 182 72
"704" 2 0 -41.5833333333333 -21.4166666666667 2056 315 204 21
"705" 2 0 -44.9166666666667 -22.5833333333333 2258 280 261 22
"706" 3 0 -42.4166666666667 -20.9166666666667 2108 296 246 21
"707" 3 0 -45.9166666666667 -19.9166666666667 2155 300 279 6
"708" 1 0 -42.9166666666667 -20.4166666666667 2169 304 222 12
"709" 1 0 -47.25 -21.75 2153 282 248 17
"710" 2 0 -46.0833333333333 -21.9166666666667 2126 257 297 25
"711" 2 0 -41.9166666666667 -22.0833333333333 2089 294 209 30
"712" 3 0 -43.5833333333333 -19.4166666666667 1828 270 318 11
"713" 2 0 -50.25 -29.9166666666667 3201 271 147 109
"714" 2 0 -43.0833333333333 -18.25 1944 291 290 10
"715" 1 0 -50.9166666666667 -27.75 3062 260 166 116
"716" 3 0 -40.25 -16.75 1598 296 130 52
"717" 1 0 -42.5833333333333 -18.25 1954 300 262 11
"718" 1 0 -39.9166666666667 -17.4166666666667 1469 309 139 51
"719" 1 0 -45.0833333333333 -22.25 2350 273 286 21
"720" 3 0 -50.4166666666667 -27.25 3012 249 167 102
"721" 3 0 -51.5833333333333 -28.75 3015 272 189 125
"722" 1 0 -41.25 -21.4166666666667 1845 307 175 25
"723" 2 0 -40.25 -20.4166666666667 1660 316 181 52
"724" 2 0 -40.9166666666667 -16.5833333333333 1741 302 165 27
"725" 2 0 -44.5833333333333 -21.25 1947 275 333 14
"726" 1 0 -41.9166666666667 -19.5833333333333 1959 300 234 18
"727" 1 0 -46.9166666666667 -21.4166666666667 2102 279 265 18
"728" 2 0 -43.9166666666667 -18.75 1853 290 275 8
"729" 1 0 -45.5833333333333 -23.5833333333333 2262 250 279 61
"730" 2 0 -39.0833333333333 -17.9166666666667 1378 301 198 68
"731" 1 0 -44.4166666666667 -22.5833333333333 2271 291 265 21
"732" 2 0 -49.75 -29.4166666666667 2800 267 138 91
"733" 2 0 -43.0833333333333 -19.75 2069 291 283 11
"734" 1 0 -50.9166666666667 -28.75 2906 266 183 125
"735" 3 0 -50.25 -30.0833333333333 3256 275 145 104
"736" 3 0 -39.9166666666667 -19.75 1735 315 185 42
"737" 2 0 -43.25 -18.4166666666667 1931 287 317 10
"738" 3 0 -42.9166666666667 -18.25 1978 291 282 11
"739" 3 0 -45.75 -21.9166666666667 2201 285 257 22
"740" 3 0 -47.4166666666667 -23.4166666666667 2324 272 218 34
"741" 2 0 -41.75 -17.75 1666 309 214 17
"742" 1 0 -49.5833333333333 -28.5833333333333 2836 270 174 95
"743" 1 0 -43.5833333333333 -19.9166666666667 1877 269 325 11
"744" 2 0 -40.0833333333333 -18.0833333333333 1490 310 161 45
"745" 3 0 -50.5833333333333 -28.9166666666667 2841 256 183 131
"746" 1 0 -41.75 -19.4166666666667 1857 302 228 19
"747" 2 0 -45.75 -20.25 2150 297 268 11
"748" 1 0 -43.25 -18.9166666666667 2071 292 379 9
"749" 3 0 -50.25 -28.4166666666667 2786 254 164 108
"750" 2 0 -41.4166666666667 -18.4166666666667 1602 315 211 23
"751" 1 0 -41.9166666666667 -21.5833333333333 2251 310 214 19
"752" 3 0 -49.75 -27.9166666666667 2792 250 176 102
"753" 2 0 -39.75 -18.75 1564 312 176 56
"754" 3 0 -46.4166666666667 -23.4166666666667 2242 257 238 32
"755" 1 0 -45.5833333333333 -20.75 2084 289 270 17
"756" 2 0 -46.9166666666667 -21.0833333333333 1821 258 275 17
"757" 1 0 -40.75 -19.5833333333333 1655 323 203 26
"758" 3 0 -45.5833333333333 -21.5833333333333 2277 289 266 22
"759" 1 0 -44.4166666666667 -21.25 1999 276 321 14
"760" 3 0 -41.75 -22.4166666666667 1877 298 176 41
"761" 2 0 -46.4166666666667 -21.25 2084 271 266 18
"762" 2 0 -43.0833333333333 -21.75 2241 293 284 19
"763" 2 0 -51.75 -27.5833333333333 3108 282 200 119
"764" 1 0 -43.9166666666667 -19.0833333333333 1836 296 281 7
"765" 3 0 -49.9166666666667 -27.9166666666667 2703 237 170 107
"766" 3 0 -51.9166666666667 -27.5833333333333 3069 287 199 121
"767" 3 0 -50.5833333333333 -26.4166666666667 3246 266 162 93
"768" 2 0 -44.9166666666667 -20.75 1882 277 322 13
"769" 1 0 -45.9166666666667 -20.0833333333333 2190 297 275 6
"770" 1 0 -47.25 -21.4166666666667 2057 288 259 18
"771" 3 0 -51.25 -26.4166666666667 3059 260 169 113
"772" 3 0 -42.9166666666667 -18.0833333333333 1823 284 267 11
"773" 3 0 -42.0833333333333 -19.25 1833 316 219 14
"774" 3 0 -44.9166666666667 -23.4166666666667 2202 302 317 91
"775" 1 0 -46.4166666666667 -20.4166666666667 1954 270 288 14
"776" 2 0 -46.4166666666667 -21.4166666666667 2103 266 268 19
"777" 3 0 -40.5833333333333 -16.9166666666667 1673 311 167 35
"778" 2 0 -42.5833333333333 -22.75 2011 298 176 40
"779" 1 0 -41.75 -17.25 1684 294 186 16
"780" 2 0 -40.5833333333333 -17.9166666666667 1524 312 172 33
"781" 1 0 -51.0833333333333 -27.0833333333333 3168 264 183 121
"782" 1 0 -43.4166666666667 -22.25 2182 298 267 29
"783" 1 0 -51.25 -27.25 3138 262 188 114
"784" 2 0 -40.5833333333333 -17.5833333333333 1563 313 175 34
"785" 2 0 -42.25 -20.9166666666667 2086 293 244 22
"786" 1 0 -40.75 -20.4166666666667 1715 282 202 40
"787" 1 0 -49.9166666666667 -26.4166666666667 3078 266 168 82
"788" 1 0 -43.25 -21.4166666666667 2191 304 281 18
"789" 2 0 -44.4166666666667 -20.5833333333333 1909 281 300 13
"790" 3 0 -50.9166666666667 -26.4166666666667 3239 271 163 109
"791" 1 0 -40.4166666666667 -18.9166666666667 1504 312 183 33
"792" 3 0 -46.75 -23.75 2266 253 255 56
"793" 2 0 -41.5833333333333 -19.0833333333333 1705 328 205 16
"794" 3 0 -46.4166666666667 -23.9166666666667 2298 283 335 103
"795" 3 0 -43.5833333333333 -18.4166666666667 1793 281 328 8
"796" 2 0 -46.0833333333333 -19.75 1935 285 298 8
"797" 1 0 -49.25 -25.75 2811 253 179 70
"798" 1 0 -40.9166666666667 -21.0833333333333 1745 308 167 32
"799" 2 0 -42.25 -22.25 2024 262 247 29
"800" 2 0 -45.9166666666667 -20.75 2110 286 290 19
"801" 1 0 -47.4166666666667 -22.75 2387 284 238 25
"802" 3 0 -46.9166666666667 -21.9166666666667 2225 282 246 21
"803" 1 0 -41.5833333333333 -20.5833333333333 1903 297 217 22
"804" 1 0 -49.9166666666667 -25.5833333333333 3005 268 181 75
"805" 3 0 -47.0833333333333 -22.25 2263 281 244 20
"806" 3 0 -43.9166666666667 -19.75 1721 292 301 9
"807" 1 0 -45.75 -20.5833333333333 2089 288 287 17
"808" 2 0 -46.25 -21.25 2117 278 270 20
"809" 3 0 -43.9166666666667 -22.4166666666667 2161 287 248 18
"810" 2 0 -42.0833333333333 -17.4166666666667 1704 295 203 12
"811" 2 0 -50.0833333333333 -28.25 2738 248 164 106
"812" 3 0 -40.25 -17.5833333333333 1515 310 158 38
"813" 2 0 -50.25 -25.9166666666667 3161 271 172 72
"814" 1 0 -39.9166666666667 -16.4166666666667 1595 308 119 40
"815" 1 0 -43.0833333333333 -22.25 2189 278 292 33
"816" 1 0 -41.0833333333333 -17.75 1611 317 179 25
"817" 3 0 -42.25 -18.0833333333333 1793 315 236 10
"818" 2 0 -40.5833333333333 -18.4166666666667 1495 314 177 32
"819" 1 0 -48.9166666666667 -26.75 2882 283 212 82
"820" 3 0 -43.4166666666667 -22.75 2099 312 205 44
"821" 3 0 -41.4166666666667 -21.9166666666667 2052 312 162 29
"822" 2 0 -50.25 -28.25 2838 254 160 106
"823" 2 0 -49.5833333333333 -26.0833333333333 2998 263 165 75
"824" 1 0 -47.0833333333333 -23.25 2315 261 222 30
"825" 1 0 -42.9166666666667 -22.75 2168 309 175 45
"826" 2 0 -50.75 -25.9166666666667 3141 270 169 79
"827" 3 0 -45.9166666666667 -22.75 2274 215 319 36
"828" 2 0 -46.25 -23.0833333333333 2245 251 252 29
"829" 1 0 -41.0833333333333 -19.4166666666667 1686 330 209 21
"830" 1 0 -46.0833333333333 -23.9166666666667 2325 287 354 109
"831" 1 0 -43.9166666666667 -22.9166666666667 2175 292 221 34
"832" 3 0 -47.0833333333333 -20.9166666666667 1674 265 275 15
"833" 2 0 -46.75 -24.25 2405 300 289 82
"834" 1 0 -42.75 -20.5833333333333 2123 294 234 16
"835" 3 0 -44.5833333333333 -20.9166666666667 1898 272 346 15
"836" 3 0 -42.25 -21.9166666666667 2157 305 245 21
"837" 1 0 -43.5833333333333 -22.0833333333333 2175 292 250 18
"838" 1 0 -41.75 -20.75 1913 287 227 22
"839" 3 0 -49.9166666666667 -28.75 2692 250 172 114
"840" 2 0 -51.75 -27.0833333333333 3101 270 204 124
"841" 1 0 -41.25 -17.75 1615 315 180 23
"842" 3 0 -43.75 -22.75 1948 313 198 38
"843" 2 0 -42.25 -17.9166666666667 1783 313 230 10
"844" 2 0 -50.0833333333333 -30.0833333333333 3208 272 145 107
"845" 3 0 -40.0833333333333 -18.75 1531 314 175 42
"846" 1 0 -47.0833333333333 -21.5833333333333 2168 289 249 18
"847" 3 0 -44.25 -19.25 1695 295 255 7
"848" 2 0 -45.25 -19.25 1725 307 282 9
"849" 1 0 -42.25 -20.25 1973 287 227 17
"850" 2 0 -49.0833333333333 -27.9166666666667 2851 255 210 92
"851" 1 0 -44.25 -23.25 2115 306 232 50
"852" 2 0 -41.9166666666667 -21.25 2084 320 237 17
"853" 3 0 -51.5833333333333 -27.0833333333333 3151 268 201 123
"854" 3 0 -50.75 -28.5833333333333 2834 255 178 123
"855" 2 0 -44.25 -20.0833333333333 1895 292 293 10
"856" 3 0 -40.9166666666667 -17.75 1582 317 178 27
"857" 1 0 -44.5833333333333 -19.9166666666667 1825 288 306 7
"858" 2 0 -42.25 -20.0833333333333 1973 290 225 17
"859" 2 0 -49.75 -28.0833333333333 2621 233 176 109
"860" 1 0 -51.0833333333333 -26.9166666666667 3181 264 179 120
"861" 3 0 -41.0833333333333 -19.75 1763 323 209 23
"862" 3 0 -45.5833333333333 -22.5833333333333 2249 241 316 30
"863" 3 0 -51.25 -28.9166666666667 2928 272 186 120
"864" 2 0 -40.25 -16.4166666666667 1644 298 120 44
"865" 2 0 -42.4166666666667 -18.9166666666667 1907 301 259 15
"866" 1 0 -46.75 -23.4166666666667 2196 260 233 35
"867" 1 0 -41.75 -19.75 1912 311 220 18
"868" 2 0 -41.25 -22.0833333333333 1995 304 147 30
"869" 1 0 -39.0833333333333 -16.4166666666667 1250 297 172 86
"870" 1 0 -41.25 -21.25 1846 311 180 26
"871" 1 0 -45.5833333333333 -22.0833333333333 2258 280 255 20
"872" 2 0 -43.5833333333333 -20.4166666666667 1885 253 331 16
"873" 2 0 -50.5833333333333 -28.75 2847 259 174 124
"874" 3 0 -46.25 -22.4166666666667 2163 243 294 27
"875" 3 0 -41.25 -20.25 1790 275 221 29
"876" 2 0 -49.9166666666667 -27.4166666666667 3071 274 170 89
"877" 3 0 -44.75 -22.5833333333333 2242 280 267 23
"878" 1 0 -43.0833333333333 -21.25 2259 310 275 16
"879" 3 0 -48.75 -27.9166666666667 2892 261 219 82
"880" 1 0 -49.4166666666667 -28.5833333333333 3023 289 173 80
"881" 1 0 -43.25 -20.25 2115 290 247 10
"882" 1 0 -50.0833333333333 -28.75 2650 239 176 121
"883" 3 0 -46.75 -22.75 2251 260 266 30
"884" 3 0 -51.75 -26.9166666666667 3034 258 205 127
"885" 2 0 -44.4166666666667 -21.5833333333333 2044 272 302 14
"886" 3 0 -45.5833333333333 -19.4166666666667 1825 305 289 8
"887" 2 0 -49.5833333333333 -26.5833333333333 2954 259 178 88
"888" 2 0 -45.25 -23.0833333333333 2251 252 260 24
"889" 2 0 -45.9166666666667 -22.0833333333333 2173 275 266 22
"890" 3 0 -44.75 -21.9166666666667 2130 260 300 16
"891" 2 0 -48.25 -25.4166666666667 2780 298 326 85
"892" 3 0 -50.4166666666667 -29.75 3119 266 161 116
"893" 1 0 -40.0833333333333 -18.25 1517 311 167 49
"894" 2 0 -42.25 -17.75 1728 289 225 14
"895" 3 0 -39.25 -17.5833333333333 1358 305 157 58
"896" 3 0 -49.0833333333333 -27.5833333333333 2897 257 214 92
"897" 2 0 -42.9166666666667 -22.5833333333333 2224 311 205 40
"898" 2 0 -45.9166666666667 -22.5833333333333 2207 250 286 27
"899" 1 0 -44.25 -18.9166666666667 1888 301 236 6
"900" 2 0 -44.4166666666667 -18.9166666666667 1867 300 251 7
"901" 2 0 -44.25 -22.0833333333333 2056 252 295 19
"902" 3 0 -50.9166666666667 -29.25 2880 263 191 131
"903" 3 0 -50.4166666666667 -29.5833333333333 2978 256 177 127
"904" 1 0 -41.9166666666667 -18.75 1676 325 210 14
"905" 2 0 -46.5833333333333 -20.5833333333333 2032 284 272 13
"906" 3 0 -46.25 -24.0833333333333 2290 285 335 104
"907" 1 0 -47.75 -23.0833333333333 2349 285 211 27
"908" 2 0 -44.9166666666667 -21.5833333333333 2056 271 302 15
"909" 1 0 -51.0833333333333 -27.4166666666667 3106 259 180 111
"910" 3 0 -40.25 -19.9166666666667 1703 317 187 40
"911" 2 0 -43.9166666666667 -22.5833333333333 2169 295 234 23
"912" 1 0 -44.25 -20.4166666666667 1908 282 301 12
"913" 2 0 -49.25 -26.9166666666667 2936 296 189 91
"914" 1 0 -39.0833333333333 -17.5833333333333 1320 303 170 55
"915" 3 0 -44.5833333333333 -19.25 1704 300 256 10
"916" 3 0 -41.25 -21.75 1926 312 160 26
"917" 1 0 -39.75 -19.25 1639 310 182 50
"918" 3 0 -40.4166666666667 -17.75 1520 313 166 35
"919" 3 0 -50.0833333333333 -28.0833333333333 2824 251 162 104
"920" 3 0 -41.4166666666667 -21.4166666666667 1952 312 192 24
"921" 1 0 -49.75 -28.9166666666667 2934 281 150 85
"922" 3 0 -42.4166666666667 -18.0833333333333 1869 309 241 10
"923" 3 0 -50.9166666666667 -26.25 3292 282 163 103
"924" 1 0 -49.25 -25.9166666666667 2920 252 181 77
"925" 3 0 -41.25 -21.5833333333333 1866 309 167 25
"926" 1 0 -48.5833333333333 -26.4166666666667 2768 289 260 79
"927" 1 0 -39.9166666666667 -16.9166666666667 1543 312 140 54
"928" 2 0 -51.4166666666667 -27.25 3190 270 193 118
"929" 2 0 -45.5833333333333 -22.4166666666667 2315 274 272 24
"930" 2 0 -51.9166666666667 -28.0833333333333 3003 279 199 118
"931" 3 0 -43.0833333333333 -22.9166666666667 2062 304 156 52
"932" 2 0 -40.9166666666667 -17.4166666666667 1638 315 179 28
"933" 3 0 -48.9166666666667 -28.0833333333333 2930 264 205 84
"934" 1 0 -41.9166666666667 -17.75 1696 302 218 15
"935" 3 0 -50.25 -29.75 3056 261 159 119
"936" 2 0 -45.5833333333333 -22.25 2275 274 265 22
"937" 1 0 -49.9166666666667 -27.75 2956 259 168 97
"938" 3 0 -46.4166666666667 -21.9166666666667 2228 259 304 26
"939" 1 0 -39.9166666666667 -18.5833333333333 1521 312 174 54
"940" 2 0 -44.9166666666667 -23.0833333333333 2218 244 244 27
"941" 3 0 -46.4166666666667 -22.0833333333333 2192 258 298 26
"942" 3 0 -44.25 -21.4166666666667 2024 273 303 15
"943" 3 0 -41.5833333333333 -21.9166666666667 2106 312 177 30
"944" 2 0 -45.25 -20.25 1923 283 296 15
"945" 3 0 -44.75 -22.9166666666667 2190 238 264 27
"946" 3 0 -46.9166666666667 -21.25 1982 271 269 17
"947" 2 0 -46.75 -22.4166666666667 2204 275 265 24
"948" 1 0 -43.4166666666667 -22.0833333333333 2203 295 256 22
"949" 3 0 -44.0833333333333 -23.0833333333333 2072 303 221 46
"950" 3 0 -49.5833333333333 -29.0833333333333 2886 277 142 83
"951" 2 0 -47.25 -23.4166666666667 2302 264 223 36
"952" 2 0 -45.4166666666667 -23.0833333333333 2259 263 238 21
"953" 3 0 -40.5833333333333 -19.75 1652 306 203 33
"954" 3 0 -44.9166666666667 -19.4166666666667 1762 305 268 11
"955" 3 0 -41.4166666666667 -19.5833333333333 1797 324 210 19
"956" 2 0 -43.9166666666667 -19.25 1769 295 291 6
"957" 3 0 -43.4166666666667 -19.25 1958 286 359 9
"958" 3 0 -45.9166666666667 -20.9166666666667 2067 277 285 20
"959" 3 0 -43.0833333333333 -21.0833333333333 2168 293 272 19
"960" 2 0 -50.4166666666667 -28.25 2872 255 158 109
"961" 1 0 -50.25 -26.5833333333333 3186 272 165 85
"962" 3 0 -41.9166666666667 -19.25 1804 313 220 16
"963" 1 0 -40.25 -18.75 1496 313 177 38
"964" 2 0 -40.4166666666667 -17.9166666666667 1492 312 166 35
"965" 2 0 -43.9166666666667 -22.0833333333333 2122 275 270 15
"966" 3 0 -43.75 -21.5833333333333 1979 274 288 16
"967" 1 0 -41.4166666666667 -22.0833333333333 2004 306 146 32
"968" 2 0 -41.75 -21.4166666666667 2126 317 213 19
"969" 3 0 -49.4166666666667 -27.5833333333333 2969 267 194 91
"970" 3 0 -41.0833333333333 -17.5833333333333 1625 319 178 24
"971" 3 0 -41.0833333333333 -18.75 1566 311 199 26
"972" 2 0 -43.75 -19.4166666666667 1787 291 319 7
"973" 1 0 -42.0833333333333 -18.9166666666667 1717 324 212 13
"974" 3 0 -40.4166666666667 -19.4166666666667 1600 310 196 32
"975" 3 0 -44.4166666666667 -23.25 2066 310 244 61
"976" 2 0 -41.4166666666667 -21.0833333333333 1894 308 201 27
"977" 1 0 -42.0833333333333 -18.0833333333333 1757 316 235 11
"978" 3 0 -50.9166666666667 -30.0833333333333 3517 293 144 95
"979" 1 0 -49.9166666666667 -28.0833333333333 2712 244 168 105
"980" 2 0 -42.75 -19.75 2019 300 245 12
"981" 2 0 -41.0833333333333 -17.0833333333333 1686 308 173 25
"982" 3 0 -43.0833333333333 -20.5833333333333 2168 293 233 13
"983" 2 0 -50.5833333333333 -26.75 3079 250 166 106
"984" 2 0 -46.25 -20.9166666666667 2060 275 281 19
"985" 2 0 -46.9166666666667 -24.25 2414 300 284 74
"986" 2 0 -43.9166666666667 -19.9166666666667 1868 284 313 11
"987" 1 0 -46.5833333333333 -21.9166666666667 2240 252 314 26
"988" 2 0 -42.75 -22.5833333333333 2144 308 200 37
"989" 3 0 -44.75 -21.5833333333333 2033 269 310 14
"990" 2 0 -46.75 -20.5833333333333 1940 279 272 13
"991" 2 0 -48.5833333333333 -25.9166666666667 2745 289 283 86
"992" 1 0 -42.0833333333333 -19.5833333333333 2030 294 241 18
"993" 3 0 -46.0833333333333 -20.25 2157 291 277 9
"994" 3 0 -41.4166666666667 -16.75 1735 300 171 15
"995" 1 0 -46.25 -22.75 2208 244 278 30
"996" 2 0 -42.0833333333333 -19.4166666666667 1921 309 227 15
"997" 3 0 -39.9166666666667 -19.5833333333333 1707 314 185 42
"998" 1 0 -41.25 -17.0833333333333 1678 300 174 23
"999" 1 0 -46.75 -21.0833333333333 1885 256 274 17
"1000" 1 0 -40.9166666666667 -20.0833333333333 1711 272 216 35
