"group.all" "pa" "lon" "lat" "wc2.0_bio_10m_04" "wc2.0_bio_10m_05" "wc2.0_bio_10m_13" "wc2.0_bio_10m_14"
"1" 2 1 -48.887631 -25.995931 284.575062228894 25.7817497253418 235 87
"2" 3 1 -46.614167 -23.641944 238.662329133921 27.6049995422363 246 42
"3" 1 1 -49.503056 -27.360833 327.936818601181 27.1457500457764 185 102
"4" 1 1 -49.051944 -27.268611 316.691125861155 27.4174995422363 201 90
"5" 3 1 -48.705 -24.852222 302.735662382513 26.7802505493164 206 68
"9" 3 1 -48.3025 -25.1716 295.803856233987 29.349588394165 310 79
"10" 3 1 -49.41 -27.27 315.687671037783 26.2145004272461 192 97
"11" 1 1 -49.1947222 -27.0927777 316.048123739337 26.7152500152588 195 96
"12" 3 1 -49.0108333 -25.3886111 274.469642280386 26.5662498474121 225 84
"13" 1 1 -43.4794445 -22.5725 224.895367340786 29.5942497253418 264 50
"14" 2 1 -50.9980555 -29.7866666 342.918717482232 28.119499206543 148 101
"16" 2 1 -40.5383333 -19.9747223 198.71825799419 28.324499130249 202 50
"18" 1 1 -50.1294445 -26.9994444 329.84290883905 26.3542499542236 168 95
"21" 2 1 -49.0477777 -26.1925 298.975770231652 25.8092498779297 211 84
"22" 2 1 -49.4977777 -26.9097222 319.554274158392 27.1577491760254 188 98
"23" 3 1 -49.5002778 -26.9102778 319.106249191286 26.1927509307861 179 94
"24" 1 1 -48.8694445 -25.5977777 276.839049501783 26.3657493591309 243 88
"25" 2 1 -42.9991666 -22.4563889 230.480802557151 27.2337493896484 276 37
"1100" 1 0 -48.9166666666667 -21.75 231.38640941519 31.205249786377 230 19
"2100" 2 0 -49.5833333333333 -24.0833333333333 284.407445858221 29.3137493133545 183 49
"3100" 2 0 -40.5833333333333 -16.5833333333333 173.12457383758 30.4220008850098 142 32
"4100" 3 0 -53.25 -29.0833333333333 380.558754532062 29.1227493286133 154 109
"5100" 3 0 -52.0833333333333 -23.9166666666667 293.038144889173 29.4575004577637 189 68
"6" 3 0 -41.9166666666667 -21.25 237.587699125409 32.3607482910156 217 17
"7" 2 0 -41.0833333333333 -20.4166666666667 211.078650648366 27.4185009002686 205 38
"8" 1 0 -40.9166666666667 -22.0833333333333 194.776486742607 30.533332824707 149 27
"9100" 1 0 -42.4166666666667 -21.25 237.209632211458 31.3489990234375 254 20
"1010" 1 0 -43.9166666666667 -18.9166666666667 217.937945155774 30.445499420166 257 6
"1110" 1 0 -54.75 -28.9166666666667 396.448537036898 30.2385005950928 176 135
"1210" 3 0 -51.75 -24.4166666666667 282.320775227767 28.17799949646 189 78
"1310" 2 0 -51.0833333333333 -30.4166666666667 354.052568692426 27.7783126831055 138 92
"1410" 1 0 -52.75 -27.4166666666667 358.331877613203 29.1937503814697 194 125
"15" 3 0 -54.75 -30.75 430.957268202973 29.8497505187988 141 112
"1610" 2 0 -43.0833333333333 -17.9166666666667 196.66811680018 29.2205009460449 254 8
"17" 2 0 -41.75 -21.9166666666667 222.8522355425 31.5602493286133 196 26
"1810" 1 0 -51.9166666666667 -27.75 350.348030745223 27.9012508392334 197 120
"19" 3 0 -54.5833333333333 -29.75 411.517899838912 30.1865005493164 158 125
"20" 2 0 -51.0833333333333 -26.75 324.705475289241 25.4055004119873 168 94
"2110" 1 0 -42.4166666666667 -22.75 221.585810244845 31.6410007476807 165 28
"2210" 1 0 -53.5833333333333 -29.4166666666667 385.898180037567 28.7360000610352 151 124
"2310" 2 0 -42.9166666666667 -19.75 222.73793174456 29.6215000152588 301 14
"2410" 3 0 -54.25 -28.0833333333333 385.180567690854 30.6917495727539 189 136
"2510" 1 0 -42.0833333333333 -20.0833333333333 224.310029863452 28.0734996795654 239 21
"26" 1 0 -39.9166666666667 -18.25 178.473552604404 31.2822494506836 171 60
"27" 1 0 -41.25 -20.9166666666667 214.20839018743 30.8540000915527 190 29
"28" 2 0 -41.0833333333333 -19.0833333333333 189.113698261741 31.3369998931885 192 26
"29" 3 0 -52.0833333333333 -27.25 346.941177011888 28.0879993438721 196 131
"30" 2 0 -42.9166666666667 -19.9166666666667 222.750689485738 29.8145008087158 294 16
"31" 1 0 -46.0833333333333 -22.75 262.547886329424 26.9462509155273 298 30
"32" 1 0 -41.75 -17.25 179.919440405238 29.1477508544922 187 12
"33" 1 0 -51.0833333333333 -22.75 267.744709396624 31.3770008087158 191 40
"34" 2 0 -50.75 -27.25 335.164272598968 25.8819999694824 167 100
"35" 3 0 -49.25 -25.4166666666667 288.677950683998 27.148250579834 210 79
"36" 3 0 -52.75 -30.4166666666667 415.125540946674 29.1219997406006 136 101
"37" 1 0 -39.75 -17.4166666666667 166.61925026788 30.8482494354248 137 58
"38" 1 0 -40.75 -18.9166666666667 188.13282942807 31.0575008392334 186 30
"39" 1 0 -43.5833333333333 -22.5833333333333 227.762603346784 30.3864994049072 254 45
"40" 3 0 -45.75 -21.25 243.990805477465 30.0305004119873 276 23
"41" 1 0 -52.25 -32.0833333333333 403.874495858697 27.634090423584 128 69
"42" 1 0 -41.0833333333333 -19.4166666666667 192.305443875081 32.3440017700195 193 24
"43" 3 0 -49.25 -22.75 241.240563231627 30.181999206543 196 27
"44" 1 0 -51.4166666666667 -30.5833333333333 369.621077128368 27.9845752716064 131 94
"45" 3 0 -41.5833333333333 -19.9166666666667 210.006858748974 30.6784992218018 210 22
"46" 1 0 -48.0833333333333 -23.5833333333333 258.381994099723 28.3680000305176 193 39
"47" 1 0 -44.4166666666667 -23.0833333333333 217.430081826897 31.1771430969238 270 63
"48" 2 0 -53.4166666666667 -29.4166666666667 383.337205369064 28.4662494659424 150 117
"49" 1 0 -39.9166666666667 -18.4166666666667 179.096128925182 31.0874996185303 170 55
"50" 1 0 -47.25 -20.25 196.272509790694 28.869499206543 289 14
"51" 2 0 -43.9166666666667 -22.75 234.976602449768 29.7872505187988 234 27
"52" 1 0 -50.5833333333333 -22.75 269.331710003106 30.7919998168945 188 40
"53" 2 0 -42.5833333333333 -22.5833333333333 226.986982361933 30.2532501220703 179 24
"54" 1 0 -49.75 -27.0833333333333 330.362501359908 27.2002506256104 175 104
"55" 1 0 -42.5833333333333 -21.9166666666667 240.851771275865 30.503999710083 262 20
"56" 2 0 -50.75 -27.75 329.693657594848 25.5117492675781 162 108
"57" 3 0 -52.0833333333333 -25.75 323.551600479714 27.300500869751 192 111
"58" 2 0 -40.4166666666667 -19.25 192.423880013295 30.7280006408691 188 38
"59" 1 0 -52.9166666666667 -30.0833333333333 409.764601433496 29.7199993133545 141 104
"60" 1 0 -48.0833333333333 -22.75 244.92576628372 29.6832504272461 229 27
"61" 3 0 -49.9166666666667 -21.75 262.348018371433 31.206750869751 209 25
"62" 2 0 -42.0833333333333 -17.4166666666667 179.91374249095 29.3484992980957 204 9
"63" 2 0 -43.75 -22.25 233.837049871881 29.1302509307861 232 21
"64" 2 0 -52.5833333333333 -26.4166666666667 331.463724341179 27.5919990539551 206 132
"65" 2 0 -40.75 -16.75 173.265719765663 29.0777492523193 150 31
"66" 3 0 -44.9166666666667 -23.4166666666667 236.627685587874 30.9214286804199 326 98
"67" 3 0 -41.25 -20.5833333333333 214.85355214787 30.7467498779297 197 28
"68" 3 0 -39.75 -18.0833333333333 173.203890857043 30.9037494659424 177 78
"69" 3 0 -45.0833333333333 -23.75 248.708844898378 29.2307682037354 301 88
"70" 1 0 -40.75 -17.4166666666667 183.053111211847 31.8287506103516 172 29
"71" 3 0 -43.75 -19.0833333333333 211.810560332797 28.9720001220703 282 7
"72" 2 0 -40.75 -18.5833333333333 185.440569068582 31.6637496948242 181 29
"73" 2 0 -52.75 -31.9166666666667 413.456905593254 28.7765007019043 133 82
"74" 1 0 -52.75 -26.9166666666667 358.256722037457 29.1679992675781 208 140
"75" 2 0 -51.25 -31.0833333333333 370.878761555453 27.3411750793457 134 84
"76" 1 0 -40.9166666666667 -19.0833333333333 190.014307845005 30.2257499694824 192 30
"77" 2 0 -49.4166666666667 -24.9166666666667 309.943741589963 29.5557498931885 158 66
"78" 3 0 -49.4166666666667 -22.25 248.342993256822 30.824499130249 204 31
"79" 2 0 -50.0833333333333 -26.75 329.611035163936 26.4417495727539 166 91
"80" 2 0 -52.25 -24.4166666666667 281.797333258833 27.9812507629395 194 73
"81" 1 0 -49.9166666666667 -22.75 276.784784616251 30.6767501831055 203 40
"82" 2 0 -45.5833333333333 -20.0833333333333 240.166431730097 31.826000213623 284 14
"83" 1 0 -51.75 -27.75 344.507218827757 27.5302505493164 198 113
"84" 3 0 -54.4166666666667 -29.9166666666667 411.805841771251 29.9587497711182 156 124
"85" 3 0 -42.9166666666667 -22.75 219.323056325203 32.0065002441406 189 28
"86" 3 0 -46.0833333333333 -21.0833333333333 238.067615676841 29.8372497558594 275 21
"87" 2 0 -42.25 -18.5833333333333 208.087272045797 30.1257495880127 248 17
"88" 1 0 -42.4166666666667 -22.4166666666667 238.465462305837 27.4512500762939 222 27
"89" 3 0 -49.25 -24.9166666666667 304.702387003935 28.4930000305176 173 63
"90" 3 0 -42.25 -20.0833333333333 226.048096790686 29.9039993286133 236 16
"91" 2 0 -41.4166666666667 -17.5833333333333 189.194478443735 31.4025001525879 175 19
"92" 2 0 -41.75 -21.5833333333333 229.116020904658 31.9230003356934 196 19
"93" 3 0 -52.9166666666667 -29.0833333333333 371.643484108539 28.1312503814697 161 96
"94" 3 0 -44.5833333333333 -22.75 251.561435306904 25.8279991149902 283 29
"95" 2 0 -54.5833333333333 -31.25 434.372768939507 29.4939994812012 136 107
"96" 1 0 -47.5833333333333 -21.5833333333333 222.133835349286 30.0762500762939 254 24
"97" 1 0 -43.0833333333333 -22.75 216.073247765545 31.3978729248047 192 35
"98" 2 0 -43.5833333333333 -19.75 198.681238932183 28.8024997711182 325 15
"99" 2 0 -48.75 -26.25 296.113861028282 28.724573135376 258 82
"100" 3 0 -42.4166666666667 -22.25 246.971130520618 26.9512500762939 244 27
"101" 1 0 -47.0833333333333 -22.9166666666667 230.561099227801 28.89674949646 230 28
"102" 3 0 -47.25 -20.5833333333333 199.538320397009 28.0100002288818 285 19
"103" 3 0 -49.75 -28.4166666666667 294.410969285144 22.9055004119873 170 107
"104" 1 0 -52.75 -28.25 364.193854293405 28.8402500152588 180 126
"105" 3 0 -42.25 -19.75 214.46914607817 30.77174949646 232 14
"106" 2 0 -47.9166666666667 -24.25 288.347045266474 30.6712493896484 229 54
"107" 1 0 -50.9166666666667 -27.4166666666667 330.574414888125 25.5004997253418 173 105
"108" 3 0 -51.0833333333333 -25.9166666666667 306.999332409012 25.2072505950928 176 91
"109" 2 0 -51.25 -29.9166666666667 355.866614261733 28.7529106140137 145 100
"110" 3 0 -47.0833333333333 -23.25 230.394065519862 26.8387508392334 230 33
"111" 1 0 -51.75 -30.9166666666667 387.622063403064 28.173999786377 133 92
"112" 1 0 -44.4166666666667 -22.9166666666667 230.380510663641 28.79909324646 266 40
"113" 1 0 -49.4166666666667 -23.5833333333333 267.762474008207 30.0329990386963 179 43
"114" 3 0 -46.5833333333333 -22.25 225.16243653672 28.36549949646 276 25
"115" 3 0 -51.9166666666667 -27.4166666666667 351.970679121817 28.2089996337891 196 122
"116" 2 0 -54.75 -30.0833333333333 419.81638488888 30.1364994049072 152 119
"117" 2 0 -41.0833333333333 -20.5833333333333 211.860454158939 28.7290000915527 198 36
"118" 2 0 -51.9166666666667 -26.25 319.448186617811 25.6752490997314 193 111
"119" 2 0 -42.9166666666667 -17.4166666666667 181.845869041714 30.2317504882812 231 5
"120" 2 0 -42.9166666666667 -23.0833333333333 205.187918313688 31.2999992370605 168 24
"121" 2 0 -42.75 -21.25 229.173959591824 30.5114994049072 241 15
"122" 1 0 -51.75 -31.0833333333333 387.716065292538 27.955249786377 133 88
"123" 1 0 -49.0833333333333 -22.25 222.527159107413 30.8215007781982 205 26
"124" 2 0 -51.75 -26.75 318.146811764752 25.1625003814697 186 107
"125" 1 0 -50.25 -27.9166666666667 315.126501209662 24.3355007171631 147 100
"126" 2 0 -52.5833333333333 -28.25 361.915632296818 28.6770000457764 187 124
"127" 2 0 -51.9166666666667 -29.25 363.897654137474 28.0762500762939 168 87
"128" 3 0 -44.25 -23.0833333333333 214.98527563791 30.7447376251221 246 54
"129" 2 0 -49.5833333333333 -27.75 307.228471689309 24.4497509002686 185 100
"130" 2 0 -48.75 -22.0833333333333 235.890926385946 30.8225002288818 225 21
"131" 2 0 -44.5833333333333 -22.4166666666667 242.997149261353 27.1714992523193 295 26
"132" 3 0 -44.9166666666667 -21.9166666666667 257.795785245979 30.0405006408691 292 17
"133" 2 0 -43.25 -21.0833333333333 220.501721023019 29.0139999389648 265 20
"134" 1 0 -43.4166666666667 -19.9166666666667 212.569916332102 29.6817493438721 316 15
"135" 3 0 -51.25 -22.75 263.850983616792 31.4120006561279 179 40
"136" 1 0 -48.4166666666667 -20.9166666666667 190.044154610105 30.6389999389648 257 15
"137" 1 0 -46.9166666666667 -24.4166666666667 259.081628254106 30.8999996185303 285 73
"138" 2 0 -41.4166666666667 -16.75 179.221765783238 29.8712501525879 170 11
"139" 2 0 -51.4166666666667 -26.4166666666667 320.653979816223 25.3400001525879 171 107
"140" 1 0 -43.5833333333333 -21.4166666666667 204.930866125526 27.7972507476807 298 18
"141" 3 0 -50.5833333333333 -30.5833333333333 348.92018911907 27.6300010681152 146 89
"142" 1 0 -52.4166666666667 -24.9166666666667 304.370688688178 27.9817504882812 216 88
"143" 3 0 -41.75 -18.75 182.222277458054 32.7075004577637 201 20
"144" 3 0 -42.0833333333333 -19.25 191.208112473924 31.9745006561279 225 17
"145" 2 0 -48.4166666666667 -23.9166666666667 282.377484464489 28.3229999542236 192 41
"146" 3 0 -42.4166666666667 -18.5833333333333 220.204725335159 29.0667495727539 271 16
"147" 1 0 -52.0833333333333 -27.75 351.146645366679 28.1124992370605 199 123
"148" 1 0 -47.0833333333333 -22.5833333333333 244.075465211412 29.2427501678467 234 23
"149" 2 0 -51.25 -25.0833333333333 286.915808378228 26.3547496795654 183 92
"150" 3 0 -50.5833333333333 -29.4166666666667 318.114917564817 24.3064994812012 196 132
"151" 3 0 -45.5833333333333 -20.9166666666667 237.703785920813 29.722749710083 282 21
"152" 3 0 -51.75 -24.5833333333333 282.783830469231 27.3735008239746 201 80
"153" 1 0 -51.9166666666667 -23.0833333333333 274.716178747403 29.5247497558594 165 45
"154" 2 0 -50.5833333333333 -22.25 268.57694379653 30.673999786377 199 30
"155" 2 0 -44.4166666666667 -20.4166666666667 199.124484059648 28.7192497253418 319 15
"156" 2 0 -52.5833333333333 -27.5833333333333 350.875147726167 28.3947505950928 188 124
"157" 1 0 -42.75 -18.5833333333333 240.566563156403 29.105749130249 296 13
"158" 3 0 -41.9166666666667 -19.25 192.4191102639 31.4992504119873 218 19
"159" 1 0 -48.4166666666667 -23.25 239.659677222195 29.2075004577637 206 33
"160" 3 0 -51.0833333333333 -25.25 300.777984649127 27.0114994049072 177 90
"161" 1 0 -42.0833333333333 -21.4166666666667 244.977257311026 31.5 235 19
"162" 2 0 -50.0833333333333 -21.75 264.580650063074 31.2767505645752 199 25
"163" 1 0 -48.25 -25.5833333333333 299.270788545472 29.0562496185303 288 86
"164" 3 0 -41.5833333333333 -18.0833333333333 190.396128636497 30.835750579834 194 19
"165" 1 0 -46.5833333333333 -21.75 225.509399667353 27.5869998931885 293 23
"166" 3 0 -46.9166666666667 -24.25 251.82106808025 30.7308025360107 278 74
"167" 3 0 -43.0833333333333 -18.5833333333333 231.050786192489 28.6412506103516 291 14
"168" 1 0 -50.25 -25.25 301.643682517934 27.4375 180 77
"169" 3 0 -47.0833333333333 -20.9166666666667 212.497284180231 28.4095001220703 278 17
"170" 2 0 -51.4166666666667 -26.75 315.603598260138 24.4487495422363 176 104
"171" 3 0 -42.0833333333333 -18.75 192.968996365839 32.0139999389648 223 18
"172" 3 0 -53.4166666666667 -28.9166666666667 376.803090535973 29.2402496337891 164 119
"173" 2 0 -50.25 -24.25 278.258807675335 27.8075008392334 179 66
"174" 2 0 -49.5833333333333 -21.75 259.535786712094 31.4027500152588 207 24
"175" 1 0 -40.4166666666667 -17.5833333333333 179.382493425614 31.5647506713867 166 35
"176" 1 0 -51.9166666666667 -30.75 387.050719442356 27.5659999847412 133 99
"177" 3 0 -53.9166666666667 -29.0833333333333 381.419355112465 29.1232509613037 170 131
"178" 3 0 -50.4166666666667 -30.4166666666667 345.144032437048 27.6527500152588 148 89
"179" 3 0 -52.4166666666667 -26.75 335.882508428974 28.4559993743896 230 152
"180" 3 0 -45.9166666666667 -21.75 241.402594408079 30.0302505493164 291 28
"181" 1 0 -47.5833333333333 -22.75 251.054447495249 29.1022491455078 233 25
"182" 2 0 -51.25 -22.9166666666667 265.863094366438 30.5935001373291 181 46
"183" 1 0 -43.25 -22.4166666666667 219.69159559357 26.0580005645752 292 45
"184" 2 0 -44.0833333333333 -22.5833333333333 241.661150985167 30.1299991607666 243 21
"185" 1 0 -41.9166666666667 -19.75 214.821260286675 29.9597492218018 221 19
"186" 3 0 -51.9166666666667 -29.0833333333333 359.20696957326 27.5967502593994 164 103
"187" 2 0 -49.75 -24.75 289.589768415795 27.222749710083 210 78
"188" 2 0 -51.25 -31.4166666666667 376.812378585336 27.25803565979 132 78
"189" 2 0 -50.9166666666667 -23.4166666666667 268.544568773349 29.949499130249 188 56
"190" 2 0 -50.0833333333333 -28.75 293.564382787647 23.4837493896484 167 119
"191" 3 0 -41.75 -21.4166666666667 230.597774792618 32.1209983825684 201 20
"192" 1 0 -51.9166666666667 -29.9166666666667 379.575204423089 28.8955001831055 153 89
"193" 3 0 -40.0833333333333 -19.5833333333333 198.8217901148 31.3955001831055 189 43
"194" 3 0 -40.5833333333333 -19.25 191.959600487842 30.7887496948242 189 37
"195" 1 0 -51.25 -26.25 332.612223598858 26.3964996337891 168 112
"196" 1 0 -48.5833333333333 -27.4166666666667 314.532036147378 28.6880741119385 188 99
"197" 3 0 -44.4166666666667 -22.0833333333333 234.13958499135 27.4594993591309 299 22
"198" 2 0 -47.4166666666667 -23.75 243.692220567848 25.6047496795654 251 53
"199" 2 0 -53.25 -32.5833333333333 423.149981717309 28.0725002288818 127 82
"200" 2 0 -52.9166666666667 -27.5833333333333 367.175397640923 28.8262500762939 193 127
"201" 2 0 -49.5833333333333 -27.9166666666667 302.199589502868 23.6180000305176 183 103
"202" 1 0 -47.5833333333333 -21.25 218.363397353148 30.3435001373291 263 24
"203" 1 0 -51.75 -28.75 346.25632775975 26.7964992523193 179 117
"204" 2 0 -48.4166666666667 -24.5833333333333 308.100982800619 29.8134994506836 213 55
"205" 3 0 -42.25 -19.4166666666667 196.95153041273 31.3652496337891 236 17
"206" 3 0 -43.9166666666667 -20.0833333333333 184.550766123388 27.6267509460449 325 15
"207" 3 0 -43.25 -20.5833333333333 226.856431112706 29.5197505950928 270 17
"208" 1 0 -46.25 -23.9166666666667 241.570426159019 30.4627513885498 345 121
"209" 1 0 -49.5833333333333 -28.75 331.091241471852 28.9097499847412 155 80
"210" 1 0 -43.0833333333333 -19.4166666666667 226.165732638049 30.0314998626709 315 12
"211" 1 0 -47.9166666666667 -25.25 286.005602579052 29.947826385498 349 88
"212" 3 0 -51.25 -25.5833333333333 281.98436343398 24.4915008544922 184 97
"213" 2 0 -47.0833333333333 -20.4166666666667 198.57712393482 27.4332504272461 290 17
"214" 1 0 -50.75 -25.4166666666667 305.037243319036 26.6455001831055 175 79
"215" 1 0 -46.4166666666667 -22.75 240.893240038724 26.8312492370605 275 28
"216" 2 0 -47.75 -22.75 250.352143142394 29.3512496948242 231 25
"217" 1 0 -44.4166666666667 -19.25 202.99178372827 30.7870006561279 265 8
"218" 3 0 -50.5833333333333 -26.25 335.416359391177 26.9047508239746 162 84
"219" 3 0 -42.75 -20.4166666666667 232.149536224712 30.8867492675781 251 17
"220" 2 0 -42.4166666666667 -20.5833333333333 229.523678135329 27.1357498168945 253 21
"221" 3 0 -51.0833333333333 -25.5833333333333 290.508545538921 25.0482501983643 182 94
"222" 1 0 -45.5833333333333 -19.9166666666667 236.093716830077 31.9217491149902 288 12
"223" 1 0 -48.9166666666667 -21.9166666666667 234.08865631218 31.2215003967285 221 21
"224" 3 0 -46.4166666666667 -22.9166666666667 238.658617890378 26.6797504425049 254 28
"225" 2 0 -42.4166666666667 -17.25 174.9814568614 30.1875 212 6
"226" 3 0 -40.75 -16.9166666666667 182.075393686635 30.7045001983643 161 28
"227" 1 0 -50.4166666666667 -30.0833333333333 341.798340130565 28.0287494659424 147 92
"228" 3 0 -45.25 -21.75 262.841464117901 30.6242504119873 289 16
"229" 2 0 -51.75 -24.0833333333333 290.713180884156 29.472749710083 201 74
"230" 3 0 -51.9166666666667 -30.0833333333333 383.394580855515 28.6224994659424 147 97
"231" 1 0 -47.0833333333333 -21.5833333333333 233.060408594366 30.9769992828369 249 18
"232" 1 0 -43.75 -21.9166666666667 216.675937395133 27.6067504882812 259 18
"233" 1 0 -47.25 -23.75 242.581156299492 25.5244998931885 257 54
"234" 2 0 -47.4166666666667 -21.5833333333333 223.749611070426 29.7915000915527 258 22
"235" 2 0 -48.75 -25.25 295.454143898324 28.214750289917 259 71
"236" 2 0 -50.0833333333333 -23.75 283.991450519858 29.8514995574951 170 58
"237" 1 0 -51.4166666666667 -27.0833333333333 340.68240153496 27.1270008087158 191 100
"238" 3 0 -44.0833333333333 -22.0833333333333 230.090263576178 27.9692497253418 264 18
"239" 2 0 -44.4166666666667 -21.25 221.892730486006 28.7397499084473 318 14
"240" 2 0 -53.4166666666667 -30.0833333333333 410.626824431653 29.7835006713867 142 114
"241" 2 0 -52.4166666666667 -32.4166666666667 404.679781625968 27.3266849517822 122 70
"242" 2 0 -51.0833333333333 -27.0833333333333 335.079449020793 26.3522491455078 174 95
"243" 1 0 -39.9166666666667 -18.9166666666667 187.895512505191 31.1240005493164 174 45
"244" 3 0 -50.25 -23.9166666666667 279.628139060952 28.8612499237061 180 60
"245" 1 0 -52.0833333333333 -29.5833333333333 380.257031389323 29.2727489471436 170 67
"246" 2 0 -43.25 -21.9166666666667 222.315387990146 28.9069995880127 251 21
"247" 3 0 -48.0833333333333 -24.5833333333333 299.356711916307 30.9682502746582 237 53
"248" 3 0 -47.0833333333333 -24.25 257.888311027193 29.5012493133545 284 71
"249" 1 0 -53.0833333333333 -29.0833333333333 379.785395708348 29.0212497711182 158 102
"250" 3 0 -40.0833333333333 -19.75 196.662922586559 31.1103076934814 190 47
"251" 1 0 -41.5833333333333 -18.4166666666667 188.846144696122 31.8334999084473 197 19
"252" 1 0 -49.9166666666667 -25.0833333333333 290.853674235562 27.0782508850098 201 86
"253" 2 0 -43.4166666666667 -18.4166666666667 194.271375859653 26.6597499847412 279 9
"254" 1 0 -51.4166666666667 -28.4166666666667 334.673705778628 26.4829998016357 188 116
"255" 3 0 -49.25 -21.9166666666667 250.396319289513 31.3624992370605 210 24
"256" 3 0 -44.0833333333333 -21.0833333333333 213.42854758606 28.2612495422363 289 14
"257" 1 0 -46.5833333333333 -23.4166666666667 229.79547520473 26.3182506561279 239 35
"258" 2 0 -51.5833333333333 -24.0833333333333 295.585200618997 29.5777492523193 201 72
"259" 1 0 -40.75 -20.25 206.260326281008 28.6725006103516 200 47
"260" 2 0 -41.75 -18.9166666666667 181.739962747802 32.9202499389648 201 19
"261" 2 0 -49.4166666666667 -26.5833333333333 308.093214771943 25.4729995727539 187 83
"262" 1 0 -53.5833333333333 -28.9166666666667 378.515531433546 29.4405002593994 169 123
"263" 1 0 -49.4166666666667 -24.4166666666667 291.695364185956 27.7377490997314 203 62
"264" 3 0 -51.0833333333333 -28.75 323.669561310226 25.4559993743896 183 119
"265" 1 0 -52.25 -23.9166666666667 288.552017989069 29.2957496643066 179 69
"266" 3 0 -52.25 -25.25 300.458017901329 26.6662502288818 198 101
"267" 2 0 -42.5833333333333 -21.75 238.565841531061 31.2840003967285 255 19
"268" 2 0 -46.4166666666667 -22.0833333333333 218.860302618785 27.875 295 28
"269" 2 0 -39.4166666666667 -17.75 164.441728319392 30.4754390716553 173 79
"270" 1 0 -41.75 -22.75 199.742279057454 28.7000007629395 156 47
"271" 1 0 -46.5833333333333 -22.9166666666667 237.788790322737 27.4532508850098 234 29
"272" 3 0 -41.9166666666667 -20.4166666666667 227.462627450266 28.3332500457764 228 22
"273" 1 0 -53.25 -26.9166666666667 376.071387618929 29.3495006561279 207 142
"274" 1 0 -50.5833333333333 -25.75 323.960169545638 26.963249206543 176 79
"275" 2 0 -41.75 -19.25 190.49691010724 31.8377494812012 209 18
"276" 1 0 -52.0833333333333 -24.75 287.059980048597 27.3057498931885 207 87
"277" 1 0 -52.75 -26.5833333333333 342.660520933308 28.3229999542236 210 142
"278" 2 0 -46.5833333333333 -20.75 227.85174318123 29.7447490692139 285 14
"279" 2 0 -48.9166666666667 -23.9166666666667 288.707984680845 29.0179996490479 170 47
"280" 2 0 -48.0833333333333 -21.9166666666667 226.853433125641 28.8992500305176 238 23
"281" 3 0 -52.0833333333333 -28.5833333333333 354.721631550385 27.7032508850098 180 123
"282" 3 0 -47.9166666666667 -20.5833333333333 181.658281024987 29.4877490997314 296 12
"283" 1 0 -47.75 -24.4166666666667 289.553867154306 30.8425006866455 244 61
"284" 2 0 -52.0833333333333 -28.0833333333333 354.284560398829 28.16575050354 199 121
"285" 3 0 -40.9166666666667 -21.0833333333333 206.527868695411 31.5105266571045 166 34
"286" 3 0 -41.4166666666667 -17.9166666666667 188.927488705471 31.1732501983643 183 20
"287" 3 0 -41.25 -20.0833333333333 209.095252430211 29.2290000915527 210 33
"288" 2 0 -47.75 -22.0833333333333 222.268400679804 28.1574993133545 247 26
"289" 2 0 -45.25 -20.5833333333333 221.426803292951 29.0877494812012 298 18
"290" 1 0 -48.75 -26.4166666666667 302.804339539457 29.3268032073975 250 82
"291" 1 0 -52.0833333333333 -30.25 391.576644503507 28.2509994506836 139 97
"292" 3 0 -44.9166666666667 -20.0833333333333 217.376881100229 30.9462490081787 300 13
"293" 3 0 -52.0833333333333 -25.0833333333333 293.569418680934 26.6142501831055 205 97
"294" 1 0 -48.75 -28.4166666666667 304.906885032914 28.398229598999 161 90
"295" 2 0 -51.5833333333333 -27.5833333333333 340.728781761882 27.1984996795654 198 104
"296" 3 0 -45.25 -20.0833333333333 218.204290360858 30.1084995269775 296 16
"297" 1 0 -50.25 -29.4166666666667 311.130864042015 24.3215007781982 185 126
"298" 1 0 -45.75 -23.0833333333333 244.880580043823 28.5267505645752 225 26
"299" 1 0 -52.9166666666667 -31.75 412.398568079441 28.5467491149902 136 86
"300" 2 0 -53.75 -30.0833333333333 410.958840113387 29.9077491760254 146 119
"301" 1 0 -50.75 -25.5833333333333 315.399330922034 26.855749130249 173 81
"302" 3 0 -43.0833333333333 -20.0833333333333 222.976721888976 30.0300006866455 293 15
"303" 3 0 -53.0833333333333 -25.0833333333333 305.03067370683 27.3027496337891 218 95
"304" 3 0 -50.5833333333333 -28.0833333333333 315.913724522395 24.8780002593994 154 105
"305" 2 0 -41.4166666666667 -18.75 184.450335701215 31.5147495269775 194 21
"306" 1 0 -49.4166666666667 -28.9166666666667 335.959727330966 29.0263004302979 149 81
"307" 3 0 -52.4166666666667 -29.9166666666667 396.666479224074 29.2497501373291 155 83
"308" 2 0 -48.5833333333333 -23.0833333333333 226.438152513173 28.451000213623 215 36
"309" 1 0 -41.75 -20.75 230.096827412981 29.394250869751 218 25
"310" 2 0 -49.75 -25.4166666666667 292.651546947548 26.1364994049072 193 81
"311" 3 0 -50.9166666666667 -31.0833333333333 364.563420970173 27.4637794494629 136 85
"312" 1 0 -52.5833333333333 -25.25 308.076673116311 27.1622505187988 205 97
"313" 3 0 -41.0833333333333 -16.75 181.435448638782 30.4549999237061 163 18
"314" 1 0 -48.25 -22.0833333333333 236.005559511861 29.6347503662109 241 22
"315" 1 0 -53.75 -27.0833333333333 396.13211108352 30.4642505645752 195 139
"316" 3 0 -52.25 -29.25 362.72226911811 27.4987506866455 180 69
"317" 2 0 -51.9166666666667 -23.25 288.151246411811 29.0322494506836 160 45
"318" 1 0 -50.5833333333333 -27.5833333333333 324.51772020113 24.8812503814697 158 102
"319" 1 0 -51.4166666666667 -26.9166666666667 328.190650030332 25.8889999389648 181 99
"320" 3 0 -50.5833333333333 -25.25 303.35377907111 27.0647506713867 165 75
"321" 2 0 -50.0833333333333 -28.0833333333333 308.780672607337 23.9112491607666 154 99
"322" 2 0 -41.25 -20.25 211.260090282797 27.8067493438721 212 36
"323" 3 0 -50.5833333333333 -26.4166666666667 325.946913449358 25.4179992675781 163 83
"324" 2 0 -45.25 -22.9166666666667 231.851131607726 28.7810001373291 239 21
"325" 3 0 -43.5833333333333 -22.9166666666667 214.175787836214 32.243968963623 195 45
"326" 2 0 -46.75 -20.9166666666667 220.010521055047 28.2674999237061 280 16
"327" 3 0 -52.4166666666667 -27.4166666666667 346.383324436627 27.8605003356934 192 127
"328" 3 0 -40.9166666666667 -20.5833333333333 208.992199310744 28.244499206543 195 43
"329" 3 0 -54.4166666666667 -28.5833333333333 391.452865726764 30.621000289917 185 138
"330" 1 0 -50.4166666666667 -30.5833333333333 349.750559541396 27.6146717071533 152 88
"331" 3 0 -40.9166666666667 -17.9166666666667 184.341813644225 31.7670001983643 176 27
"332" 3 0 -42.4166666666667 -21.75 242.128053432813 31.6380004882812 248 19
"333" 3 0 -52.9166666666667 -30.5833333333333 414.7820428298 28.6375007629395 136 103
"334" 2 0 -47.25 -24.4166666666667 268.012180129529 28.6047496795654 287 83
"335" 1 0 -43.9166666666667 -21.75 212.204339697165 26.9095001220703 283 19
"336" 2 0 -51.5833333333333 -29.75 363.518289970471 28.5867500305176 153 99
"337" 2 0 -49.75 -26.5833333333333 313.404101524493 25.4232501983643 172 84
"338" 3 0 -42.75 -22.75 219.192363274589 31.429500579834 187 24
"339" 2 0 -40.5833333333333 -20.0833333333333 200.611415571913 29.0212497711182 200 51
"340" 1 0 -51.5833333333333 -28.25 335.722128559496 26.2889995574951 195 118
"341" 2 0 -45.5833333333333 -23.25 251.964998012226 26.9287490844727 241 26
"342" 1 0 -49.0833333333333 -27.5833333333333 306.606376715155 25.8985004425049 214 92
"343" 3 0 -53.25 -31.75 412.550389199694 27.7994995117188 136 90
"344" 3 0 -50.75 -30.4166666666667 350.421136760982 27.8037967681885 145 88
"345" 2 0 -49.5833333333333 -22.4166666666667 259.12148748873 30.6252498626709 210 31
"346" 1 0 -51.25 -26.4166666666667 327.810727302974 25.7397499084473 165 104
"347" 3 0 -41.75 -19.4166666666667 199.849211736493 30.1159992218018 217 20
"348" 2 0 -47.4166666666667 -22.4166666666667 246.111808611319 29.0237503051758 242 21
"349" 1 0 -54.25 -31.4166666666667 428.349695495486 29.5187492370605 139 102
"350" 1 0 -44.4166666666667 -21.4166666666667 224.579193540614 28.9792499542236 308 16
"351" 2 0 -45.25 -20.75 222.883975416575 29.0865001678467 304 19
"352" 2 0 -42.75 -18.9166666666667 229.096742210304 29.1009998321533 294 14
"353" 1 0 -40.75 -19.75 196.896692509875 30.6509990692139 198 39
"354" 3 0 -46.4166666666667 -24.0833333333333 245.019710180057 31.4921054840088 324 105
"355" 3 0 -45.4166666666667 -22.75 261.252239283588 27.7604999542236 283 29
"356" 1 0 -39.75 -18.9166666666667 187.284120805559 31.2260265350342 171 49
"357" 1 0 -47.9166666666667 -21.25 205.370753510498 29.8637504577637 254 23
"358" 1 0 -51.75 -29.5833333333333 365.205161997462 28.5387496948242 161 86
"359" 1 0 -41.5833333333333 -17.0833333333333 181.269903699107 29.2639999389648 178 14
"360" 2 0 -52.4166666666667 -30.75 409.026301093406 28.4664993286133 138 98
"361" 2 0 -53.25 -30.4166666666667 416.6291243471 29.4465007781982 135 108
"362" 1 0 -52.5833333333333 -31.9166666666667 407.344841616476 28.5397510528564 135 79
"363" 3 0 -52.0833333333333 -31.5833333333333 397.100861938593 27.9175262451172 133 76
"364" 1 0 -41.9166666666667 -17.9166666666667 192.18682229576 31.1054992675781 205 13
"365" 1 0 -52.25 -31.4166666666667 399.444773971869 28.0682506561279 138 84
"366" 2 0 -53.5833333333333 -30.0833333333333 411.023255493569 29.8484992980957 142 117
"367" 3 0 -49.25 -27.25 316.945320402825 26.8662490844727 197 94
"368" 2 0 -41.5833333333333 -20.5833333333333 223.6558419361 29.9047508239746 210 25
"369" 2 0 -49.5833333333333 -21.5833333333333 251.636062500711 31.3425006866455 210 22
"370" 3 0 -48.9166666666667 -21.4166666666667 220.624597568285 31.3050003051758 236 19
"371" 2 0 -46.0833333333333 -21.5833333333333 234.707751336881 29.8780002593994 287 25
"372" 2 0 -51.25 -26.75 321.457522277785 24.982250213623 171 99
"373" 1 0 -54.5833333333333 -29.4166666666667 400.102047786489 29.80299949646 162 131
"374" 1 0 -52.25 -24.75 296.392012331046 28.1002502441406 211 81
"375" 2 0 -46.0833333333333 -23.75 244.623401180995 27.9840545654297 336 107
"376" 1 0 -40.5833333333333 -17.5833333333333 180.172821080439 31.6895008087158 169 31
"377" 2 0 -49.25 -25.9166666666667 304.401484270748 25.2164993286133 181 78
"378" 3 0 -45.4166666666667 -23.4166666666667 254.016347583938 26.6319999694824 259 38
"379" 2 0 -54.5833333333333 -28.5833333333333 394.396431550479 30.7507495880127 185 140
"380" 1 0 -44.5833333333333 -21.0833333333333 222.186889736976 29.1027507781982 350 17
"381" 1 0 -51.0833333333333 -22.9166666666667 267.025414278381 30.6502494812012 186 44
"382" 3 0 -51.5833333333333 -27.0833333333333 331.55190139824 26.5499992370605 193 104
"383" 2 0 -42.9166666666667 -17.75 191.471670252928 29.0307502746582 249 7
"384" 3 0 -50.5833333333333 -26.5833333333333 325.573859240203 25.3887500762939 164 86
"385" 2 0 -52.9166666666667 -24.9166666666667 314.082563093017 28.5032501220703 214 85
"386" 1 0 -50.4166666666667 -29.75 328.203308760906 26.7350006103516 161 104
"387" 2 0 -47.5833333333333 -20.4166666666667 184.627128201058 27.8932495117188 287 14
"388" 1 0 -51.25 -30.0833333333333 358.840121404298 28.60546875 143 99
"389" 3 0 -52.75 -30.25 414.050192223034 29.83424949646 138 100
"390" 1 0 -52.25 -27.75 347.80328485833 28.0822505950928 200 124
"391" 1 0 -40.5833333333333 -19.4166666666667 194.725129309469 31.2647495269775 191 34
"392" 3 0 -48.25 -21.75 225.665007969942 29.6117496490479 239 20
"393" 3 0 -43.9166666666667 -22.0833333333333 228.952974410665 28.3602504730225 252 18
"394" 1 0 -52.0833333333333 -24.5833333333333 287.184410265221 28.0552501678467 191 80
"395" 2 0 -54.0833333333333 -28.5833333333333 385.274591439248 30.2779998779297 184 133
"396" 1 0 -51.5833333333333 -25.5833333333333 292.062565435191 25.9547500610352 181 100
"397" 3 0 -46.0833333333333 -21.25 239.722222462548 29.9564990997314 275 22
"398" 1 0 -52.0833333333333 -31.4166666666667 398.413907929988 28.1078491210938 135 81
"399" 2 0 -43.25 -20.75 226.899436897523 29.5507507324219 264 19
"400" 1 0 -47.5833333333333 -21.0833333333333 211.629926557664 29.7975006103516 265 21
"401" 1 0 -52.75 -31.25 408.996455464183 27.3977508544922 143 92
"402" 1 0 -41.25 -19.4166666666667 195.936154028143 31.9820003509521 196 23
"403" 2 0 -42.4166666666667 -19.0833333333333 202.407814539801 30.9519996643066 254 15
"404" 1 0 -47.0833333333333 -22.0833333333333 234.275201305565 30.3810005187988 244 20
"405" 1 0 -52.0833333333333 -25.25 300.328538123344 26.7937507629395 199 101
"406" 2 0 -47.9166666666667 -23.4166666666667 251.008051698594 28.4332504272461 196 34
"407" 2 0 -49.25 -22.0833333333333 242.528221242973 31.1280002593994 203 27
"408" 2 0 -53.0833333333333 -26.25 324.192130187244 28.2122497558594 210 129
"409" 2 0 -48.9166666666667 -21.0833333333333 205.336418054773 31.1917495727539 243 20
"410" 1 0 -47.75 -24.0833333333333 272.788180650785 28.3162498474121 227 59
"411" 3 0 -51.0833333333333 -27.9166666666667 329.200812471269 25.8657493591309 176 110
"412" 3 0 -50.75 -22.5833333333333 269.136419435174 31.1119995117188 196 38
"413" 1 0 -50.9166666666667 -22.4166666666667 264.205976161932 31.5262508392334 206 37
"414" 1 0 -40.5833333333333 -18.75 186.048780401755 31.5427494049072 181 34
"415" 2 0 -44.9166666666667 -19.9166666666667 216.193778763665 31.1919994354248 300 11
"416" 1 0 -51.25 -29.75 355.274280551828 28.7744998931885 147 102
"417" 1 0 -40.4166666666667 -16.9166666666667 173.815744243095 29.849250793457 148 44
"418" 3 0 -43.75 -21.25 198.296740727896 27.175500869751 277 19
"419" 2 0 -45.5833333333333 -22.9166666666667 241.814264177968 28.8647499084473 235 25
"420" 2 0 -53.5833333333333 -31.25 420.140705710825 28.6380004882812 144 100
"421" 3 0 -53.25 -28.75 375.550568984214 29.2360000610352 164 117
"422" 2 0 -48.0833333333333 -21.75 227.681470758604 29.5575008392334 237 22
"423" 1 0 -47.75 -23.0833333333333 245.169094172116 29.0007495880127 210 28
"424" 3 0 -53.0833333333333 -28.75 376.874939496931 29.0597496032715 157 114
"425" 1 0 -41.75 -17.9166666666667 189.789317406335 29.8680000305176 202 18
"426" 3 0 -48.4166666666667 -22.5833333333333 244.431855444889 30.2854995727539 226 28
"427" 3 0 -51.0833333333333 -24.75 303.904843775969 28.169750213623 177 81
"428" 2 0 -50.25 -28.5833333333333 298.343124230683 24.4249992370605 156 109
"429" 2 0 -46.5833333333333 -23.0833333333333 236.613043891437 26.9685001373291 234 29
"430" 3 0 -52.25 -26.9166666666667 328.119100956988 27.2002506256104 221 142
"431" 3 0 -40.25 -17.0833333333333 171.968567638816 29.7899990081787 150 52
"432" 3 0 -48.75 -22.75 232.44415810535 29.3315010070801 222 29
"433" 1 0 -42.9166666666667 -20.25 227.655164564464 30.9759998321533 263 15
"434" 2 0 -41.75 -20.0833333333333 217.635494511083 30.2477493286133 215 21
"435" 2 0 -52.75 -27.5833333333333 359.166994770954 28.5537490844727 190 125
"436" 1 0 -48.5833333333333 -23.9166666666667 286.613355038084 29.0052509307861 186 41
"437" 1 0 -44.0833333333333 -19.4166666666667 203.750388838543 31.0427494049072 269 10
"438" 2 0 -47.0833333333333 -20.75 207.834665308144 27.8552494049072 283 18
"439" 2 0 -43.4166666666667 -21.75 212.809699175365 28.2787494659424 264 18
"440" 3 0 -39.5833333333333 -18.25 172.469465471984 30.5111103057861 184 79
"441" 3 0 -48.4166666666667 -23.4166666666667 246.843743196317 28.9962501525879 198 35
"442" 2 0 -46.25 -20.9166666666667 231.665651558546 29.2145004272461 279 18
"443" 1 0 -53.0833333333333 -29.75 396.506957250429 29.2124996185303 150 104
"444" 2 0 -49.25 -22.9166666666667 244.573892138817 30.0602493286133 193 27
"445" 1 0 -48.9166666666667 -23.4166666666667 247.466861863631 29.630500793457 187 33
"446" 3 0 -40.0833333333333 -17.0833333333333 167.885736546511 29.9307498931885 145 55
"447" 1 0 -54.0833333333333 -29.4166666666667 390.398049367398 29.2102508544922 159 131
"448" 2 0 -40.5833333333333 -17.25 181.223797135413 31.5795001983643 170 34
"449" 1 0 -53.9166666666667 -27.5833333333333 389.57226643963 30.4160003662109 191 133
"450" 1 0 -41.25 -19.75 200.29687003374 31.3812503814697 202 27
"451" 3 0 -42.5833333333333 -17.5833333333333 185.229283129431 29.3632507324219 233 7
"452" 1 0 -42.4166666666667 -21.9166666666667 245.832020093409 29.7817497253418 257 21
"453" 1 0 -46.75 -23.4166666666667 229.674859728908 26.3675003051758 237 36
"454" 1 0 -53.25 -28.9166666666667 377.180193043937 28.8904991149902 157 113
"455" 3 0 -54.25 -30.9166666666667 418.342842615278 29.0084991455078 147 110
"456" 1 0 -43.25 -18.9166666666667 240.671595927409 30.1692504882812 287 12
"457" 1 0 -42.0833333333333 -21.5833333333333 248.903801779154 32.0400009155273 223 18
"458" 2 0 -50.25 -30.4166666666667 345.723911912599 27.5044937133789 148 88
"459" 3 0 -52.4166666666667 -28.4166666666667 362.430465626943 28.5702495574951 182 123
"460" 3 0 -43.75 -22.9166666666667 213.024549832851 32.6867179870605 198 42
"461" 3 0 -53.4166666666667 -28.25 372.831195143722 29.5275001525879 185 128
"462" 3 0 -48.5833333333333 -22.9166666666667 231.132764067115 28.9419994354248 222 34
"463" 1 0 -47.5833333333333 -21.4166666666667 222.133022098754 30.2487506866455 259 25
"464" 1 0 -51.25 -27.5833333333333 335.494750231151 26.3912506103516 185 107
"465" 3 0 -50.25 -24.4166666666667 283.885683791453 28.0209999084473 175 67
"466" 2 0 -49.4166666666667 -23.9166666666667 279.409775369449 29.6574993133545 177 49
"467" 2 0 -52.5833333333333 -29.9166666666667 401.14298989427 29.4985008239746 154 86
"468" 1 0 -46.9166666666667 -23.0833333333333 228.16376697906 27.398250579834 225 29
"469" 3 0 -50.5833333333333 -27.0833333333333 328.175894640015 25.2679996490479 166 93
"470" 1 0 -39.75 -19.0833333333333 190.221762220926 31.1419467926025 174 50
"471" 2 0 -48.5833333333333 -27.9166666666667 309.850196690755 28.9351348876953 190 91
"472" 3 0 -50.9166666666667 -23.5833333333333 271.002945190139 29.4522495269775 193 60
"473" 1 0 -40.5833333333333 -19.75 195.257633102798 30.0230007171631 198 44
"474" 3 0 -50.9166666666667 -25.5833333333333 306.152228748029 26.1825008392334 178 88
"475" 3 0 -54.0833333333333 -29.9166666666667 409.154111177694 30.0657501220703 154 126
"476" 3 0 -39.75 -16.75 157.646706231905 30.3279991149902 135 54
"477" 2 0 -52.9166666666667 -26.0833333333333 341.528672387822 28.5202503204346 210 120
"478" 1 0 -41.25 -17.4166666666667 188.965015391159 31.7827491760254 171 19
"479" 2 0 -52.9166666666667 -24.75 317.952929733061 29.2805004119873 227 82
"480" 3 0 -41.4166666666667 -19.75 202.949001444151 31.8632507324219 204 24
"481" 3 0 -53.5833333333333 -29.9166666666667 406.570808268888 29.8352489471436 145 120
"482" 2 0 -42.0833333333333 -18.0833333333333 197.047218308588 31.7544994354248 215 11
"483" 3 0 -48.9166666666667 -28.0833333333333 304.366488481311 27.4307498931885 203 84
"484" 2 0 -51.4166666666667 -27.75 337.550516136554 26.8064994812012 191 108
"485" 2 0 -53.75 -26.0833333333333 350.475858664312 28.3764991760254 205 115
"486" 2 0 -48.5833333333333 -24.0833333333333 297.715335140215 28.1264991760254 194 43
"487" 2 0 -52.0833333333333 -26.4166666666667 323.114671370609 26.1302509307861 208 114
"488" 3 0 -48.75 -25.75 297.177777986991 28.1262493133545 256 80
"489" 1 0 -44.25 -19.25 206.011517704728 30.8337497711182 267 9
"490" 2 0 -49.25 -24.75 315.649640704244 29.880500793457 147 58
"491" 2 0 -41.4166666666667 -22.0833333333333 204.184910153448 31.3102493286133 155 31
"492" 2 0 -42.75 -22.9166666666667 212.830809078182 30.4030303955078 186 23
"493" 1 0 -53.0833333333333 -30.4166666666667 416.235397156102 29.4107494354248 134 105
"494" 2 0 -48.9166666666667 -26.75 312.962594749983 28.183500289917 220 87
"495" 1 0 -50.0833333333333 -21.9166666666667 268.389543695454 31.1679992675781 198 28
"496" 1 0 -45.0833333333333 -21.4166666666667 235.292241439395 29.6354999542236 293 19
"497" 1 0 -52.75 -29.9166666666667 403.039158956942 29.6175003051758 151 93
"498" 1 0 -43.75 -22.75 221.122526323699 32.2897491455078 220 40
"499" 2 0 -43.5833333333333 -22.0833333333333 227.332425924093 29.2207508087158 223 20
"500" 3 0 -40.9166666666667 -20.0833333333333 205.703444910216 27.794750213623 206 45
"501" 3 0 -41.25 -21.0833333333333 214.320506552139 30.9657497406006 184 30
"502" 1 0 -52.4166666666667 -32.75 406.75579711495 26.8592586517334 116 71
"503" 2 0 -40.75 -20.0833333333333 203.823666449682 28.4985008239746 203 48
"504" 1 0 -43.4166666666667 -20.5833333333333 219.502285582413 28.6585006713867 278 16
"505" 2 0 -51.4166666666667 -30.0833333333333 362.302214246208 28.5615005493164 142 100
"506" 1 0 -50.4166666666667 -22.25 272.418006761689 30.994499206543 197 31
"507" 2 0 -49.9166666666667 -25.4166666666667 297.423959912679 26.8262500762939 214 77
"508" 3 0 -47.75 -20.9166666666667 192.843406198622 29.0397491455078 273 19
"509" 2 0 -53.4166666666667 -26.9166666666667 388.931615489377 29.9132499694824 205 142
"510" 1 0 -42.9166666666667 -17.9166666666667 197.087965690973 28.5287494659424 259 8
"511" 2 0 -53.0833333333333 -25.9166666666667 337.126178194627 28.1917495727539 222 115
"512" 2 0 -52.75 -30.5833333333333 414.211819774185 28.3474998474121 139 102
"513" 1 0 -53.5833333333333 -26.5833333333333 353.036554285012 28.804500579834 201 133
"514" 1 0 -53.9166666666667 -26.9166666666667 379.469719237448 29.5109996795654 190 131
"515" 2 0 -43.25 -18.25 194.630684388289 26.8360004425049 276 12
"516" 2 0 -48.5833333333333 -20.9166666666667 192.588377907521 30.8145008087158 261 18
"517" 1 0 -49.25 -21.75 249.470687790381 31.5457496643066 222 21
"518" 1 0 -40.4166666666667 -19.5833333333333 195.443876854987 31.5362491607666 192 38
"519" 3 0 -50.0833333333333 -24.75 286.637849217911 26.7584991455078 195 83
"520" 3 0 -52.5833333333333 -27.0833333333333 342.545665901906 28.2439994812012 204 133
"521" 1 0 -52.25 -26.75 329.74179285902 27.5900001525879 229 141
"522" 2 0 -44.75 -19.75 205.303559670635 30.5552501678467 306 11
"523" 2 0 -49.9166666666667 -29.25 325.546862753781 27.769250869751 153 98
"524" 1 0 -52.25 -28.25 354.470908920124 27.8537502288818 199 122
"525" 3 0 -43.4166666666667 -20.0833333333333 210.260377638007 28.3425006866455 310 15
"526" 1 0 -51.5833333333333 -29.5833333333333 356.589340444574 28.230749130249 156 98
"527" 2 0 -42.75 -18.0833333333333 209.051533408917 28.6420001983643 266 11
"528" 3 0 -47.5833333333333 -22.9166666666667 244.381022379313 28.64674949646 222 28
"529" 2 0 -53.75 -28.75 374.840956157881 29.5345001220703 179 127
"530" 3 0 -44.25 -22.25 240.308520085739 28.7169990539551 259 18
"531" 1 0 -45.25 -20.9166666666667 231.544850945425 29.84375 297 21
"532" 3 0 -50.75 -24.0833333333333 292.468711442777 28.7210006713867 177 71
"533" 2 0 -53.75 -28.4166666666667 377.151442477941 30.0174999237061 187 129
"534" 3 0 -43.9166666666667 -21.4166666666667 205.227947929581 27.4432506561279 285 17
"535" 2 0 -43.25 -19.25 232.717052776312 30.7325000762939 301 11
"536" 2 0 -43.5833333333333 -22.75 220.468079496702 32.3170013427734 226 47
"537" 2 0 -44.0833333333333 -19.75 184.694330164141 30.2387504577637 302 12
"538" 2 0 -52.0833333333333 -30.5833333333333 391.051211798801 27.1842498779297 137 104
"539" 2 0 -43.0833333333333 -21.25 226.140713490818 30.793249130249 248 13
"540" 3 0 -51.75 -30.75 381.940167585614 27.8955001831055 132 96
"541" 1 0 -52.25 -31.75 402.119886512113 28.2843456268311 136 75
"542" 3 0 -52.9166666666667 -25.5833333333333 344.392591707908 28.9654998779297 220 95
"543" 3 0 -54.5833333333333 -30.75 426.822440465472 29.757999420166 143 113
"544" 1 0 -48.9166666666667 -21.25 211.616444530138 31.1077499389648 237 20
"545" 2 0 -39.9166666666667 -18.5833333333333 180.347506231831 30.9407501220703 169 50
"546" 2 0 -49.75 -22.9166666666667 280.3716565932 31.0132503509521 199 41
"547" 3 0 -43.0833333333333 -22.5833333333333 223.962871608933 29.9217491149902 228 44
"548" 3 0 -53.75 -26.25 341.550602120951 27.8147506713867 197 123
"549" 2 0 -40.9166666666667 -17.4166666666667 185.176375065395 31.746000289917 172 27
"550" 2 0 -44.5833333333333 -21.9166666666667 234.76005953696 28.5440006256104 300 20
"551" 1 0 -52.75 -25.9166666666667 349.594074069889 28.7027492523193 207 113
"552" 2 0 -50.4166666666667 -23.75 281.58699809747 29.7665004730225 183 65
"553" 1 0 -51.0833333333333 -29.0833333333333 326.331030340416 24.8862495422363 187 124
"554" 1 0 -42.9166666666667 -20.4166666666667 231.383149309663 30.8542499542236 257 16
"555" 2 0 -49.4166666666667 -28.75 334.163938238812 29.3505001068115 158 78
"556" 3 0 -39.9166666666667 -18.75 183.999383526575 31.1049995422363 170 45
"557" 2 0 -51.5833333333333 -26.9166666666667 318.895859142694 25.1935005187988 184 105
"558" 3 0 -52.5833333333333 -31.5833333333333 401.033908555691 27.8752498626709 141 86
"559" 2 0 -52.9166666666667 -28.5833333333333 373.795628938585 29.4257507324219 159 117
"560" 2 0 -53.5833333333333 -27.9166666666667 376.88045331359 29.9112491607666 192 132
"561" 2 0 -53.0833333333333 -27.9166666666667 381.539902323654 29.7630004882812 186 126
"562" 1 0 -50.5833333333333 -29.0833333333333 314.786107639438 24.4549999237061 189 130
"563" 1 0 -46.75 -20.75 223.41038818674 29.451000213623 283 14
"564" 3 0 -46.0833333333333 -20.5833333333333 234.114185496064 29.5734996795654 291 17
"565" 2 0 -45.5833333333333 -21.9166666666667 255.8826752678 30.0594997406006 290 23
"566" 1 0 -54.0833333333333 -30.5833333333333 415.91507887871 29.3150005340576 148 112
"567" 2 0 -46.25 -22.75 247.525143991042 27.2237491607666 282 28
"568" 2 0 -44.25 -21.4166666666667 220.132255651462 28.9659996032715 298 15
"569" 1 0 -51.75 -26.25 322.764657811885 25.7882499694824 186 109
"570" 3 0 -48.4166666666667 -24.4166666666667 307.465916722988 28.074499130249 206 54
"571" 1 0 -51.5833333333333 -29.25 343.490194921752 25.9605007171631 158 119
"572" 3 0 -51.4166666666667 -29.4166666666667 344.654414358521 27.2285003662109 154 109
"573" 2 0 -40.0833333333333 -18.75 186.434159896479 31.3179988861084 173 42
"574" 3 0 -48.75 -25.4166666666667 305.27489159286 29.2454299926758 253 69
"575" 1 0 -40.4166666666667 -20.25 201.287162441032 31.0830326080322 198 55
"576" 3 0 -49.0833333333333 -22.75 234.133166602592 30.10325050354 199 25
"577" 3 0 -49.75 -27.9166666666667 303.767847684023 23.673999786377 175 102
"578" 2 0 -42.5833333333333 -21.5833333333333 235.413268119595 30.9832496643066 249 19
"579" 2 0 -50.0833333333333 -27.9166666666667 306.160181194351 23.3059997558594 157 103
"580" 2 0 -54.5833333333333 -29.5833333333333 406.057633777984 30.0437507629395 160 128
"581" 3 0 -48.75 -28.25 304.86313106318 28.5644950866699 174 87
"582" 3 0 -52.4166666666667 -25.4166666666667 311.700050797038 27.0935001373291 196 105
"583" 2 0 -47.9166666666667 -21.5833333333333 222.693231430803 30.4479999542236 242 22
"584" 1 0 -50.5833333333333 -26.0833333333333 335.428690442065 27.1302509307861 166 84
"585" 2 0 -45.9166666666667 -23.4166666666667 249.274475305078 26.8222503662109 238 40
"586" 2 0 -46.5833333333333 -21.9166666666667 226.843896127681 27.1219997406006 305 26
"587" 2 0 -47.9166666666667 -21.75 226.450150715744 29.826000213623 242 23
"588" 3 0 -54.75 -30.25 421.47851044131 29.9850006103516 150 117
"589" 3 0 -48.75 -21.5833333333333 222.096934614103 31.0077495574951 242 18
"590" 3 0 -42.4166666666667 -21.5833333333333 242.486024472337 31.6607494354248 248 20
"591" 1 0 -42.75 -19.5833333333333 211.833720147187 30.4147491455078 278 12
"592" 2 0 -54.4166666666667 -29.25 394.726856083665 29.7604999542236 166 132
"593" 3 0 -50.5833333333333 -24.25 289.57903841823 28.0249996185303 162 70
"594" 1 0 -49.4166666666667 -26.0833333333333 308.442960223731 25.3649997711182 171 78
"595" 1 0 -45.9166666666667 -20.4166666666667 240.114949729807 30.3969993591309 291 18
"596" 3 0 -52.0833333333333 -30.75 395.179241779305 27.6102504730225 133 99
"597" 2 0 -44.9166666666667 -19.4166666666667 207.547051019039 31.9177494049072 267 9
"598" 3 0 -47.0833333333333 -23.0833333333333 225.006561842307 27.7980003356934 225 31
"599" 3 0 -50.5833333333333 -28.75 306.870276810358 25.2560005187988 165 116
"600" 2 0 -42.0833333333333 -19.0833333333333 189.010672028529 32.9555015563965 220 17
"601" 3 0 -46.4166666666667 -21.0833333333333 224.841978535594 28.1082496643066 275 18
"602" 3 0 -42.75 -18.75 236.294012449287 29.1579990386963 297 13
"603" 3 0 -49.25 -24.25 290.861730516276 27.4659996032715 195 51
"604" 3 0 -45.0833333333333 -21.9166666666667 267.889351045528 30.5477504730225 293 18
"605" 3 0 -42.4166666666667 -22.0833333333333 248.006408768024 28.6532497406006 251 24
"606" 3 0 -52.75 -24.5833333333333 301.546018513692 28.911750793457 252 78
"607" 1 0 -48.5833333333333 -26.0833333333333 294.547494644646 29.0645561218262 268 84
"608" 1 0 -48.9166666666667 -25.4166666666667 281.733444838092 27.0277500152588 247 83
"609" 3 0 -50.25 -25.5833333333333 308.520882469028 26.6372509002686 189 76
"610" 3 0 -45.5833333333333 -21.5833333333333 254.963685866909 30.3120002746582 276 22
"611" 3 0 -42.5833333333333 -22.75 220.643635476029 31.0419998168945 178 25
"612" 2 0 -40.5833333333333 -20.4166666666667 202.693838581199 30.0292491912842 195 51
"613" 3 0 -44.75 -22.4166666666667 246.922440799371 25.7674999237061 313 28
"614" 3 0 -43.25 -17.9166666666667 195.872924739193 29.3379993438721 250 8
"615" 3 0 -42.9166666666667 -22.0833333333333 232.556249102492 28.599250793457 276 24
"616" 3 0 -48.4166666666667 -27.4166666666667 313.485618632278 29.0029201507568 186 105
"617" 2 0 -49.9166666666667 -29.75 332.92054223807 27.7299995422363 146 93
"618" 2 0 -52.4166666666667 -27.25 357.22111829557 28.8157501220703 198 129
"619" 2 0 -51.75 -26.5833333333333 317.996656401883 25.02174949646 184 105
"620" 2 0 -51.75 -31.25 388.20270860884 27.8095417022705 133 83
"621" 3 0 -48.0833333333333 -23.0833333333333 244.72641775304 29.7299995422363 209 25
"622" 1 0 -50.75 -28.0833333333333 320.213815267981 25.3570003509521 161 107
"623" 2 0 -52.4166666666667 -29.5833333333333 378.095782616013 28.2942504882812 176 60
"624" 1 0 -48.5833333333333 -22.0833333333333 237.86315628967 30.492000579834 232 20
"625" 1 0 -40.4166666666667 -20.0833333333333 200.929119881336 31.2000007629395 197 53
"626" 3 0 -53.25 -31.25 412.533930401559 28.0084991455078 142 96
"627" 3 0 -52.25 -28.0833333333333 354.766358103431 28.2290000915527 201 122
"628" 2 0 -44.75 -21.0833333333333 222.399252642235 29.1182498931885 364 19
"629" 1 0 -43.9166666666667 -19.9166666666667 184.240976321507 29.7137508392334 320 14
"630" 3 0 -49.0833333333333 -26.5833333333333 311.251625823061 28.3507499694824 214 86
"631" 1 0 -53.5833333333333 -30.5833333333333 411.068185008108 28.4662494659424 145 112
"632" 1 0 -54.25 -31.75 440.837491589181 29.4447498321533 129 96
"633" 3 0 -46.75 -21.75 224.841496622316 27.7207508087158 280 21
"634" 1 0 -47.75 -23.25 245.860359171756 28.58424949646 204 30
"635" 3 0 -49.25 -27.9166666666667 297.240497905307 24.5372505187988 202 98
"636" 2 0 -51.0833333333333 -24.25 296.665415452401 29.0067501068115 181 76
"637" 1 0 -40.4166666666667 -16.5833333333333 167.865831946374 29.2950000762939 130 41
"638" 2 0 -45.25 -20.4166666666667 218.953356643201 29.0319995880127 296 18
"639" 2 0 -52.75 -28.9166666666667 366.895751149234 27.8994998931885 161 103
"640" 2 0 -51.5833333333333 -30.75 378.189672594479 28.0345001220703 131 94
"641" 3 0 -49.25 -23.25 250.508416150413 29.742000579834 186 38
"642" 3 0 -53.5833333333333 -32.25 434.150952222237 28.806999206543 130 86
"643" 2 0 -47.4166666666667 -20.4166666666667 190.574867819379 27.6637496948242 286 18
"644" 2 0 -43.4166666666667 -20.4166666666667 216.998171243878 28.3729991912842 290 17
"645" 3 0 -53.4166666666667 -28.75 373.821752393802 29.349250793457 171 122
"646" 1 0 -50.9166666666667 -27.0833333333333 327.259945601933 25.2180004119873 170 96
"647" 1 0 -45.4166666666667 -21.5833333333333 255.2386890172 30.0982494354248 278 20
"648" 2 0 -50.0833333333333 -23.5833333333333 286.397272751648 30.4629993438721 162 65
"649" 1 0 -53.75 -27.25 396.171832823797 30.2062492370605 195 138
"650" 3 0 -54.5833333333333 -30.0833333333333 417.112716709335 30.0475006103516 152 121
"651" 2 0 -50.4166666666667 -28.0833333333333 311.407392959096 24.3962497711182 150 103
"652" 3 0 -52.4166666666667 -32.25 405.837895613803 27.6870002746582 126 72
"653" 3 0 -53.0833333333333 -26.75 353.269342940479 28.8282508850098 208 147
"654" 1 0 -51.9166666666667 -31.9166666666667 399.846659782529 27.3266906738281 127 66
"655" 1 0 -39.25 -16.9166666666667 157.142997331042 30.289249420166 151 83
"656" 3 0 -40.0833333333333 -19.0833333333333 191.112777952337 31.0762500762939 179 40
"657" 3 0 -52.5833333333333 -32.9166666666667 404.195399376575 26.3882350921631 117 73
"658" 1 0 -46.5833333333333 -21.0833333333333 224.421790626425 28.3449993133545 274 16
"659" 3 0 -49.75 -24.25 284.228871164754 28.5107498168945 206 60
"660" 2 0 -46.0833333333333 -21.4166666666667 239.200467440404 29.986499786377 278 23
"661" 2 0 -48.5833333333333 -27.5833333333333 317.782719900234 29.1561222076416 183 103
"662" 3 0 -44.25 -20.75 204.831417469076 27.8959999084473 311 16
"663" 1 0 -53.4166666666667 -31.5833333333333 414.547008940045 27.5499992370605 140 94
"664" 3 0 -41.0833333333333 -20.75 211.279704199846 31.0195007324219 187 32
"665" 1 0 -51.25 -23.9166666666667 267.941412670875 26.9955005645752 192 73
"666" 3 0 -47.9166666666667 -23.9166666666667 271.544675515499 27.1407508850098 202 43
"667" 2 0 -44.25 -20.25 197.365071929056 29.4839992523193 317 15
"668" 3 0 -53.75 -27.4166666666667 390.899660615815 29.9417495727539 195 137
"669" 3 0 -47.4166666666667 -20.9166666666667 205.213715858781 28.6830005645752 275 19
"670" 2 0 -52.25 -26.25 325.621923000152 26.5904998779297 219 127
"671" 3 0 -47.25 -23.4166666666667 239.299204012468 26.5007495880127 233 35
"672" 1 0 -46.4166666666667 -23.75 242.799301228811 25.9282493591309 293 84
"673" 2 0 -47.25 -21.75 226.543778838594 30.1742496490479 249 18
"674" 1 0 -52.75 -28.4166666666667 367.217411556136 29.0192489624023 170 125
"675" 3 0 -41.0833333333333 -21.75 196.832804208436 32.2142066955566 150 28
"676" 3 0 -45.0833333333333 -21.25 233.007163055369 29.6062507629395 296 22
"677" 3 0 -53.5833333333333 -27.25 399.645086049897 30.369499206543 199 137
"678" 2 0 -49.9166666666667 -28.25 294.387626526898 22.4172496795654 165 105
"679" 2 0 -48.9166666666667 -23.0833333333333 233.353771977149 29.2029991149902 200 34
"680" 3 0 -40.4166666666667 -18.9166666666667 188.533699452758 31.2490005493164 181 37
"681" 1 0 -45.4166666666667 -19.9166666666667 226.236531463038 31.3854999542236 293 12
"682" 1 0 -50.9166666666667 -22.9166666666667 270.314670532548 31.1560001373291 182 41
"683" 1 0 -46.5833333333333 -20.5833333333333 226.125755171494 29.6949996948242 288 13
"684" 1 0 -46.25 -23.0833333333333 242.091168733727 26.1627502441406 256 30
"685" 1 0 -48.25 -22.25 244.205939110468 29.4957504272461 239 23
"686" 1 0 -53.0833333333333 -29.9166666666667 404.163315816237 29.6340007781982 144 107
"687" 3 0 -51.0833333333333 -26.25 338.0016617123 26.7752494812012 166 109
"688" 2 0 -51.9166666666667 -31.4166666666667 398.235375401651 28.0897445678711 134 81
"689" 3 0 -45.75 -23.4166666666667 251.842408749272 26.8754997253418 240 38
"690" 2 0 -46.9166666666667 -23.75 240.622996916936 25.3797492980957 262 53
"691" 1 0 -51.5833333333333 -28.4166666666667 335.344864975281 26.2280006408691 194 119
"692" 1 0 -52.25 -30.4166666666667 399.860565621405 28.2152500152588 136 101
"693" 2 0 -42.9166666666667 -20.5833333333333 236.638058551355 30.02174949646 255 19
"694" 3 0 -52.75 -31.5833333333333 405.70752748919 27.8635005950928 140 88
"695" 1 0 -53.75 -31.75 428.919158094043 29.0655002593994 132 92
"696" 3 0 -48.5833333333333 -27.75 308.038315306751 28.4044437408447 195 96
"697" 2 0 -51.0833333333333 -26.4166666666667 323.483330427943 25.4099998474121 165 100
"698" 1 0 -46.75 -23.9166666666667 249.72270847529 25.6905002593994 304 83
"699" 2 0 -45.5833333333333 -22.5833333333333 281.106211717953 27.6702499389648 299 30
"700" 1 0 -47.0833333333333 -21.25 218.420375420883 28.7639999389648 268 19
"701" 3 0 -42.0833333333333 -19.5833333333333 211.557742756689 30.2292499542236 230 18
"702" 1 0 -53.25 -27.0833333333333 399.618147923456 30.2665004730225 207 139
"703" 3 0 -52.25 -30.0833333333333 397.79842422075 29.2182502746582 147 93
"704" 2 0 -53.4166666666667 -30.25 413.427314659507 29.630500793457 140 112
"705" 2 0 -41.9166666666667 -22.0833333333333 227.08297512456 30.4654998779297 209 28
"706" 3 0 -51.4166666666667 -28.0833333333333 332.091665105933 26.2390003204346 191 113
"707" 3 0 -54.0833333333333 -27.9166666666667 386.473646010947 30.4340000152588 189 134
"708" 1 0 -53.25 -28.25 370.066961660539 29.4395008087158 181 127
"709" 1 0 -51.75 -26.4166666666667 317.180653999541 25.1520004272461 183 106
"710" 2 0 -40.4166666666667 -18.0833333333333 181.998370628112 31.8367500305176 170 36
"711" 2 0 -53.25 -30.75 417.513602091913 28.6637496948242 140 105
"712" 3 0 -49.5833333333333 -21.9166666666667 260.237211622419 31.1172504425049 204 25
"713" 2 0 -39.25 -17.5833333333333 163.323789895076 30.437463760376 172 73
"714" 2 0 -51.0833333333333 -26.0833333333333 327.060326496837 26.0462493896484 170 100
"715" 1 0 -50.75 -24.9166666666667 294.363164753755 27.0715007781982 165 79
"716" 3 0 -50.5833333333333 -29.75 339.504933047146 28.0962505340576 151 98
"717" 1 0 -39.5833333333333 -17.9166666666667 168.77164621912 30.6772499084473 172 86
"718" 1 0 -42.5833333333333 -19.5833333333333 198.227887469875 31.8687496185303 251 11
"719" 1 0 -49.0833333333333 -22.5833333333333 227.138370356297 29.9930000305176 204 25
"720" 3 0 -53.75 -30.5833333333333 411.393644056789 28.5007495880127 148 114
"721" 3 0 -42.5833333333333 -22.25 242.955123828067 26.0037498474121 264 30
"722" 1 0 -53.0833333333333 -29.4166666666667 379.887179224809 27.9120006561279 156 100
"723" 2 0 -40.0833333333333 -18.4166666666667 181.707450172454 31.5227508544922 170 45
"724" 2 0 -42.5833333333333 -19.25 202.455484728581 30.9482498168945 266 14
"725" 2 0 -49.75 -23.4166666666667 276.844842913856 30.181999206543 172 47
"726" 1 0 -40.75 -17.25 182.916373743095 31.714750289917 171 29
"727" 1 0 -48.25 -24.4166666666667 300.522446895058 29.3939990997314 216 52
"728" 2 0 -46.9166666666667 -20.4166666666667 213.398840663053 29.2992496490479 286 13
"729" 1 0 -40.25 -19.0833333333333 192.297496788418 31.3134994506836 182 38
"730" 2 0 -40.0833333333333 -16.75 165.206033709756 29.6377506256104 123 50
"731" 1 0 -47.0833333333333 -23.4166666666667 236.549497821331 26.5512504577637 233 36
"732" 2 0 -49.25 -28.5833333333333 320.210143701258 29.148250579834 173 79
"733" 2 0 -41.9166666666667 -22.75 209.160784464896 29.8675441741943 154 35
"734" 1 0 -49.4166666666667 -24.5833333333333 296.057703052014 27.9610004425049 193 66
"735" 3 0 -52.0833333333333 -29.75 382.789803375581 29.1822490692139 163 74
"736" 3 0 -52.4166666666667 -29.0833333333333 359.767979198627 27.1224994659424 170 87
"737" 2 0 -51.25 -27.9166666666667 329.795336116602 25.8577499389648 185 111
"738" 3 0 -52.75 -32.75 405.966190074332 26.6312503814697 120 75
"739" 3 0 -50.75 -27.9166666666667 321.712771357347 25.0512504577637 162 108
"740" 3 0 -39.5833333333333 -18.0833333333333 171.141727765187 30.687629699707 190 85
"741" 2 0 -39.4166666666667 -17.9166666666667 165.726722703922 30.4427356719971 178 85
"742" 1 0 -48.5833333333333 -26.25 292.766165983981 28.6477279663086 272 84
"743" 1 0 -39.9166666666667 -16.9166666666667 162.422553661934 30.4942493438721 135 54
"744" 2 0 -52.75 -30.75 413.670915655187 28.2964992523193 141 100
"745" 3 0 -45.9166666666667 -22.4166666666667 250.321055590288 29.6229991912842 269 28
"746" 1 0 -48.75 -23.4166666666667 245.564869110717 29.5682506561279 197 34
"747" 2 0 -54.75 -29.25 397.683131865292 29.7409992218018 166 134
"748" 1 0 -39.75 -18.25 174.166412251831 30.7455005645752 178 72
"749" 3 0 -50.0833333333333 -24.0833333333333 280.317112017524 28.6644992828369 178 58
"750" 2 0 -51.25 -29.5833333333333 351.414673439865 28.5427494049072 150 105
"751" 1 0 -52.9166666666667 -27.75 370.947465355445 29.2592506408691 188 126
"752" 3 0 -51.25 -29.4166666666667 343.354181724097 27.5047492980957 152 111
"753" 2 0 -47.9166666666667 -22.9166666666667 246.066868994476 29.64674949646 215 25
"754" 3 0 -54.0833333333333 -31.25 418.222747562669 28.7905006408691 147 105
"755" 1 0 -43.75 -21.4166666666667 200.359932822718 26.933500289917 286 19
"756" 2 0 -46.75 -20.4166666666667 217.384390165517 28.8577499389648 290 13
"757" 1 0 -45.0833333333333 -22.0833333333333 278.916387323741 30.25950050354 288 20
"758" 3 0 -43.9166666666667 -20.9166666666667 205.093223071478 27.7497501373291 284 15
"759" 1 0 -51.0833333333333 -24.9166666666667 311.611958697363 28.5952491760254 176 80
"760" 3 0 -50.5833333333333 -30.75 352.962555374831 27.5322856903076 146 87
"761" 2 0 -45.9166666666667 -23.75 245.406806862902 29.0760955810547 333 106
"762" 2 0 -46.4166666666667 -20.75 231.862699043325 30.1377506256104 284 14
"763" 2 0 -50.25 -25.9166666666667 321.419516450166 26.6867504119873 181 73
"764" 1 0 -51.9166666666667 -31.0833333333333 393.635256884913 28.1415004730225 135 89
"765" 3 0 -42.25 -22.9166666666667 213.967518732785 29.2265625 154 29
"766" 3 0 -52.5833333333333 -28.4166666666667 366.354383729619 28.8285007476807 175 127
"767" 3 0 -52.4166666666667 -31.0833333333333 407.991834999026 28.0515003204346 140 91
"768" 2 0 -45.5833333333333 -21.25 246.178222870356 30.0289993286133 274 23
"769" 1 0 -42.25 -21.75 244.583186682445 31.8537502288818 237 19
"770" 1 0 -45.25 -21.0833333333333 237.626114748108 29.9872493743896 288 22
"771" 3 0 -42.25 -20.5833333333333 236.111714017097 28.9325008392334 236 18
"772" 3 0 -49.0833333333333 -25.9166666666667 294.583375852657 25.0532493591309 201 83
"773" 3 0 -52.0833333333333 -32.25 403.248012782816 27.2000007629395 124 64
"774" 3 0 -42.4166666666667 -17.9166666666667 199.397383087764 30.1294994354248 237 10
"775" 1 0 -49.9166666666667 -24.9166666666667 290.807605453198 27.0009994506836 201 84
"776" 2 0 -43.4166666666667 -22.0833333333333 225.669865556549 29.0480003356934 230 24
"777" 3 0 -49.25 -24.0833333333333 290.502009962162 28.9899997711182 182 46
"778" 2 0 -53.9166666666667 -31.5833333333333 429.166649269926 29.3757495880127 136 97
"779" 1 0 -47.25 -21.5833333333333 228.312024897699 30.2697505950928 252 20
"780" 2 0 -44.5833333333333 -21.25 222.897578355172 29.0387496948242 334 17
"781" 1 0 -51.9166666666667 -23.75 294.934720209865 29.4109992980957 190 60
"782" 1 0 -45.75 -22.0833333333333 253.257391826103 30.3997497558594 278 25
"783" 1 0 -49.0833333333333 -26.0833333333333 298.292637767774 25.2162494659424 205 84
"784" 2 0 -40.9166666666667 -17.5833333333333 184.575165489908 31.8857498168945 173 26
"785" 2 0 -43.4166666666667 -20.75 220.383573955796 29.2492504119873 270 17
"786" 1 0 -50.5833333333333 -30.9166666666667 358.330942179324 27.4197673797607 155 86
"787" 1 0 -51.25 -30.4166666666667 363.398137925461 28.1757469177246 132 94
"788" 1 0 -45.75 -23.25 248.798999592948 27.5497493743896 227 26
"789" 2 0 -49.0833333333333 -27.4166666666667 309.091568634141 26.2709999084473 211 90
"790" 3 0 -40.0833333333333 -16.5833333333333 165.642760630552 30.0690002441406 113 43
"791" 1 0 -45.4166666666667 -20.0833333333333 225.539471617442 30.5224990844727 292 15
"792" 3 0 -47.9166666666667 -23.5833333333333 256.173136715941 28.2152500152588 191 37
"793" 2 0 -43.25 -19.5833333333333 222.351851593512 29.1107501983643 335 12
"794" 3 0 -53.0833333333333 -28.5833333333333 375.152353695807 29.4729995727539 165 119
"795" 3 0 -40.0833333333333 -18.5833333333333 182.978098665511 31.3659992218018 171 43
"796" 2 0 -48.75 -26.0833333333333 294.843674136714 28.7905368804932 259 82
"797" 1 0 -51.9166666666667 -29.4166666666667 373.026372445656 29.1075000762939 168 75
"798" 1 0 -46.9166666666667 -23.4166666666667 232.078482383892 26.2600002288818 235 37
"799" 2 0 -40.25 -18.75 186.847933120768 31.456750869751 175 39
"800" 2 0 -52.25 -24.9166666666667 300.411417298336 27.5909996032715 204 90
"801" 1 0 -49.9166666666667 -24.4166666666667 279.222445522636 26.918249130249 205 69
"802" 3 0 -54.9166666666667 -30.0833333333333 422.396855443567 30.1867504119873 151 118
"803" 1 0 -51.4166666666667 -30.4166666666667 366.892127890411 28.1772499084473 134 97
"804" 1 0 -47.75 -21.9166666666667 221.751547914044 28.9909992218018 247 24
"805" 3 0 -48.4166666666667 -27.5833333333333 310.180035908472 28.4716053009033 184 106
"806" 3 0 -46.25 -20.4166666666667 236.539132413911 30.1842498779297 295 15
"807" 1 0 -50.5833333333333 -28.25 312.752266223747 25.1457500457764 155 104
"808" 2 0 -43.75 -19.75 189.850788096242 29.7097492218018 312 11
"809" 3 0 -51.9166666666667 -27.5833333333333 351.862127583364 28.2719993591309 197 122
"810" 2 0 -51.75 -29.75 369.674293007128 28.7814998626709 156 89
"811" 2 0 -49.0833333333333 -23.25 241.593306077939 29.7117500305176 177 31
"812" 3 0 -41.5833333333333 -20.4166666666667 222.927932131373 29.150749206543 214 26
"813" 2 0 -45.9166666666667 -22.75 284.494075110964 25.9060001373291 324 34
"814" 1 0 -43.5833333333333 -20.5833333333333 208.748745700572 26.9527492523193 291 15
"815" 1 0 -49.9166666666667 -28.9166666666667 308.432484781246 25.8799991607666 168 108
"816" 1 0 -49.5833333333333 -26.25 310.947268273414 25.869499206543 172 81
"817" 3 0 -52.25 -30.75 403.764241273596 28.1882495880127 134 98
"818" 2 0 -50.4166666666667 -24.0833333333333 280.768374935186 28.1464996337891 175 64
"819" 1 0 -51.5833333333333 -24.75 291.419661257514 27.3472499847412 203 86
"820" 3 0 -41.75 -21.75 227.282827633688 29.3972492218018 206 26
"821" 3 0 -50.9166666666667 -30.0833333333333 351.028611055616 28.4169998168945 144 93
"822" 2 0 -51.5833333333333 -27.25 342.324108630694 27.5057506561279 198 104
"823" 2 0 -49.4166666666667 -27.75 307.002835487661 24.8924999237061 195 99
"824" 1 0 -40.25 -16.9166666666667 170.299239378091 29.746000289917 138 50
"825" 1 0 -52.5833333333333 -30.25 412.132271905977 29.7462501525879 138 98
"826" 2 0 -53.9166666666667 -26.75 369.206714531002 29.3092498779297 191 129
"827" 3 0 -52.0833333333333 -26.5833333333333 321.781653788587 26.1087493896484 209 115
"828" 2 0 -53.0833333333333 -25.5833333333333 353.657410247108 29.308500289917 229 101
"829" 1 0 -47.0833333333333 -21.0833333333333 214.43955448427 28.4260005950928 273 18
"830" 1 0 -42.5833333333333 -20.5833333333333 236.268658786674 29.5844993591309 246 17
"831" 1 0 -40.9166666666667 -19.25 191.505248257687 30.2194995880127 194 32
"832" 3 0 -52.75 -26.0833333333333 343.132846559688 28.3819999694824 203 116
"833" 2 0 -52.0833333333333 -28.9166666666667 352.370616806068 26.7474994659424 161 120
"834" 1 0 -51.5833333333333 -26.25 319.919231678005 25.5160007476807 179 110
"835" 3 0 -41.5833333333333 -19.5833333333333 201.755401986867 31.9532508850098 204 20
"836" 3 0 -52.5833333333333 -24.75 310.466432304246 28.9627494812012 244 82
"837" 1 0 -43.4166666666667 -21.0833333333333 216.632322412243 29.0925006866455 271 19
"838" 1 0 -52.75 -27.9166666666667 360.289363798994 28.8632507324219 186 125
"839" 3 0 -43.9166666666667 -21.9166666666667 218.797143339167 27.193000793457 272 19
"840" 2 0 -39.4166666666667 -17.0833333333333 157.694778142196 30.3850002288818 149 70
"841" 1 0 -49.75 -22.75 272.382891848759 30.8222503662109 205 39
"842" 3 0 -50.75 -30.0833333333333 347.726369101058 28.24049949646 147 92
"843" 2 0 -52.4166666666667 -29.75 391.040620756962 29.0812492370605 166 71
"844" 2 0 -52.75 -30.9166666666667 415.401536623226 28.2487506866455 142 96
"845" 3 0 -47.4166666666667 -22.25 238.076202068415 29.5057506561279 249 21
"846" 1 0 -53.0833333333333 -30.25 414.24398884944 29.7317504882812 138 106
"847" 3 0 -48.5833333333333 -21.4166666666667 209.548482429804 30.7479991912842 245 17
"848" 2 0 -53.9166666666667 -30.75 414.172507912722 28.8227500915527 150 113
"849" 1 0 -50.0833333333333 -25.25 298.605350896362 27.4907493591309 203 77
"850" 2 0 -50.4166666666667 -22.5833333333333 268.945119992738 30.4104995727539 196 38
"851" 1 0 -52.9166666666667 -31.9166666666667 416.40831609276 28.8110008239746 133 84
"852" 2 0 -53.0833333333333 -31.25 412.0138932034 27.8917503356934 141 95
"853" 3 0 -42.9166666666667 -21.75 229.778006503948 29.2709999084473 271 20
"854" 3 0 -53.25 -31.9166666666667 416.791925573307 28.2164993286133 134 87
"855" 2 0 -48.25 -23.4166666666667 249.452501797228 28.8882503509521 199 33
"856" 3 0 -43.5833333333333 -20.4166666666667 204.487935587301 26.0667495727539 304 15
"857" 1 0 -44.5833333333333 -20.9166666666667 212.384937246583 28.3502502441406 352 17
"858" 2 0 -43.4166666666667 -18.25 189.987454229255 27.2077503204346 269 7
"859" 2 0 -51.75 -22.9166666666667 265.303719861859 30.1992492675781 175 45
"860" 1 0 -52.9166666666667 -26.25 328.147937064348 28.1294994354248 206 130
"861" 3 0 -46.4166666666667 -22.25 225.765445969274 28.789249420166 277 27
"862" 3 0 -53.25 -26.25 310.656734450504 27.8402500152588 209 128
"863" 3 0 -47.0833333333333 -23.75 242.129960594088 25.5997505187988 258 52
"864" 2 0 -39.5833333333333 -17.75 167.074083177743 30.7182502746582 160 74
"865" 2 0 -45.9166666666667 -21.9166666666667 237.682221259225 29.338249206543 292 29
"866" 1 0 -41.5833333333333 -20.9166666666667 225.583538187973 29.0779991149902 211 29
"867" 1 0 -42.9166666666667 -18.75 236.617734552324 28.892749786377 300 13
"868" 2 0 -40.4166666666667 -17.9166666666667 181.210757661777 31.8442497253418 168 35
"869" 1 0 -48.25 -22.5833333333333 245.18037704921 29.9715003967285 232 28
"870" 1 0 -48.9166666666667 -28.75 310.097578879222 29.2999992370605 162 96
"871" 1 0 -41.4166666666667 -17.0833333333333 183.774632709224 29.5727500915527 172 16
"872" 2 0 -49.75 -29.0833333333333 332.29524057861 28.294750213623 150 91
"873" 2 0 -41.75 -17.4166666666667 182.24167092073 28.9557495117188 192 14
"874" 3 0 -50.75 -31.0833333333333 364.665035316464 27.3969230651855 148 84
"875" 3 0 -50.0833333333333 -27.5833333333333 324.237045055577 25.144250869751 162 98
"876" 2 0 -44.9166666666667 -22.5833333333333 240.487731231811 29.9262504577637 262 22
"877" 3 0 -49.5833333333333 -25.5833333333333 296.986568298862 26.3242492675781 178 71
"878" 1 0 -42.5833333333333 -21.4166666666667 233.670743148432 31.8657493591309 232 16
"879" 3 0 -50.0833333333333 -27.75 317.126514750674 24.5582504272461 158 98
"880" 1 0 -40.5833333333333 -17.9166666666667 182.059709058358 31.7614994049072 171 33
"881" 1 0 -50.4166666666667 -26.0833333333333 331.975867410668 27.0602493286133 171 80
"882" 1 0 -52.0833333333333 -23.4166666666667 292.914540513672 28.4074993133545 155 47
"883" 3 0 -52.9166666666667 -28.0833333333333 367.665468332508 29.1860008239746 179 126
"884" 3 0 -54.75 -29.75 414.38713377175 30.2517490386963 158 124
"885" 2 0 -50.5833333333333 -23.25 263.494096964831 30.0457496643066 170 53
"886" 3 0 -43.4166666666667 -18.75 228.801116399408 29.4069995880127 279 14
"887" 2 0 -42.4166666666667 -20.9166666666667 237.684554204412 29.8465003967285 242 19
"888" 2 0 -48.25 -24.5833333333333 301.929194650334 30.7957496643066 229 52
"889" 2 0 -50.75 -25.75 318.985765777262 26.536750793457 170 83
"890" 3 0 -49.25 -27.5833333333333 306.208966967712 25.0757503509521 204 95
"891" 2 0 -48.25 -24.9166666666667 304.497344811484 27.0767498016357 257 64
"892" 3 0 -50.75 -28.5833333333333 309.188028686738 25.0372505187988 168 114
"893" 1 0 -46.75 -20.25 205.679055438682 27.414249420166 300 16
"894" 2 0 -49.0833333333333 -22.0833333333333 232.362211317984 30.8994998931885 207 26
"895" 3 0 -42.9166666666667 -22.9166666666667 210.886550398527 31.1229362487793 187 23
"896" 3 0 -44.4166666666667 -22.5833333333333 233.418186517808 29.7800006866455 264 22
"897" 2 0 -39.25 -17.9166666666667 163.821071289824 30.182222366333 183 78
"898" 2 0 -50.75 -25.9166666666667 326.392349204825 26.5682506561279 167 84
"899" 1 0 -46.9166666666667 -22.75 233.589785399855 28.1415004730225 227 27
"900" 2 0 -44.5833333333333 -19.4166666666667 206.742098781115 31.4217510223389 261 10
"901" 2 0 -44.0833333333333 -22.75 235.462515679425 29.1912498474121 245 25
"902" 3 0 -45.5833333333333 -22.0833333333333 258.017406979926 29.9820003509521 283 23
"903" 3 0 -43.25 -19.0833333333333 235.411494162441 29.9610004425049 298 12
"904" 1 0 -42.75 -19.0833333333333 219.518321426769 30.8735008239746 278 12
"905" 2 0 -53.9166666666667 -29.25 385.568682489497 29.21875 164 131
"906" 3 0 -49.4166666666667 -25.5833333333333 293.791100116509 26.367000579834 183 70
"907" 1 0 -50.4166666666667 -27.4166666666667 327.309395674647 24.9362506866455 161 100
"908" 2 0 -44.4166666666667 -20.9166666666667 211.268193541494 28.1380004882812 330 15
"909" 1 0 -50.4166666666667 -24.4166666666667 288.762715951063 28.2280006408691 162 68
"910" 3 0 -45.5833333333333 -20.75 237.844992124856 30.1984996795654 282 19
"911" 2 0 -49.4166666666667 -24.25 286.457483556354 27.5967502593994 201 54
"912" 1 0 -48.9166666666667 -24.9166666666667 301.140766090743 27.1455001831055 202 67
"913" 2 0 -53.5833333333333 -28.75 373.501704953931 29.380500793457 176 125
"914" 1 0 -44.5833333333333 -21.5833333333333 222.039451478865 28.3682498931885 312 19
"915" 3 0 -42.25 -22.5833333333333 222.494579820247 31.6639995574951 172 29
"916" 3 0 -39.0833333333333 -17.75 162.64546986272 30.3933334350586 181 68
"917" 1 0 -44.0833333333333 -22.25 238.460306081967 29.0692501068115 248 18
"918" 3 0 -49.9166666666667 -25.9166666666667 308.841088962993 26.4217510223389 164 72
"919" 3 0 -44.4166666666667 -21.75 231.648038832271 28.9297504425049 294 19
"920" 3 0 -43.0833333333333 -19.9166666666667 223.247900353235 29.8715000152588 306 14
"921" 1 0 -45.4166666666667 -23.0833333333333 246.026116829457 27.9857501983643 225 21
"922" 3 0 -44.5833333333333 -20.75 207.015425409275 28.1422500610352 338 16
"923" 3 0 -45.75 -24.0833333333333 251.03980830841 29.2000007629395 334 110
"924" 1 0 -48.0833333333333 -23.4166666666667 250.519508922794 28.5965003967285 199 33
"925" 3 0 -45.25 -21.25 240.787533105276 29.8392505645752 283 22
"926" 1 0 -45.9166666666667 -20.75 235.853191154836 29.5855007171631 284 19
"927" 1 0 -51.9166666666667 -29.5833333333333 374.663848769572 29.1075000762939 165 75
"928" 2 0 -42.9166666666667 -18.0833333333333 204.327536942814 28.1812496185303 269 11
"929" 2 0 -50.25 -23.0833333333333 283.863132823517 31.003999710083 166 49
"930" 2 0 -46.0833333333333 -23.5833333333333 249.265313097784 26.2057495117188 262 61
"931" 3 0 -50.25 -30.25 342.561592791352 27.6299591064453 146 89
"932" 2 0 -52.5833333333333 -31.25 405.706092379423 27.2430000305176 143 91
"933" 3 0 -48.75 -26.5833333333333 307.940490892063 29.240779876709 237 83
"934" 1 0 -50.5833333333333 -29.9166666666667 343.536625827831 28.338249206543 146 94
"935" 3 0 -47.5833333333333 -22.25 239.480709819466 29.5349998474121 247 21
"936" 2 0 -39.0833333333333 -16.9166666666667 158.500104994182 30.4446430206299 148 79
"937" 1 0 -44.25 -19.75 188.797470229588 30.1800003051758 305 13
"938" 3 0 -46.75 -21.0833333333333 220.590144045592 28.0832500457764 275 17
"939" 1 0 -49.0833333333333 -21.75 238.810038400476 31.4912490844727 225 20
"940" 2 0 -44.0833333333333 -21.75 216.78833289242 27.2689990997314 291 18
"941" 3 0 -44.0833333333333 -21.9166666666667 220.918376923143 26.757999420166 287 20
"942" 3 0 -52.5833333333333 -24.5833333333333 297.603361827242 28.5932502746582 253 81
"943" 3 0 -48.4166666666667 -21.4166666666667 208.296301005082 30.0895004272461 244 17
"944" 2 0 -53.25 -30.5833333333333 418.622089000006 29.3705005645752 137 107
"945" 3 0 -54.0833333333333 -28.25 386.941963462992 30.7584991455078 188 133
"946" 3 0 -51.5833333333333 -23.25 270.298455079936 28.4815006256104 178 50
"947" 2 0 -51.5833333333333 -23.75 284.390820989514 28.8959999084473 190 64
"948" 1 0 -42.25 -21.0833333333333 239.798311810489 31.7152500152588 251 19
"949" 3 0 -41.25 -19.5833333333333 198.049516916262 32.0270004272461 198 25
"950" 3 0 -41.9166666666667 -18.5833333333333 188.523607220402 32.6749992370605 209 17
"951" 2 0 -49.4166666666667 -26.75 315.42029142748 26.9347496032715 188 86
"952" 2 0 -50.9166666666667 -24.4166666666667 297.153498846794 28.3242492675781 171 79
"953" 3 0 -50.9166666666667 -24.5833333333333 292.601150641619 27.5337505340576 168 81
"954" 3 0 -43.9166666666667 -22.4166666666667 240.779674914358 29.4549999237061 241 21
"955" 3 0 -42.9166666666667 -20.9166666666667 234.227059170199 29.7127494812012 249 19
"956" 2 0 -47.9166666666667 -22.5833333333333 247.949260623089 29.3010005950928 244 26
"957" 3 0 -40.25 -19.4166666666667 194.782685048218 31.3699989318848 187 36
"958" 3 0 -48.9166666666667 -25.0833333333333 290.154485906265 26.5087509155273 223 76
"959" 3 0 -45.9166666666667 -20.0833333333333 249.157526129307 31.5755004882812 283 14
"960" 2 0 -46.9166666666667 -22.0833333333333 234.953422609196 29.7255001068115 252 21
"961" 1 0 -42.5833333333333 -18.5833333333333 231.04574638 29.1502494812012 285 14
"962" 3 0 -44.25 -22.75 237.050571743082 27.6814994812012 258 28
"963" 1 0 -41.25 -18.9166666666667 186.760150843013 31.3257503509521 193 22
"964" 2 0 -45.5833333333333 -20.4166666666667 232.646144703402 30.3232498168945 281 17
"965" 2 0 -53.4166666666667 -30.4166666666667 412.454248650193 28.9265003204346 140 112
"966" 3 0 -53.0833333333333 -30.75 415.109541435865 28.3125 140 104
"967" 1 0 -52.75 -32.25 410.26562658178 27.8497505187988 125 77
"968" 2 0 -51.9166666666667 -27.25 341.492365250676 27.6429996490479 200 123
"969" 3 0 -45.0833333333333 -23.5833333333333 244.53742592936 30.1416664123535 312 95
"970" 3 0 -48.75 -20.9166666666667 197.673942251642 31.261999130249 256 18
"971" 3 0 -53.25 -28.0833333333333 370.655378752712 29.3882503509521 185 128
"972" 2 0 -43.9166666666667 -21.0833333333333 205.672862757134 27.6770000457764 282 16
"973" 1 0 -52.4166666666667 -31.25 402.440999437994 27.4405002593994 142 89
"974" 3 0 -48.5833333333333 -22.5833333333333 242.504079531601 29.9155006408691 225 29
"975" 3 0 -39.75 -16.9166666666667 160.256127231687 30.742000579834 140 56
"976" 2 0 -39.75 -19.5833333333333 194.504860669599 30.9230766296387 185 52
"977" 1 0 -51.5833333333333 -30.9166666666667 382.16104063099 27.9759998321533 132 90
"978" 3 0 -46.25 -22.9166666666667 246.647100029201 26.5114994049072 273 28
"979" 1 0 -50.75 -22.4166666666667 267.179606345522 31.1957492828369 201 35
"980" 2 0 -47.4166666666667 -21.25 220.127120231114 30.1477508544922 258 21
"981" 2 0 -40.9166666666667 -18.5833333333333 186.15988293773 31.2660007476807 184 26
"982" 3 0 -51.5833333333333 -30.25 368.411249251295 27.6947498321533 141 104
"983" 2 0 -51.5833333333333 -23.4166666666667 274.771770115176 28.5022506713867 181 52
"984" 2 0 -46.0833333333333 -23.25 241.655773450947 27.4010009765625 229 32
"985" 2 0 -53.5833333333333 -27.5833333333333 388.445145297824 30.0494995117188 196 134
"986" 2 0 -52.4166666666667 -32.9166666666667 404.696202018165 26.5499992370605 117 71
"987" 1 0 -50.25 -26.5833333333333 329.049657489575 26.4362506866455 165 84
"988" 2 0 -53.9166666666667 -30.4166666666667 410.501382060432 28.7522506713867 149 115
"989" 3 0 -51.25 -28.75 326.917619019536 25.4440002441406 187 119
"990" 2 0 -49.75 -28.75 321.468028791802 27.6979999542236 163 90
"991" 2 0 -41.4166666666667 -21.4166666666667 212.643407090021 32.0082511901855 185 25
"992" 1 0 -49.25 -24.5833333333333 310.030104994889 28.9302501678467 170 61
"993" 3 0 -52.9166666666667 -26.75 359.666101516704 28.9257507324219 209 148
"994" 3 0 -46.4166666666667 -21.5833333333333 227.545805872748 29.4092502593994 275 20
"995" 1 0 -42.75 -21.4166666666667 228.409292547206 31.5709991455078 240 13
"996" 2 0 -41.75 -20.9166666666667 230.433713442357 29.769250869751 217 24
"997" 3 0 -49.9166666666667 -27.75 313.956651256737 24.4397506713867 166 100
"998" 1 0 -45.5833333333333 -22.25 261.82426983433 29.6709995269775 277 24
"999" 1 0 -39.5833333333333 -17.5833333333333 165.527362448041 30.8072490692139 145 65
"1000" 1 0 -41.0833333333333 -21.4166666666667 203.170609698183 31.7640228271484 160 28
